5 0.2421875 0.1125 0.0390625 0.0875
0 0.17265625 0.21171875 0.02734375 0.0328125
2 0.10625 0.18359375 0.0234375 0.0390625
3 0.21796875 0.2859375 0.03046875 0.04375
0 0.36875 0.30703125 0.025 0.0359375
0 0.45703125 0.3921875 0.0265625 0.0375
0 0.6109375 0.80078125 0.04140625 0.0390625
0 0.75 0.74765625 0.0234375 0.0671875
1 0.7828125 0.6515625 0.0234375 0.096875
0 0.59453125 0.9609375 0.025 0.075
0 0.26796875 0.85234375 0.03984375 0.0546875
3 0.29296875 0.0734375 0.02734375 0.0375
3 0.02578125 0.08984375 0.028125 0.0453125