5 0.11328125 0.36796875 0.0421875 0.0984375
3 0.16484375 0.31640625 0.02734375 0.0421875
0 0.26328125 0.52578125 0.02890625 0.0359375
0 0.3625 0.58125 0.028125 0.0375
0 0.340625 0.68203125 0.034375 0.0453125
0 0.45625 0.8171875 0.03046875 0.065625
0 0.7484375 0.93046875 0.03359375 0.0703125
3 0.10078125 0.55390625 0.034375 0.0390625
0 0.23515625 0.0984375 0.01953125 0.025
0 0.3515625 0.0484375 0.0234375 0.025
0 0.36953125 0.01171875 0.02265625 0.0234375
0 0.2421875 0.08203125 0.021875 0.0203125
0 0.24921875 0.07109375 0.01953125 0.0234375
0 0.25546875 0.05234375 0.0234375 0.0265625
0 0.19140625 0.065625 0.01796875 0.025
0 0.209375 0.06796875 0.01953125 0.0296875
0 0.26640625 0.03671875 0.02109375 0.0265625
0 0.275 0.02265625 0.021875 0.0234375
0 0.28515625 0.009375 0.02265625 0.01875
0 0.73515625 0.9859375 0.02734375 0.025