0 0.29140625 0.63359375 0.02890625 0.0328125
0 0.25625 0.7296875 0.0359375 0.0375
0 0.371875 0.79375 0.0359375 0.046875
0 0.7140625 0.8859375 0.03515625 0.065625
0 0.7015625 0.9484375 0.0421875 0.06875
0 0.184375 0.60390625 0.03046875 0.0328125
3 0.01484375 0.68046875 0.02890625 0.0359375
3 0.0609375 0.415625 0.028125 0.046875
5 0.01484375 0.48046875 0.02890625 0.1078125
0 0.0859375 0.14765625 0.01875 0.0359375
0 0.06796875 0.15078125 0.015625 0.0328125
0 0.11484375 0.17109375 0.02265625 0.0234375
0 0.1234375 0.153125 0.0234375 0.025
0 0.128125 0.1375 0.02265625 0.021875
0 0.13359375 0.1171875 0.0265625 0.021875
0 0.17890625 0.02578125 0.021875 0.0234375
0 0.165625 0.05 0.02265625 0.021875
0 0.16015625 0.06484375 0.025 0.0203125
0 0.15234375 0.08203125 0.025 0.0203125
0 0.14453125 0.10078125 0.02265625 0.0234375
0 0.23515625 0.0953125 0.0265625 0.028125
0 0.234375 0.025 0.01484375 0.028125
0 0.25 0.05390625 0.025 0.0265625
0 0.259375 0.02734375 0.0234375 0.0203125
0 0.26328125 0.01171875 0.02578125 0.0203125
0 0.05625 0.14296875 0.015625 0.0203125
0 0.090625 0.04375 0.02265625 0.021875