0 0.5671875 0.7390625 0.04140625 0.040625
0 0.74609375 0.59921875 0.01875 0.0609375
1 0.79140625 0.50390625 0.0328125 0.0921875
0 0.6171875 0.97734375 0.028125 0.0421875
0 0.45703125 0.32890625 0.0265625 0.0359375
0 0.36875 0.2453125 0.0265625 0.040625
0 0.2015625 0.16875 0.02734375 0.034375
3 0.21484375 0.2234375 0.03046875 0.04375
5 0.23828125 0.0515625 0.04140625 0.0875
3 0.29140625 0.015625 0.03046875 0.03125
2 0.103125 0.12109375 0.0265625 0.0390625
2 0.01953125 0.02578125 0.02890625 0.0453125
0 0.0265625 0.0109375 0.025 0.021875
0 0.27109375 0.77734375 0.0375 0.0515625