0 0.75703125 0.940625 0.03359375 0.071875
0 0.48359375 0.84765625 0.02890625 0.0703125
0 0.378125 0.68203125 0.034375 0.0453125
0 0.38515625 0.5703125 0.028125 0.034375
0 0.28984375 0.50703125 0.02734375 0.0359375
3 0.12890625 0.5203125 0.034375 0.040625
3 0.2 0.2921875 0.028125 0.04375
5 0.146875 0.34140625 0.0421875 0.0890625
2 0.01015625 0.440625 0.0203125 0.0375
0 0.271875 0.08046875 0.0203125 0.0234375
0 0.28125 0.06796875 0.02265625 0.0234375
0 0.2875 0.053125 0.02109375 0.021875
0 0.29453125 0.0375 0.02265625 0.025
0 0.3890625 0.03984375 0.0234375 0.0296875
0 0.4078125 0.00859375 0.02265625 0.0171875
0 0.30546875 0.0234375 0.02109375 0.025
0 0.3140625 0.0109375 0.02109375 0.021875
0 0.24921875 0.05078125 0.01953125 0.0296875
0 0.23203125 0.04921875 0.015625 0.0328125