0 0.4390625 0.79609375 0.03203125 0.0609375
0 0.321875 0.67890625 0.03515625 0.0453125
0 0.35546875 0.5875 0.0296875 0.034375
0 0.74765625 0.93828125 0.0359375 0.0734375
0 0.7328125 0.98515625 0.0328125 0.0265625
0 0.2546875 0.53203125 0.03046875 0.0359375
3 0.090625 0.5640625 0.03515625 0.040625
5 0.10390625 0.3796875 0.040625 0.096875
3 0.1546875 0.32578125 0.02734375 0.0421875
0 0.3390625 0.0515625 0.0234375 0.025
0 0.221875 0.1046875 0.0203125 0.021875
0 0.23046875 0.090625 0.02265625 0.021875
0 0.2359375 0.075 0.02109375 0.021875
0 0.2421875 0.05859375 0.0234375 0.0234375
0 0.25234375 0.04140625 0.02109375 0.0203125
0 0.2609375 0.02890625 0.02109375 0.0234375
0 0.27109375 0.0125 0.021875 0.021875
0 0.196875 0.075 0.01875 0.03125
0 0.1796875 0.075 0.0140625 0.028125
0 0.35546875 0.01640625 0.0234375 0.0265625