0 0.51484375 0.89140625 0.02734375 0.0734375
0 0.76875 0.95234375 0.0328125 0.0734375
0 0.41484375 0.5609375 0.02734375 0.0375
0 0.32265625 0.48671875 0.02734375 0.0359375
3 0.165625 0.48515625 0.0328125 0.0453125
2 0.05078125 0.39296875 0.02734375 0.0390625
0 0.42265625 0.6921875 0.03359375 0.046875
3 0.24140625 0.26640625 0.02578125 0.0390625
5 0.1890625 0.30859375 0.0421875 0.0953125
0 0.31875 0.06640625 0.0203125 0.0265625
0 0.32890625 0.05 0.02109375 0.028125
0 0.334375 0.0375 0.0203125 0.021875
0 0.3421875 0.021875 0.021875 0.025
0 0.35390625 0.0109375 0.0203125 0.021875
0 0.43515625 0.03125 0.021875 0.025
0 0.45390625 0.00625 0.0234375 0.0125