1 0.78671875 0.55625 0.02578125 0.09375
0 0.74609375 0.65234375 0.01953125 0.0609375
0 0.58203125 0.76484375 0.040625 0.0390625
0 0.6078125 0.97734375 0.03046875 0.0421875
0 0.27109375 0.8125 0.04140625 0.05
0 0.36953125 0.26640625 0.028125 0.0390625
0 0.45703125 0.35078125 0.0265625 0.0390625
3 0.215625 0.24609375 0.03046875 0.0453125
0 0.1921875 0.18359375 0.02734375 0.0328125
2 0.10390625 0.14140625 0.02578125 0.0390625
5 0.240625 0.06953125 0.03984375 0.0859375
3 0.2921875 0.0296875 0.028125 0.04375
2 0.021875 0.0453125 0.0296875 0.046875
0 0.01328125 0.0125 0.025 0.025