2 0.0296875 0.14609375 0.028125 0.0453125
2 0.109375 0.2390625 0.025 0.040625
0 0.15546875 0.253125 0.0265625 0.034375
3 0.2171875 0.3390625 0.0296875 0.04375
5 0.24375 0.1671875 0.0390625 0.0875
3 0.2953125 0.13046875 0.028125 0.0421875
0 0.36875 0.36015625 0.025 0.0390625
0 0.45625 0.44453125 0.0265625 0.0390625
0 0.82265625 0.5328125 0.02890625 0.046875
0 0.7859375 0.7515625 0.03203125 0.1
0 0.759375 0.84921875 0.0265625 0.0703125
0 0.6359375 0.85 0.04140625 0.0375
0 0.57890625 0.93671875 0.02578125 0.0765625
0 0.2640625 0.90390625 0.0375 0.0515625