0 0.78828125 0.7 0.025 0.059375
1 0.8015625 0.9140625 0.04296875 0.109375
0 0.67109375 0.9515625 0.0421875 0.05
0 0.55703125 0.91328125 0.0265625 0.0765625
0 0.25859375 0.9828125 0.03515625 0.03125
0 0.45546875 0.52421875 0.0265625 0.0359375
0 0.36796875 0.44140625 0.02578125 0.0390625
3 0.2171875 0.41953125 0.0296875 0.0421875
2 0.11015625 0.31953125 0.0234375 0.0390625
0 0.13046875 0.309375 0.025 0.034375
3 0.296875 0.2125 0.02890625 0.0375
5 0.24453125 0.25078125 0.040625 0.0859375
2 0.03359375 0.2265625 0.028125 0.04375
0 0.01171875 0.04921875 0.01953125 0.0265625
0 0.3796875 0.01953125 0.01953125 0.0234375
0 0.3890625 0.01015625 0.021875 0.0203125