0 0.14765625 0.2890625 0.01953125 0.0375
0 0.0296875 0.39921875 0.02578125 0.0453125
0 0.071875 0.359375 0.01875 0.0375
0 0.0890625 0.34296875 0.01796875 0.0359375
0 0.32421875 0.209375 0.02734375 0.03125
0 0.2734375 0.25234375 0.0296875 0.0328125
2 0.32890625 0.1015625 0.01953125 0.0375
3 0.4921875 0.0625 0.025 0.034375
0 0.60234375 0.3703125 0.0265625 0.04375
0 0.603125 0.4328125 0.02734375 0.04375
0 0.42109375 0.66015625 0.03515625 0.0453125
0 0.76171875 0.678125 0.02734375 0.059375
0 0.71796875 0.7609375 0.02265625 0.065625
0 0.07734375 0.9765625 0.04375 0.04375