0 0.93203125 0.69453125 0.03359375 0.0390625
0 0.82421875 0.63984375 0.03046875 0.0515625
0 0.76796875 0.68359375 0.02734375 0.0578125
0 0.6640625 0.4234375 0.0265625 0.046875
0 0.61328125 0.4109375 0.02578125 0.046875
0 0.33515625 0.2015625 0.025 0.040625
0 0.27265625 0.24375 0.0140625 0.021875
0 0.18671875 0.24609375 0.0203125 0.0328125
0 0.06796875 0.3375 0.02265625 0.04375
0 0.109375 0.303125 0.01875 0.0375
0 0.1265625 0.28828125 0.015625 0.0359375
0 0.44375 0.63828125 0.034375 0.0390625
2 0.36875 0.0765625 0.01640625 0.034375
3 0.5328125 0.05234375 0.0234375 0.0328125