3 0.38359375 0.39375 0.03046875 0.065625
0 0.44921875 0.31875 0.02734375 0.05
0 0.35 0.36015625 0.03203125 0.0578125
0 0.31328125 0.60859375 0.03203125 0.0578125
0 0.29140625 0.69609375 0.0296875 0.0546875
0 0.2578125 0.2875 0.03359375 0.034375
0 0.50234375 0.26171875 0.02109375 0.0546875
0 0.60703125 0.3265625 0.03046875 0.046875
0 0.65390625 0.3953125 0.02890625 0.05
1 0.7125 0.5390625 0.03359375 0.1
0 0.54609375 0.06171875 0.02265625 0.0453125
0 0.18828125 0.80859375 0.03203125 0.0609375
0 0.96015625 0.87265625 0.02890625 0.0671875