1 0.6984375 0.53203125 0.034375 0.0953125
0 0.63515625 0.38515625 0.02890625 0.0515625
0 0.5875 0.31796875 0.0296875 0.0453125
0 0.4875 0.234375 0.01953125 0.05625
0 0.5265625 0.0453125 0.02109375 0.04375
0 0.34921875 0.3328125 0.02890625 0.05625
3 0.3828125 0.36328125 0.02890625 0.0640625
0 0.41796875 0.35078125 0.02734375 0.0515625
0 0.2296875 0.3 0.0328125 0.03125
0 0.290625 0.6375 0.0328125 0.059375
0 0.26171875 0.74375 0.0296875 0.05625
0 0.2046875 0.765625 0.028125 0.059375
0 0.94765625 0.83203125 0.02734375 0.0609375