0 0.06640625 0.484375 0.0328125 0.028125
0 0.24296875 0.53984375 0.034375 0.0265625
0 0.0046875 0.12734375 0.009375 0.0171875
0 0.0078125 0.10859375 0.01484375 0.0203125
0 0.009375 0.09453125 0.01875 0.0171875
0 0.0390625 0.01015625 0.025 0.0140625
0 0.0265625 0.04375 0.021875 0.021875
0 0.034375 0.02578125 0.0234375 0.0171875
0 0.0203125 0.05859375 0.0234375 0.0171875
0 0.01328125 0.07578125 0.0265625 0.0234375
0 0.11015625 0.03203125 0.02890625 0.0203125
0 0.51640625 0.8125 0.034375 0.059375
0 0.6171875 0.87109375 0.03984375 0.0453125
0 0.14921875 0.9640625 0.0390625 0.06875
0 0.9671875 0.95078125 0.02734375 0.0703125