2 0.790625 0.46484375 0.0328125 0.0453125
0 0.75 0.4703125 0.028125 0.04375
0 0.69453125 0.51640625 0.028125 0.0484375
0 0.70234375 0.62578125 0.0328125 0.0390625
0 0.575 0.42265625 0.0296875 0.0390625
0 0.45703125 0.35234375 0.0265625 0.0390625
3 0.37109375 0.05703125 0.02578125 0.0328125
2 0.20390625 0.13046875 0.0203125 0.0390625
0 0.08203125 0.371875 0.02109375 0.025
0 0.1578125 0.3 0.01875 0.021875
0 0.02421875 0.3640625 0.02578125 0.040625
0 0.3453125 0.6703125 0.034375 0.05
0 0.3265625 0.81953125 0.03984375 0.0515625