2 0.0484375 0.20234375 0.04296875 0.0640625
0 0.13671875 0.5140625 0.02890625 0.04375
0 0.23828125 0.4265625 0.03359375 0.046875
0 0.27421875 0.47265625 0.028125 0.0421875
0 0.32265625 0.52890625 0.03203125 0.0453125
0 0.35234375 0.56796875 0.0359375 0.0515625
0 0.4015625 0.621875 0.0359375 0.053125
0 0.2125 0.6109375 0.0296875 0.04375
0 0.28515625 0.6984375 0.0390625 0.059375
0 0.32578125 0.74765625 0.034375 0.0546875
0 0.40703125 0.85078125 0.0375 0.0546875
0 0.50390625 0.74375 0.0359375 0.053125
0 0.48671875 0.9578125 0.0390625 0.053125
0 0.64375 0.75 0.03671875 0.053125
0 0.65546875 0.71328125 0.03984375 0.0515625
0 0.73671875 0.68984375 0.02734375 0.0640625
0 0.58828125 0.9796875 0.02734375 0.034375
0 0.64765625 0.9828125 0.034375 0.03125
0 0.74609375 0.9125 0.02734375 0.078125
0 0.98203125 0.909375 0.0296875 0.0625
0 0.96875 0.96875 0.02734375 0.059375
0 0.7984375 0.178125 0.0203125 0.04375
0 0.78359375 0.215625 0.015625 0.0375