0 0.078125 0.37421875 0.034375 0.0421875
0 0.21171875 0.428125 0.0359375 0.04375
0 0.29453125 0.490625 0.034375 0.04375
0 0.27109375 0.54609375 0.0359375 0.0484375
0 0.3640625 0.55 0.0359375 0.04375
0 0.3984375 0.63828125 0.03515625 0.0453125
0 0.45859375 0.62890625 0.0390625 0.0484375
0 0.4671875 0.67265625 0.03671875 0.0453125
0 0.45 0.6984375 0.034375 0.046875
0 0.48359375 0.72578125 0.034375 0.0453125
0 0.53671875 0.68984375 0.0375 0.0515625
0 0.86328125 0.54296875 0.0234375 0.0609375
2 0.871875 0.91953125 0.04921875 0.0578125
4 0.91171875 0.2015625 0.05 0.146875