0 0.01171875 0.10078125 0.02265625 0.0421875
0 0.00546875 0.2796875 0.0109375 0.03125
0 0.0875 0.19296875 0.02890625 0.0390625
0 0.22109375 0.16328125 0.0328125 0.0421875
0 0.20703125 0.18984375 0.0296875 0.0453125
0 0.16953125 0.40703125 0.034375 0.0515625
0 0.05390625 0.3515625 0.03203125 0.04375
4 0.14921875 0.4453125 0.08828125 0.121875
0 0.51953125 0.77109375 0.03515625 0.0640625
0 0.4625 0.4875 0.0296875 0.0625
0 0.46484375 0.41875 0.0328125 0.059375
0 0.4703125 0.35 0.02578125 0.053125
0 0.490625 0.30390625 0.02890625 0.0546875
0 0.52734375 0.23984375 0.02578125 0.0515625
0 0.55546875 0.240625 0.0265625 0.05
0 0.61796875 0.103125 0.025 0.053125
0 0.5921875 0.071875 0.02578125 0.053125