0 0.578125 0.01484375 0.02578125 0.0296875
0 0.55 0.0671875 0.025 0.040625
0 0.50234375 0.1625 0.0234375 0.040625
0 0.45625 0.24296875 0.02734375 0.0515625
0 0.01484375 0.33125 0.0296875 0.05
3 0.171875 0.34921875 0.0390625 0.0640625
0 0.06875 0.4125 0.02890625 0.04375
2 0.22265625 0.43203125 0.04375 0.0703125
2 0.12890625 0.66953125 0.0296875 0.0671875
0 0.3171875 0.64296875 0.02890625 0.0484375
0 0.40859375 0.696875 0.03515625 0.053125
0 0.30234375 0.77578125 0.02890625 0.0453125
0 0.3796875 0.9 0.0328125 0.053125
0 0.446875 0.753125 0.0296875 0.046875
0 0.44609375 0.98671875 0.02890625 0.0234375
0 0.4953125 0.825 0.0328125 0.053125
0 0.5265625 0.875 0.0359375 0.0625
0 0.578125 0.94765625 0.0375 0.0640625
0 0.990625 0.5421875 0.01640625 0.05625