4 0.7203125 0.125 0.053125 0.140625
0 0.65859375 0.46015625 0.02265625 0.0609375
2 0.6875 0.85625 0.046875 0.05625
0 0.64453125 0.87578125 0.03359375 0.0484375
0 0.00546875 0.34453125 0.0109375 0.0296875
0 0.071875 0.465625 0.03671875 0.040625
0 0.20234375 0.5203125 0.034375 0.05
0 0.19375 0.5578125 0.034375 0.040625
0 0.25234375 0.54921875 0.040625 0.0484375
0 0.240625 0.61484375 0.0359375 0.0421875
0 0.32890625 0.6078125 0.0390625 0.046875
0 0.27265625 0.640625 0.03515625 0.046875
0 0.8828125 0.70859375 0.03046875 0.0390625