0 0.04375 0.396875 0.0375 0.040625
0 0.08515625 0.50234375 0.03515625 0.0390625
0 0.22578125 0.56953125 0.034375 0.0515625
0 0.2078125 0.59609375 0.0375 0.0421875
0 0.26875 0.58515625 0.03984375 0.0484375
0 0.25703125 0.65390625 0.034375 0.0453125
0 0.2890625 0.6796875 0.03515625 0.040625
0 0.34765625 0.646875 0.0390625 0.05
4 0.73984375 0.159375 0.05078125 0.14375
0 0.67734375 0.49765625 0.0234375 0.0640625
2 0.69609375 0.88984375 0.046875 0.0578125
0 0.71328125 0.9625 0.03515625 0.05
0 0.90546875 0.753125 0.03046875 0.04375