2 0.01171875 0.203125 0.02265625 0.0625
0 0.190625 0.4234375 0.03203125 0.046875
0 0.228125 0.47109375 0.02890625 0.0421875
0 0.27421875 0.528125 0.0296875 0.046875
0 0.303125 0.56484375 0.034375 0.0484375
0 0.3515625 0.621875 0.0359375 0.05
0 0.453125 0.74296875 0.034375 0.0484375
0 0.08671875 0.51015625 0.0296875 0.0453125
0 0.16328125 0.60859375 0.03046875 0.0453125
0 0.2359375 0.69921875 0.0390625 0.0609375
0 0.27578125 0.74921875 0.0359375 0.0578125
0 0.35546875 0.84921875 0.03515625 0.0546875
0 0.434375 0.9578125 0.0375 0.053125
0 0.521875 0.96796875 0.03984375 0.0578125
0 0.59296875 0.74765625 0.0375 0.0609375
0 0.60703125 0.71328125 0.0375 0.0546875
0 0.6875 0.68828125 0.02734375 0.0609375
0 0.69375 0.91171875 0.0265625 0.0734375
0 0.915625 0.96640625 0.028125 0.0609375
0 0.93203125 0.90859375 0.02734375 0.0609375
0 0.96640625 0.82109375 0.02890625 0.0640625
0 0.7546875 0.1765625 0.02109375 0.04375