0 0.0140625 0.3265625 0.028125 0.040625
3 0.11640625 0.253125 0.0421875 0.059375
2 0.1703125 0.3234375 0.04375 0.0625
2 0.10546875 0.4265625 0.028125 0.0625
0 0.26640625 0.63671875 0.028125 0.0328125
0 0.36796875 0.55234375 0.034375 0.0453125
0 0.40859375 0.60234375 0.03046875 0.0453125
0 0.34765625 0.74921875 0.0296875 0.0453125
0 0.45859375 0.65859375 0.03203125 0.0453125
0 0.4890625 0.70078125 0.0359375 0.0546875
0 0.425 0.84140625 0.03984375 0.0609375
0 0.46796875 0.8953125 0.03515625 0.059375
0 0.54140625 0.75859375 0.0359375 0.0546875
0 0.559375 0.86171875 0.03359375 0.0484375
0 0.65234375 0.88984375 0.0375 0.0546875
0 0.5515625 0.98359375 0.028125 0.0234375
0 0.79921875 0.89921875 0.03515625 0.0515625
0 0.81640625 0.8640625 0.02578125 0.040625
0 0.8921875 0.8265625 0.02890625 0.065625
0 0.39453125 0.11328125 0.02578125 0.0515625
0 0.43671875 0.02890625 0.0234375 0.0453125
0 0.934375 0.2796875 0.02109375 0.046875
0 0.92265625 0.321875 0.021875 0.04375