0 0.74765625 0.17265625 0.01796875 0.0234375
0 0.665625 0.153125 0.015625 0.021875
0 0.70859375 0.17890625 0.0140625 0.0171875
0 0.73359375 0.18359375 0.01875 0.0265625
0 0.71484375 0.20546875 0.01953125 0.0265625
0 0.69375 0.225 0.01953125 0.028125
0 0.72734375 0.19296875 0.01953125 0.0265625
0 0.65078125 0.16328125 0.015625 0.0203125
0 0.590625 0.215625 0.01484375 0.021875
0 0.60078125 0.2109375 0.01640625 0.01875
0 0.61484375 0.19296875 0.01796875 0.0265625
0 0.625 0.18515625 0.01484375 0.0203125
0 0.634375 0.17890625 0.01484375 0.0234375
0 0.64609375 0.171875 0.01640625 0.021875
0 0.5984375 0.12734375 0.01796875 0.0203125
0 0.57578125 0.18671875 0.01796875 0.0171875
0 0.20859375 0.1796875 0.015625 0.025
2 0.29921875 0.296875 0.01640625 0.0375
2 0.31328125 0.296875 0.01875 0.028125
2 0.3515625 0.37421875 0.01640625 0.0359375
0 0.121875 0.03828125 0.01328125 0.0203125
0 0.22109375 0.04765625 0.0125 0.0171875
0 0.24765625 0.09296875 0.01171875 0.0171875
3 0.51015625 0.34140625 0.02265625 0.0296875
0 0.525 0.56875 0.021875 0.0375
2 0.56171875 0.6234375 0.03359375 0.0625
0 0.5953125 0.6859375 0.028125 0.046875
0 0.2703125 0.51328125 0.0265625 0.0296875
0 0.04140625 0.65546875 0.021875 0.0453125
0 0.0859375 0.61484375 0.01953125 0.0390625
0 0.1671875 0.55234375 0.02109375 0.0359375
0 0.10546875 0.6015625 0.01875 0.04375
0 0.95 0.03125 0.015625 0.015625
0 0.85390625 0.00625 0.01328125 0.0125
0 0.8921875 0.03046875 0.0125 0.0203125
0 0.9 0.03828125 0.009375 0.0140625
2 0.9109375 0.03984375 0.0125 0.0203125
3 0.91953125 0.0484375 0.01171875 0.015625
0 0.928125 0.0578125 0.0125 0.015625
0 0.94765625 0.06796875 0.01328125 0.0171875
0 0.9375 0.0640625 0.01171875 0.015625
0 0.95625 0.075 0.0125 0.015625
0 0.875 0.0203125 0.0125 0.01875
0 0.86328125 0.0125 0.01171875 0.015625