0 0.04296875 0.2671875 0.03359375 0.04375
0 0.078125 0.3078125 0.028125 0.0375
0 0.12109375 0.359375 0.03046875 0.04375
0 0.14765625 0.396875 0.03359375 0.05
0 0.19296875 0.446875 0.034375 0.05
0 0.0125 0.43359375 0.025 0.0453125
0 0.15859375 0.53515625 0.03671875 0.0515625
0 0.07734375 0.5171875 0.0390625 0.05625
0 0.11328125 0.5625 0.03515625 0.053125
0 0.18828125 0.65703125 0.0359375 0.0515625
0 0.2875 0.55859375 0.034375 0.0515625
0 0.26015625 0.75625 0.0390625 0.053125
0 0.421875 0.56015625 0.03359375 0.0546875
0 0.4359375 0.52734375 0.03515625 0.0515625
0 0.51171875 0.70546875 0.03203125 0.0734375
4 0.4515625 0.94453125 0.10625 0.1046875
0 0.72421875 0.76171875 0.028125 0.0640625
0 0.7421875 0.70546875 0.028125 0.0578125
0 0.78046875 0.625 0.0265625 0.0625
0 0.83984375 0.4234375 0.02578125 0.05625