0 0.03359375 0.29609375 0.0328125 0.0484375
0 0.08671875 0.38125 0.02890625 0.046875
3 0.1890625 0.325 0.0390625 0.065625
2 0.23671875 0.409375 0.04375 0.06875
2 0.12734375 0.66796875 0.0328125 0.0640625
0 0.28125 0.55390625 0.0296875 0.0484375
0 0.60078125 0.01953125 0.025 0.0390625
0 0.57265625 0.07265625 0.02734375 0.0484375
0 0.521875 0.16640625 0.02578125 0.0453125
0 0.47265625 0.24296875 0.02734375 0.0515625
0 0.415625 0.68984375 0.03359375 0.0546875
0 0.30859375 0.7609375 0.02890625 0.05
0 0.453125 0.75 0.0296875 0.05
0 0.38203125 0.88984375 0.0296875 0.0546875
0 0.49921875 0.825 0.0328125 0.05625
0 0.52890625 0.87578125 0.0359375 0.0609375
0 0.446875 0.9828125 0.0296875 0.028125
0 0.57890625 0.95234375 0.03671875 0.0671875