0 0.0078125 0.0453125 0.01484375 0.040625
0 0.015625 0.11484375 0.01484375 0.0359375
0 0.021875 0.15859375 0.0203125 0.0515625
0 0.04375 0.3453125 0.01953125 0.05
0 0.05703125 0.421875 0.021875 0.0625
0 0.07890625 0.5625 0.02109375 0.05625
0 0.09296875 0.6875 0.02265625 0.065625
0 0.31953125 0.98828125 0.028125 0.0203125
0 0.365625 0.9625 0.03515625 0.040625
0 0.42421875 0.91640625 0.034375 0.0453125
0 0.46328125 0.88671875 0.03984375 0.0515625
0 0.5203125 0.8359375 0.04140625 0.05
0 0.64140625 0.94921875 0.0375 0.0515625
0 0.6359375 0.7421875 0.03671875 0.05
0 0.73203125 0.88125 0.0390625 0.053125
0 0.51640625 0.0234375 0.01875 0.04375
0 0.528125 0.0640625 0.0203125 0.04375
0 0.7234375 0.384375 0.02578125 0.059375
0 0.896875 0.11328125 0.021875 0.0515625
0 0.9171875 0.19375 0.02578125 0.05625
0 0.934375 0.24296875 0.02578125 0.0515625