0 0.09375 0.0109375 0.0203125 0.021875
0 0.14453125 0.14609375 0.025 0.0484375
0 0.18203125 0.24453125 0.02265625 0.0453125
3 0.2828125 0.22734375 0.0296875 0.0671875
2 0.3171875 0.321875 0.0375 0.075
0 0.27734375 0.3125 0.02265625 0.04375
2 0.14765625 0.5734375 0.034375 0.059375
0 0.83515625 0.0171875 0.01875 0.034375
0 0.7171875 0.06953125 0.0265625 0.0359375
0 0.6828125 0.11328125 0.0296875 0.0421875
0 0.6203125 0.1875 0.0296875 0.040625
0 0.5625 0.24921875 0.03046875 0.0484375
0 0.34375 0.684375 0.02578125 0.046875
0 0.45390625 0.659375 0.02890625 0.059375
0 0.39765625 0.8390625 0.0265625 0.05625
0 0.4828125 0.73359375 0.028125 0.0546875
0 0.51953125 0.82578125 0.0296875 0.0609375
0 0.54140625 0.8875 0.03203125 0.06875
0 0.45234375 0.9703125 0.03515625 0.053125
0 0.58125 0.9703125 0.034375 0.053125