3 0.0984375 0.20625 0.040625 0.059375
2 0.15390625 0.2734375 0.04375 0.0625
2 0.078125 0.3375 0.0328125 0.059375
0 0.00625 0.28203125 0.0125 0.0328125
0 0.346875 0.5 0.0328125 0.046875
0 0.38671875 0.54765625 0.02890625 0.0421875
0 0.32734375 0.690625 0.02890625 0.046875
0 0.246875 0.58515625 0.02578125 0.0296875
0 0.4359375 0.6046875 0.03046875 0.04375
0 0.46640625 0.64453125 0.0359375 0.0515625
0 0.5171875 0.7 0.03515625 0.053125
0 0.40234375 0.78203125 0.03984375 0.0609375
0 0.44453125 0.83359375 0.0359375 0.0578125
0 0.53046875 0.9390625 0.03671875 0.05625
0 0.59453125 0.871875 0.03203125 0.046875
0 0.6265625 0.82890625 0.03671875 0.0546875
0 0.7703125 0.83359375 0.0359375 0.0578125
0 0.78359375 0.7984375 0.03515625 0.053125
0 0.86328125 0.76953125 0.02734375 0.0671875
0 0.375 0.0703125 0.0265625 0.053125
0 0.90859375 0.2359375 0.021875 0.04375
0 0.89765625 0.27734375 0.0203125 0.0453125