0 0.00546875 0.01953125 0.0109375 0.0359375
0 0.0265625 0.05390625 0.02578125 0.0328125
0 0.0671875 0.09765625 0.02578125 0.0359375
0 0.09296875 0.13125 0.0328125 0.04375
0 0.134375 0.175 0.0328125 0.046875
0 0.025 0.23515625 0.03671875 0.0515625
0 0.05859375 0.27734375 0.0359375 0.0484375
0 0.12734375 0.359375 0.0359375 0.05
0 0.221875 0.2734375 0.0328125 0.04375
0 0.346875 0.2734375 0.0328125 0.053125
0 0.359375 0.24375 0.03359375 0.05
0 0.42890625 0.4 0.028125 0.0625
0 0.4359375 0.671875 0.03515625 0.059375
4 0.36796875 0.609375 0.096875 0.1125
0 0.62421875 0.446875 0.02578125 0.05625
0 0.64375 0.39765625 0.028125 0.0546875
0 0.68046875 0.32734375 0.0265625 0.0515625
0 0.740625 0.15234375 0.02734375 0.0546875
0 0.86171875 0.01015625 0.01953125 0.0203125