0 0.0046875 0.19453125 0.00859375 0.0265625
0 0.07890625 0.2875 0.0296875 0.04375
0 0.0453125 0.46015625 0.0359375 0.0453125
0 0.2046875 0.28671875 0.03203125 0.0515625
0 0.21875 0.2578125 0.03515625 0.046875
0 0.284375 0.4125 0.02890625 0.059375
4 0.2125 0.62578125 0.09609375 0.1140625
0 0.28046875 0.68828125 0.034375 0.0546875
0 0.48046875 0.4625 0.025 0.053125
0 0.5 0.4125 0.02734375 0.053125
0 0.5390625 0.34453125 0.028125 0.0546875
0 0.625 0.29296875 0.02578125 0.0484375
0 0.60625 0.16484375 0.0265625 0.0515625