0 0.009375 0.2171875 0.01875 0.03125
0 0.02578125 0.25625 0.03203125 0.0375
0 0.16171875 0.48984375 0.0296875 0.0390625
0 0.3578125 0.59140625 0.03515625 0.0453125
0 0.4140625 0.63125 0.03515625 0.04375
0 0.46796875 0.6765625 0.0359375 0.046875
0 0.48515625 0.753125 0.0359375 0.046875
0 0.54453125 0.740625 0.03984375 0.05
0 0.5375 0.81328125 0.0359375 0.0484375
0 0.5734375 0.840625 0.03515625 0.04375
0 0.60078125 0.825 0.03671875 0.05
0 0.62890625 0.80390625 0.0390625 0.0515625
0 0.95546875 0.64453125 0.025 0.0640625
4 0.98125 0.29765625 0.03515625 0.1484375