0 0.01171875 0.21640625 0.0234375 0.0328125
0 0.14375 0.4515625 0.03203125 0.04375
0 0.321875 0.53828125 0.03515625 0.0421875
0 0.3390625 0.61953125 0.03046875 0.0453125
0 0.38671875 0.5859375 0.03515625 0.04375
0 0.44375 0.63359375 0.0359375 0.0453125
0 0.46484375 0.71328125 0.034375 0.0453125
0 0.5234375 0.70078125 0.0390625 0.0484375
0 0.51640625 0.77109375 0.0359375 0.0453125
0 0.55078125 0.80078125 0.034375 0.0453125
0 0.5625 0.76796875 0.0375 0.0453125
0 0.60625 0.76328125 0.03984375 0.0484375
0 0.93125 0.60703125 0.0234375 0.0609375
2 0.95078125 0.98046875 0.05625 0.0359375
4 0.96953125 0.265625 0.05078125 0.146875