0 0.0984375 0.4109375 0.0328125 0.046875
0 0.13359375 0.45625 0.028125 0.0375
0 0.17890625 0.509375 0.0296875 0.04375
0 0.20703125 0.54921875 0.03515625 0.0515625
0 0.25390625 0.60234375 0.034375 0.0515625
0 0.35234375 0.72265625 0.03515625 0.0515625
0 0.0671875 0.59296875 0.0296875 0.0453125
0 0.1359375 0.6796875 0.04140625 0.0625
0 0.17421875 0.72890625 0.0390625 0.0546875
0 0.253125 0.828125 0.0359375 0.05
0 0.3359375 0.84453125 0.0390625 0.0546875
0 0.328125 0.934375 0.0375 0.053125
0 0.4921875 0.725 0.0359375 0.059375
0 0.50546875 0.68828125 0.0375 0.0546875
0 0.5859375 0.66328125 0.0296875 0.0609375
0 0.5875 0.88203125 0.0296875 0.0796875
0 0.809375 0.93984375 0.0296875 0.0671875
0 0.8265625 0.8796875 0.028125 0.065625
0 0.8640625 0.7921875 0.028125 0.065625
0 0.92265625 0.5796875 0.028125 0.059375
0 0.66328125 0.153125 0.01796875 0.040625