0 0.540625 0.634375 0.03671875 0.05
0 0.63125 0.0078125 0.0203125 0.015625
0 0.5890625 0.01328125 0.025 0.0265625
0 0.575 0.11484375 0.0265625 0.0484375
0 0.5265625 0.1625 0.025 0.05
0 0.4890625 0.2265625 0.02578125 0.053125
0 0.4703125 0.27109375 0.02578125 0.0546875
0 0.4875 0.29453125 0.02890625 0.0546875
0 0.4640625 0.39765625 0.02890625 0.0640625
0 0.22421875 0.08828125 0.03203125 0.0453125
0 0.21171875 0.1171875 0.0296875 0.05
0 0.0953125 0.11953125 0.0296875 0.0390625
0 0.14765625 0.28984375 0.034375 0.0515625
0 0.06875 0.278125 0.021875 0.03125
4 0.15625 0.359375 0.08515625 0.11875
0 0.015625 0.03203125 0.0296875 0.0421875
0 0.01015625 0.19921875 0.0203125 0.0390625