0 0.0484375 0.509375 0.03203125 0.05
0 0.15 0.425 0.034375 0.046875
0 0.18671875 0.4703125 0.0296875 0.046875
0 0.23359375 0.52421875 0.02890625 0.0390625
0 0.26171875 0.56484375 0.0375 0.0578125
0 0.3109375 0.6203125 0.0375 0.059375
0 0.4109375 0.740625 0.0359375 0.053125
0 0.12109375 0.6078125 0.03359375 0.05
0 0.19296875 0.69453125 0.04140625 0.0578125
0 0.23203125 0.746875 0.0390625 0.05625
0 0.3109375 0.84765625 0.03984375 0.0578125
0 0.38984375 0.95 0.0390625 0.05
0 0.453125 0.93828125 0.0421875 0.0640625
0 0.55078125 0.74296875 0.03671875 0.0609375
0 0.5640625 0.71015625 0.0390625 0.0546875
0 0.64921875 0.90546875 0.028125 0.0734375
0 0.7171875 0.17109375 0.02109375 0.0421875