0 0.01328125 0.12578125 0.0265625 0.0421875
0 0.1015625 0.05390625 0.02734375 0.0390625
0 0.2171875 0.05078125 0.02890625 0.0453125
0 0.2296875 0.02578125 0.03203125 0.0453125
0 0.121875 0.18203125 0.03359375 0.0484375
4 0.1625 0.284375 0.08359375 0.1125
0 0.075 0.2046875 0.0234375 0.03125
0 0.56171875 0.5296875 0.0390625 0.034375
0 0.465625 0.315625 0.02890625 0.059375
0 0.50859375 0.17578125 0.0296875 0.0546875
0 0.4703125 0.19765625 0.0234375 0.0546875
0 0.4890625 0.1546875 0.0265625 0.05
0 0.525 0.09609375 0.025 0.0515625
0 0.59375 0.0125 0.025 0.025