0 0.52890625 0.01328125 0.0265625 0.0265625
0 0.50546875 0.06171875 0.02890625 0.0578125
0 0.4625 0.16875 0.0234375 0.046875
0 0.41953125 0.25703125 0.0265625 0.0515625
3 0.13671875 0.40390625 0.04140625 0.0609375
0 0.034375 0.48515625 0.03203125 0.0421875
2 0.190625 0.478125 0.05 0.065625
2 0.12421875 0.69375 0.025 0.06875
0 0.975 0.425 0.0203125 0.046875
0 0.9640625 0.46953125 0.0234375 0.0515625
0 0.39453125 0.715625 0.034375 0.05
0 0.29140625 0.8140625 0.03046875 0.04375
0 0.4359375 0.7671875 0.03046875 0.046875
0 0.409375 0.815625 0.0328125 0.05
0 0.37578125 0.92421875 0.03359375 0.0515625
0 0.48828125 0.82734375 0.03359375 0.0515625
0 0.52109375 0.871875 0.0375 0.053125
0 0.575 0.93359375 0.040625 0.0578125