0 0.040625 0.0640625 0.0265625 0.053125
0 0.11953125 0.16484375 0.0234375 0.0453125
0 0.103125 0.2078125 0.028125 0.05
0 0.17265625 0.20078125 0.02265625 0.0421875
3 0.246875 0.2671875 0.0328125 0.06875
0 0.14453125 0.3015625 0.02578125 0.046875
2 0.2859375 0.359375 0.0390625 0.075
0 0.67265625 0.040625 0.028125 0.040625
0 0.63984375 0.08984375 0.02734375 0.0453125
0 0.58125 0.17265625 0.0265625 0.0390625
0 0.528125 0.240625 0.02890625 0.046875
0 0.44140625 0.6703125 0.03203125 0.05625
0 0.33203125 0.71875 0.02734375 0.053125
0 0.4734375 0.7390625 0.028125 0.05625
0 0.39609375 0.86171875 0.02890625 0.0578125
0 0.515625 0.821875 0.0296875 0.059375
0 0.54140625 0.87890625 0.03515625 0.0640625
0 0.45546875 0.97421875 0.0296875 0.0453125
0 0.58671875 0.9640625 0.0359375 0.06875
2 0.08203125 0.7140625 0.03671875 0.065625