0 0.465625 0.01015625 0.0328125 0.0203125
0 0.44921875 0.0359375 0.0296875 0.034375
0 0.49375 0.07734375 0.0296875 0.0390625
0 0.52265625 0.09765625 0.03046875 0.0359375
0 0.42421875 0.42890625 0.034375 0.0390625
0 0.453125 0.54375 0.021875 0.05
0 0.475 0.55859375 0.02109375 0.0453125
0 0.10625 0.37578125 0.0296875 0.0359375
0 0.13515625 0.39453125 0.0328125 0.0359375
0 0.49296875 0.81171875 0.02578125 0.0671875
0 0.609375 0.80234375 0.02265625 0.0703125
0 0.57109375 0.96328125 0.028125 0.0703125