0 0.03203125 0.96796875 0.03671875 0.0578125
0 0.3421875 0.0671875 0.02265625 0.040625
0 0.3609375 0.09921875 0.025 0.0421875
0 0.7421875 0.02890625 0.0265625 0.0453125
0 0.765625 0.065625 0.02734375 0.046875
0 0.8703125 0.0484375 0.03046875 0.05
0 0.69296875 0.7578125 0.03203125 0.059375
0 0.5828125 0.68359375 0.0328125 0.0578125
0 0.62265625 0.875 0.03359375 0.0625
0 0.490625 0.8421875 0.03515625 0.065625
0 0.4453125 0.92421875 0.034375 0.0640625
0 0.4140625 0.971875 0.03359375 0.053125
0 0.55546875 0.98125 0.02265625 0.03125
0 0.60078125 0.30234375 0.03046875 0.0515625