0 0.97578125 0.42265625 0.021875 0.0453125
0 0.96484375 0.46953125 0.02265625 0.0515625
0 0.53203125 0.0125 0.0234375 0.025
0 0.50625 0.0625 0.02578125 0.05
0 0.4625 0.16796875 0.0234375 0.0453125
0 0.41875 0.2578125 0.02734375 0.05625
3 0.1375 0.40390625 0.040625 0.0609375
0 0.03515625 0.48203125 0.03203125 0.0390625
2 0.190625 0.47734375 0.04921875 0.0640625
2 0.11875 0.7125 0.0265625 0.06875
0 0.39453125 0.7140625 0.0359375 0.046875
0 0.29140625 0.8125 0.03046875 0.04375
0 0.35234375 0.7421875 0.0296875 0.046875
0 0.4375 0.76640625 0.03203125 0.0484375
0 0.37578125 0.92421875 0.0328125 0.0484375
0 0.48828125 0.82734375 0.0328125 0.0484375
0 0.52109375 0.871875 0.0375 0.05625
0 0.57578125 0.93359375 0.0390625 0.0578125