0 0.5265625 0.06796875 0.02265625 0.0390625
0 0.50234375 0.12734375 0.025 0.0484375
0 0.459375 0.228125 0.021875 0.04375
0 0.415625 0.31484375 0.02578125 0.0515625
0 0.03203125 0.53984375 0.03203125 0.0421875
3 0.13515625 0.459375 0.03984375 0.0625
2 0.1890625 0.5328125 0.04609375 0.065625
2 0.12265625 0.72265625 0.021875 0.0671875
0 0.38984375 0.7703125 0.03671875 0.05
0 0.43203125 0.8234375 0.0296875 0.04375
0 0.48359375 0.88515625 0.03359375 0.0515625
0 0.51640625 0.92890625 0.0375 0.0546875
0 0.4640625 0.94609375 0.03203125 0.0484375
0 0.28515625 0.86953125 0.03046875 0.0421875
0 0.37109375 0.97890625 0.034375 0.0390625
0 0.571875 0.9796875 0.040625 0.0375
0 0.96953125 0.47890625 0.02109375 0.0484375
0 0.95859375 0.52421875 0.02265625 0.0484375