0 0.01484375 0.37109375 0.0296875 0.0453125
0 0.1046875 0.45078125 0.03671875 0.0453125
0 0.109375 0.5265625 0.03671875 0.04375
0 0.23359375 0.62109375 0.034375 0.0453125
0 0.2578125 0.60703125 0.03359375 0.0546875
0 0.29453125 0.6109375 0.03984375 0.05
0 0.37265625 0.6734375 0.0390625 0.046875
0 0.2828125 0.68046875 0.03515625 0.0453125
0 0.31640625 0.70703125 0.034375 0.0421875
2 0.71640625 0.91328125 0.0484375 0.0578125
0 0.70546875 0.52421875 0.0234375 0.0609375
4 0.7640625 0.18515625 0.053125 0.1484375
0 0.93515625 0.7828125 0.03203125 0.04375