0 0.2109375 0.12578125 0.015625 0.0484375
0 0.20859375 0.20234375 0.01640625 0.0609375
0 0.203125 0.3375 0.015625 0.046875
0 0.19453125 0.459375 0.01796875 0.0625
2 0.04765625 0.91328125 0.05546875 0.0421875
0 0.32734375 0.878125 0.0375 0.03125
0 0.38125 0.871875 0.0328125 0.03125
0 0.44453125 0.8640625 0.03359375 0.03125
0 0.48515625 0.86171875 0.03984375 0.0328125
0 0.54765625 0.85234375 0.03984375 0.0296875
0 0.6765625 0.8390625 0.03984375 0.03125
0 0.696875 0.075 0.015625 0.04375
0 0.7015625 0.11953125 0.01875 0.0453125
0 0.83359375 0.54453125 0.0203125 0.0640625