0 0.02734375 0.3671875 0.02734375 0.034375
0 0.1359375 0.403125 0.03359375 0.04375
0 0.2234375 0.4703125 0.03359375 0.04375
0 0.22421875 0.54375 0.0375 0.04375
0 0.303125 0.53671875 0.03671875 0.0484375
0 0.3515625 0.6390625 0.034375 0.046875
0 0.41171875 0.62734375 0.0390625 0.0484375
0 0.40703125 0.66171875 0.03515625 0.0484375
0 0.40234375 0.69921875 0.034375 0.0421875
0 0.4359375 0.72421875 0.034375 0.0453125
0 0.49140625 0.68828125 0.0375 0.0515625
2 0.82265625 0.91953125 0.0484375 0.0578125
0 0.81875 0.54375 0.025 0.0625
4 0.8703125 0.20703125 0.0515625 0.1484375