0 0.0640625 0.33125 0.03359375 0.046875
0 0.09921875 0.37578125 0.02890625 0.0421875
0 0.14375 0.428125 0.0296875 0.04375
0 0.16953125 0.46328125 0.034375 0.0484375
0 0.215625 0.51640625 0.034375 0.0515625
0 0.31171875 0.63359375 0.034375 0.0515625
0 0.03203125 0.503125 0.02734375 0.046875
0 0.0984375 0.58828125 0.0390625 0.0546875
0 0.13515625 0.63828125 0.03515625 0.0546875
0 0.22421875 0.6609375 0.0375 0.053125
0 0.2125 0.734375 0.0359375 0.05
0 0.2859375 0.83828125 0.03671875 0.0515625
0 0.4484375 0.6359375 0.03515625 0.05625
0 0.4625 0.60078125 0.03671875 0.0515625
0 0.540625 0.78515625 0.02890625 0.0765625
0 0.75625 0.8421875 0.028125 0.0625
0 0.775 0.78671875 0.0296875 0.0609375
0 0.8125 0.7015625 0.02890625 0.065625
0 0.871875 0.49609375 0.0234375 0.0578125
0 0.53984375 0.57265625 0.021875 0.0515625