3 0.075 0.1671875 0.040625 0.059375
2 0.0359375 0.2609375 0.034375 0.05625
2 0.12890625 0.23515625 0.04453125 0.0640625
0 0.215625 0.5390625 0.02734375 0.028125
0 0.31953125 0.45859375 0.034375 0.0453125
0 0.3578125 0.50546875 0.028125 0.0421875
0 0.2984375 0.64453125 0.0296875 0.0453125
0 0.37265625 0.73359375 0.03984375 0.0609375
0 0.4140625 0.78515625 0.0359375 0.0578125
0 0.40703125 0.5609375 0.0328125 0.046875
0 0.4375 0.60078125 0.034375 0.0515625
0 0.48671875 0.6546875 0.0359375 0.053125
0 0.4984375 0.88828125 0.03671875 0.0546875
0 0.59296875 0.78046875 0.0359375 0.0546875
0 0.578125 0.98203125 0.0359375 0.0296875
0 0.62109375 0.89375 0.03359375 0.05
0 0.73515625 0.7859375 0.03515625 0.059375
0 0.746875 0.74921875 0.03984375 0.0546875
0 0.828125 0.7234375 0.02734375 0.0625
0 0.35 0.03515625 0.0265625 0.0484375
0 0.86640625 0.23984375 0.02109375 0.0421875
0 0.878125 0.20078125 0.02109375 0.0484375