0 0.5234375 0.290625 0.021875 0.0375
2 0.5625 0.34765625 0.03203125 0.0640625
0 0.59375 0.40546875 0.02890625 0.0484375
0 0.3171875 0.028125 0.01875 0.03125
2 0.34375 0.08984375 0.01796875 0.0328125
3 0.5078125 0.0484375 0.02578125 0.034375
2 0.2875 0.0125 0.02109375 0.025
0 0.26484375 0.23828125 0.02890625 0.0359375
0 0.16171875 0.27734375 0.01875 0.0359375
0 0.10234375 0.33125 0.01484375 0.034375
0 0.08671875 0.346875 0.0203125 0.040625
0 0.04453125 0.3875 0.0234375 0.046875
0 0.959375 0.8546875 0.02890625 0.06875