3 0.04140625 0.14375 0.04140625 0.0625
2 0.09375 0.209375 0.04609375 0.065625
0 0.284375 0.43359375 0.03515625 0.0453125
0 0.18671875 0.5203125 0.0359375 0.04375
0 0.321875 0.4796875 0.028125 0.04375
0 0.3703125 0.5359375 0.0296875 0.046875
0 0.40078125 0.575 0.034375 0.05
0 0.44921875 0.62734375 0.03515625 0.0515625
0 0.26015625 0.6171875 0.028125 0.04375
0 0.334375 0.70546875 0.03671875 0.0578125
0 0.375 0.7546875 0.0359375 0.053125
0 0.4578125 0.8578125 0.0359375 0.053125
0 0.553125 0.75078125 0.034375 0.0515625
0 0.53828125 0.96328125 0.0390625 0.0484375
0 0.6390625 0.93359375 0.03359375 0.0484375
0 0.69375 0.75703125 0.03515625 0.0578125
0 0.70546875 0.721875 0.0375 0.053125
0 0.7875 0.69609375 0.028125 0.0609375
0 0.79765625 0.9203125 0.0234375 0.06875
0 0.315625 0.01953125 0.0203125 0.0390625
0 0.84140625 0.1796875 0.01953125 0.040625
0 0.8296875 0.2203125 0.01953125 0.040625