0 0.03984375 0.746875 0.03984375 0.053125
0 0.02265625 0.784375 0.0375 0.0625
0 0.3234375 0.98046875 0.0296875 0.0359375
0 0.346875 0.93671875 0.034375 0.0671875
0 0.39296875 0.84609375 0.0296875 0.0671875
0 0.475 0.621875 0.03203125 0.059375
0 0.55625 0.52578125 0.02890625 0.0609375
0 0.60390625 0.31875 0.02734375 0.05625
0 0.621875 0.25546875 0.02578125 0.0515625
0 0.671875 0.140625 0.0234375 0.05625
0 0.740625 0.1109375 0.025 0.053125
0 0.73125 0.05703125 0.025 0.0546875
0 0.7671875 0.04140625 0.025 0.0515625
0 0.79296875 0.0765625 0.02265625 0.05
0 0.81171875 0.02265625 0.025 0.0453125