0 0.78828125 0.86953125 0.04296875 0.0703125
0 0.92421875 0.97421875 0.0421875 0.0484375
0 0.990625 0.5 0.01640625 0.046875
0 0.91875 0.1984375 0.025 0.046875
0 0.978125 0.31796875 0.021875 0.0484375
0 0.9734375 0.07265625 0.02578125 0.0421875
0 0.95546875 0.1125 0.0234375 0.046875
0 0.87890625 0.278125 0.025 0.05
0 0.5578125 0.59765625 0.034375 0.0546875
0 0.33046875 0.58828125 0.0296875 0.0296875
0 0.034375 0.2875 0.0359375 0.021875
0 0.03203125 0.31171875 0.03671875 0.0296875
0 0.02734375 0.340625 0.040625 0.028125
0 0.02734375 0.390625 0.0390625 0.028125
0 0.08046875 0.41328125 0.03984375 0.0234375
0 0.08203125 0.4390625 0.0328125 0.025
0 0.08125 0.46640625 0.03359375 0.0265625
2 0.07734375 0.49453125 0.03984375 0.0265625
0 0.17421875 0.4765625 0.028125 0.025
0 0.02578125 0.41796875 0.03671875 0.0296875
0 0.0203125 0.45 0.03984375 0.03125
0 0.021875 0.478125 0.04140625 0.025
0 0.48046875 0.96171875 0.03671875 0.0734375