0 0.76328125 0.45625 0.0234375 0.053125
0 0.6609375 0.415625 0.02578125 0.053125
0 0.7109375 0.32265625 0.025 0.0453125
0 0.75625 0.23203125 0.025 0.0453125
0 0.77890625 0.18515625 0.02578125 0.0453125
0 0.81953125 0.328125 0.02265625 0.04375
0 0.84375 0.2703125 0.02265625 0.040625
0 0.86171875 0.2328125 0.021875 0.0375
0 0.884375 0.1796875 0.0203125 0.040625
0 0.90625 0.1375 0.02109375 0.04375
0 0.8171875 0.10703125 0.015625 0.0359375
0 0.85625 0.0265625 0.0203125 0.040625
0 0.784375 0.68203125 0.028125 0.0609375
0 0.7640625 0.65703125 0.03046875 0.0578125
0 0.29296875 0.76875 0.03671875 0.059375
0 0.48828125 0.984375 0.01796875 0.028125
0 0.0484375 0.76484375 0.0328125 0.0359375