0 0.24921875 0.56484375 0.0265625 0.0265625
0 0.3859375 0.925 0.03359375 0.0625
0 0.48828125 0.528125 0.03515625 0.053125
0 0.50390625 0.61171875 0.0296875 0.0515625
0 0.01640625 0.40078125 0.0328125 0.0234375
0 0.01484375 0.4265625 0.02890625 0.021875
0 0.0140625 0.4515625 0.028125 0.021875
2 0.0125 0.4765625 0.025 0.03125
0 0.90546875 0.46328125 0.02890625 0.0546875
0 0.92578125 0.48515625 0.02578125 0.0546875
0 0.89140625 0.2921875 0.0234375 0.040625
0 0.79609375 0.2578125 0.02265625 0.046875
0 0.83671875 0.17890625 0.02265625 0.0421875
0 0.87265625 0.09921875 0.021875 0.0390625
0 0.8921875 0.06015625 0.02109375 0.0390625
0 0.93828125 0.1828125 0.02265625 0.040625
0 0.95703125 0.13125 0.021875 0.0375
0 0.97265625 0.1015625 0.01875 0.0375
0 0.990625 0.0515625 0.01640625 0.034375
0 0.73828125 0.91171875 0.03671875 0.0609375
0 0.82421875 0.9328125 0.0375 0.0625
0 0.8609375 0.975 0.03984375 0.046875