0 0.06875 0.36328125 0.03046875 0.0453125
0 0.03359375 0.5390625 0.03671875 0.05
0 0.20234375 0.6703125 0.0375 0.059375
4 0.1328125 0.64375 0.09140625 0.128125
0 0.20859375 0.33203125 0.034375 0.0453125
0 0.19375 0.3625 0.0328125 0.053125
0 0.40625 0.68203125 0.040625 0.0484375
0 0.45546875 0.709375 0.0296875 0.06875
0 0.4703125 0.53671875 0.02734375 0.0546875
0 0.490625 0.4859375 0.02734375 0.053125
0 0.51484375 0.51796875 0.02734375 0.0546875
0 0.5296875 0.415625 0.0265625 0.053125
0 0.59296875 0.3453125 0.02734375 0.05625
0 0.59609375 0.2328125 0.02734375 0.05625