0 0.5375 0.434375 0.0265625 0.05
0 0.6375 0.47578125 0.02578125 0.0515625
0 0.590625 0.34453125 0.02578125 0.0453125
0 0.640625 0.24765625 0.02578125 0.0453125
0 0.66484375 0.203125 0.028125 0.046875
0 0.70703125 0.121875 0.01875 0.034375
0 0.74921875 0.04453125 0.021875 0.0421875
0 0.7953125 0.15390625 0.0203125 0.0390625
0 0.7734375 0.196875 0.01953125 0.0375
0 0.74609375 0.25390625 0.0203125 0.0390625
0 0.728125 0.2875 0.0234375 0.040625
0 0.70078125 0.3453125 0.02578125 0.046875
0 0.6296875 0.67734375 0.03203125 0.0578125
0 0.6484375 0.70390625 0.0296875 0.0640625
0 0.1484375 0.79375 0.0328125 0.05625