0 0.6890625 0.12890625 0.021875 0.0359375
0 0.6484375 0.20859375 0.0265625 0.0453125
0 0.6234375 0.25078125 0.02578125 0.0453125
0 0.5734375 0.34453125 0.025 0.0484375
0 0.51875 0.4375 0.0265625 0.053125
0 0.61796875 0.48046875 0.0234375 0.0484375
0 0.68203125 0.3484375 0.0203125 0.04375
0 0.709375 0.290625 0.025 0.04375
0 0.75546875 0.20234375 0.01953125 0.0390625
0 0.77890625 0.1609375 0.01953125 0.040625
0 0.7296875 0.259375 0.021875 0.05
0 0.73359375 0.0484375 0.02109375 0.040625
0 0.60859375 0.68125 0.0296875 0.05625
0 0.62734375 0.7078125 0.02890625 0.0625
0 0.12421875 0.7890625 0.0328125 0.059375
0 0.30234375 0.97890625 0.034375 0.0390625