0 0.7578125 0.68515625 0.03046875 0.0546875
0 0.7765625 0.71171875 0.028125 0.0609375
0 0.721875 0.471875 0.02578125 0.05
0 0.75546875 0.48515625 0.025 0.0484375
0 0.81171875 0.3609375 0.02265625 0.04375
0 0.771875 0.21953125 0.0234375 0.0421875
0 0.75 0.2609375 0.02578125 0.04375
0 0.70390625 0.3484375 0.0234375 0.046875
0 0.83515625 0.303125 0.02265625 0.046875
0 0.8515625 0.2703125 0.021875 0.0375
0 0.809375 0.14296875 0.01953125 0.0359375
0 0.84609375 0.06640625 0.02109375 0.0359375
0 0.89453125 0.1765625 0.0203125 0.040625
0 0.8765625 0.21953125 0.01875 0.0390625
0 0.65625 0.43828125 0.025 0.0484375
0 0.2828125 0.78046875 0.0328125 0.0578125
0 0.02890625 0.7671875 0.03359375 0.03125