0 0.91015625 0.09375 0.02109375 0.040625
0 0.82109375 0.05859375 0.01796875 0.0296875
0 0.78046875 0.14375 0.02734375 0.05
0 0.86484375 0.19453125 0.01875 0.0390625
0 0.88828125 0.13671875 0.01953125 0.0359375
0 0.846875 0.23046875 0.02265625 0.0453125
0 0.82109375 0.290625 0.0234375 0.046875
0 0.7578125 0.18984375 0.025 0.0453125
0 0.7125 0.2859375 0.0234375 0.046875
0 0.7640625 0.42109375 0.02578125 0.0484375
0 0.66328125 0.3796875 0.02578125 0.053125
0 0.76484375 0.625 0.0296875 0.05625
0 0.7859375 0.65 0.02890625 0.0625
0 0.4953125 0.8890625 0.02109375 0.065625
0 0.29609375 0.73828125 0.0328125 0.0578125
0 0.05234375 0.73515625 0.03046875 0.0296875