0 0.80546875 0.0125 0.021875 0.025
0 0.82109375 0.07578125 0.025 0.0484375
0 0.7734375 0.09765625 0.021875 0.0515625
0 0.80234375 0.134375 0.0234375 0.05
0 0.7484375 0.16875 0.0265625 0.053125
0 0.67890625 0.19921875 0.02578125 0.0546875
0 0.67109375 0.30546875 0.028125 0.0609375
0 0.628125 0.31796875 0.0265625 0.0515625
0 0.61015625 0.38125 0.028125 0.05625
0 0.4796875 0.69765625 0.0328125 0.0671875
0 0.46796875 0.83984375 0.0359375 0.0734375
0 0.396875 0.93046875 0.0328125 0.0671875
0 0.03671875 0.828125 0.04140625 0.05625
0 0.01875 0.865625 0.03671875 0.0625