0 0.3515625 0.0953125 0.02109375 0.040625
0 0.2359375 0.16875 0.02265625 0.0375
0 0.24765625 0.18515625 0.02109375 0.0359375
0 0.03515625 0.46640625 0.01796875 0.0546875
0 0.05390625 0.48203125 0.01796875 0.0546875
0 0.0734375 0.49609375 0.01640625 0.0515625
0 0.09375 0.5109375 0.01484375 0.053125
0 0.1171875 0.5265625 0.02578125 0.046875
0 0.3578125 0.709375 0.034375 0.04375
0 0.3203125 0.86171875 0.0359375 0.0421875
0 0.40546875 0.7390625 0.03515625 0.04375
0 0.45 0.76953125 0.0359375 0.0421875
0 0.49765625 0.80703125 0.0359375 0.0453125
0 0.53046875 0.8625 0.0390625 0.046875
0 0.04375 0.64609375 0.02890625 0.0578125
0 0.04296875 0.82109375 0.0328125 0.0578125
0 0.0125 0.896875 0.025 0.06875