0 0.00703125 0.50703125 0.0140625 0.0390625
0 0.01015625 0.584375 0.0203125 0.05
0 0.12734375 0.496875 0.0359375 0.05625
0 0.14375 0.465625 0.0359375 0.05
0 0.20859375 0.6328125 0.03203125 0.065625
4 0.128125 0.8734375 0.103125 0.11875
0 0.2015625 0.9390625 0.03515625 0.065625
0 0.39609375 0.9375 0.03203125 0.06875
0 0.4140625 0.684375 0.028125 0.059375
0 0.43515625 0.62890625 0.028125 0.0609375
0 0.47890625 0.55390625 0.02734375 0.0578125
0 0.5484375 0.35859375 0.0296875 0.0578125
0 0.66953125 0.08359375 0.025 0.0515625
0 0.684375 0.02734375 0.02265625 0.0484375