0 0.70234375 0.05234375 0.02265625 0.0453125
0 0.6875 0.1109375 0.02578125 0.053125
0 0.57109375 0.3875 0.028125 0.059375
0 0.50078125 0.58203125 0.0265625 0.0578125
0 0.490625 0.72421875 0.0265625 0.0640625
0 0.45859375 0.6625 0.02890625 0.059375
0 0.4375 0.71484375 0.02890625 0.0609375
0 0.3859375 0.87890625 0.03515625 0.0546875
0 0.20859375 0.9796875 0.0296875 0.0375
0 0.20625 0.82734375 0.03984375 0.0546875
4 0.08515625 0.83984375 0.09765625 0.1328125
0 0.1671875 0.5015625 0.0359375 0.05
0 0.15234375 0.53359375 0.03359375 0.0546875
0 0.0234375 0.53671875 0.03359375 0.0484375