0 0.3140625 0.64921875 0.028125 0.0296875
0 0.153125 0.5328125 0.025 0.028125
0 0.06171875 0.4671875 0.0421875 0.025
0 0.06171875 0.49453125 0.03359375 0.0265625
0 0.06015625 0.5203125 0.0359375 0.021875
2 0.05546875 0.54765625 0.0421875 0.0265625
0 0.015625 0.33515625 0.03125 0.0203125
0 0.015625 0.3609375 0.03046875 0.028125
0 0.01171875 0.39140625 0.0234375 0.0296875
0 0.01328125 0.44140625 0.0265625 0.0265625
0 0.01171875 0.4703125 0.02265625 0.03125
0 0.01015625 0.50078125 0.0203125 0.0296875
0 0.01015625 0.53046875 0.0203125 0.0296875
0 0.546875 0.65625 0.03359375 0.053125
0 0.98984375 0.5546875 0.01875 0.053125
0 0.875 0.3296875 0.0234375 0.053125
0 0.91484375 0.2453125 0.02109375 0.04375
0 0.96953125 0.11953125 0.02578125 0.0484375
0 0.953125 0.159375 0.0234375 0.046875
0 0.97421875 0.37265625 0.02265625 0.0484375
0 0.80546875 0.9703125 0.04375 0.05625