0 0.0375 0.78203125 0.03984375 0.0546875
0 0.01953125 0.81953125 0.0375 0.0609375
0 0.3453125 0.96796875 0.03359375 0.0609375
0 0.39375 0.88203125 0.03203125 0.0671875
0 0.475 0.65625 0.0328125 0.065625
0 0.528125 0.63359375 0.03046875 0.0640625
0 0.60625 0.346875 0.028125 0.05625
0 0.6234375 0.2828125 0.025 0.053125
0 0.6734375 0.1671875 0.0234375 0.053125
0 0.71171875 0.14375 0.0265625 0.05625
0 0.74296875 0.1375 0.0265625 0.053125
0 0.76875 0.06640625 0.025 0.0515625
0 0.79609375 0.103125 0.025 0.05
0 0.815625 0.0453125 0.025 0.05
0 0.78828125 0.00859375 0.01953125 0.0171875