0 0.3140625 0.09140625 0.0203125 0.0390625
0 0.196875 0.16640625 0.0234375 0.0390625
0 0.2078125 0.18203125 0.0234375 0.0390625
0 0.00859375 0.47578125 0.01640625 0.0515625
0 0.02734375 0.49140625 0.01640625 0.0546875
0 0.046875 0.50625 0.01640625 0.053125
0 0.071875 0.5203125 0.02578125 0.05
0 0.31015625 0.70234375 0.0359375 0.0453125
0 0.26953125 0.85 0.0375 0.0375
0 0.35625 0.73203125 0.03515625 0.0421875
0 0.39921875 0.76328125 0.03671875 0.0453125
0 0.446875 0.7984375 0.0359375 0.046875
0 0.47890625 0.8546875 0.0375 0.046875