0 0.77109375 0.36796875 0.03046875 0.0546875
0 0.790625 0.39140625 0.03046875 0.0609375
0 0.775 0.1625 0.02578125 0.05
0 0.671875 0.11875 0.028125 0.05625
0 0.83984375 0.0265625 0.0296875 0.05
0 0.72578125 0.0234375 0.0265625 0.046875
0 0.54296875 0.475 0.0265625 0.05625
0 0.30390625 0.48203125 0.0328125 0.0546875
0 0.2046875 0.85625 0.0359375 0.065625
0 0.578125 0.86640625 0.040625 0.0703125
0 0.6421875 0.87265625 0.03359375 0.0546875
0 0.67265625 0.921875 0.034375 0.0625
0 0.065625 0.47890625 0.03203125 0.0296875