0 0.61015625 0.43671875 0.02578125 0.0515625
0 0.62890625 0.559375 0.028125 0.053125
0 0.71015625 0.48359375 0.02578125 0.0453125
0 0.66015625 0.34921875 0.025 0.0484375
0 0.7078125 0.684375 0.03046875 0.05625
0 0.7265625 0.709375 0.0296875 0.0625
0 0.73046875 0.2171875 0.02734375 0.04375
0 0.70859375 0.25859375 0.02578125 0.0421875
0 0.81171875 0.26875 0.01875 0.0375
0 0.79375 0.30078125 0.0234375 0.0421875
0 0.76875 0.35703125 0.02265625 0.0453125
0 0.809375 0.06484375 0.02109375 0.0421875
0 0.7703125 0.13984375 0.0203125 0.0359375
0 0.85625 0.1734375 0.0203125 0.0375
0 0.83515625 0.215625 0.01953125 0.034375
0 0.2296875 0.778125 0.034375 0.05625