0 0.475 0.134375 0.01953125 0.034375
0 0.4203125 0.2640625 0.02109375 0.040625
0 0.49375 0.28828125 0.01875 0.0359375
0 0.0078125 0.55390625 0.015625 0.0546875
0 0.11796875 0.6375 0.01640625 0.053125
0 0.13515625 0.65078125 0.015625 0.0515625
0 0.15625 0.66484375 0.01640625 0.0546875
0 0.17578125 0.68203125 0.015625 0.0546875
0 0.2 0.69296875 0.02734375 0.0484375
0 0.05390625 0.76171875 0.03671875 0.0578125
0 0.07421875 0.775 0.0328125 0.059375
0 0.12734375 0.81875 0.028125 0.059375
0 0.13203125 0.98359375 0.02578125 0.0296875
0 0.4453125 0.8765625 0.03515625 0.046875
0 0.49453125 0.90625 0.03671875 0.04375
0 0.540625 0.9390625 0.0390625 0.05
0 0.59140625 0.975 0.0390625 0.046875
0 0.334375 0.0125 0.01953125 0.025
0 0.25078125 0.04140625 0.021875 0.0390625
0 0.26875 0.01953125 0.015625 0.0328125