0 0.78203125 0.16328125 0.02109375 0.0390625
0 0.76015625 0.20859375 0.0203125 0.0359375
0 0.734375 0.26015625 0.02109375 0.0421875
0 0.71484375 0.2953125 0.02578125 0.04375
0 0.68515625 0.3515625 0.02265625 0.040625
0 0.653125 0.2109375 0.0265625 0.046875
0 0.62890625 0.25390625 0.025 0.0453125
0 0.69375 0.134375 0.02109375 0.0375
0 0.73828125 0.0546875 0.02265625 0.040625
0 0.578125 0.34921875 0.02734375 0.0484375
0 0.525 0.4359375 0.0265625 0.053125
0 0.6234375 0.48203125 0.025 0.0484375
0 0.6140625 0.68125 0.03046875 0.05625
0 0.63359375 0.70859375 0.0296875 0.0609375
0 0.36953125 0.87109375 0.0359375 0.0609375
0 0.1296875 0.7859375 0.0328125 0.059375