0 0.22578125 0.27109375 0.028125 0.0390625
0 0.33671875 0.97421875 0.034375 0.0484375
0 0.36875 0.81015625 0.034375 0.0734375
0 0.46015625 0.77578125 0.03203125 0.0703125
0 0.39296875 0.471875 0.03359375 0.04375
0 0.5125 0.4765625 0.02890625 0.059375
0 0.53203125 0.40859375 0.025 0.0515625
0 0.5859375 0.2859375 0.02578125 0.05625
0 0.678125 0.203125 0.0265625 0.053125
0 0.715625 0.2125 0.02578125 0.053125
0 0.7359375 0.15234375 0.025 0.0546875
0 0.72890625 0.0703125 0.02578125 0.053125
0 0.771875 0.03671875 0.025 0.0515625