0 0.15234375 0.784375 0.03359375 0.059375
0 0.453125 0.759375 0.03203125 0.059375
0 0.634375 0.68046875 0.0296875 0.0546875
0 0.653125 0.709375 0.03046875 0.0625
0 0.54375 0.4375 0.0265625 0.053125
0 0.6421875 0.48125 0.02734375 0.05
0 0.596875 0.346875 0.02578125 0.04375
0 0.64609375 0.25625 0.0265625 0.04375
0 0.6703125 0.21171875 0.0265625 0.0453125
0 0.7515625 0.26484375 0.0203125 0.0359375
0 0.73203125 0.29765625 0.02578125 0.0421875
0 0.70546875 0.3546875 0.025 0.04375
0 0.7109375 0.134375 0.02109375 0.034375
0 0.7984375 0.16796875 0.0203125 0.0390625
0 0.77578125 0.21015625 0.0203125 0.0390625
0 0.75234375 0.0578125 0.02265625 0.040625