0 0.90703125 0.715625 0.03984375 0.046875
0 0.9890625 0.7921875 0.0203125 0.040625
0 0.57890625 0.178125 0.0234375 0.0625
0 0.3734375 0.1453125 0.03359375 0.04375
0 0.32734375 0.23515625 0.03203125 0.0453125
4 0.1859375 0.02578125 0.07421875 0.0515625
0 0.45546875 0.82265625 0.0296875 0.0640625
0 0.43828125 0.88671875 0.028125 0.0703125
0 0.92265625 0.92890625 0.040625 0.0484375
0 0.78359375 0.9625 0.0421875 0.053125
0 0.76796875 0.98671875 0.03046875 0.0234375
0 0.39921875 0.9734375 0.02578125 0.05