0 0.78671875 0.37734375 0.0328125 0.0546875
0 0.80625 0.40390625 0.03203125 0.0609375
0 0.63515625 0.31953125 0.028125 0.0515625
0 0.75 0.02578125 0.028125 0.0515625
0 0.69453125 0.121875 0.028125 0.053125
0 0.79609375 0.17109375 0.02734375 0.0484375
0 0.86640625 0.03515625 0.0265625 0.0484375
0 0.64765625 0.8734375 0.03359375 0.05625
0 0.6765625 0.9234375 0.03359375 0.059375
0 0.58203125 0.86328125 0.040625 0.0734375
0 0.3171875 0.4625 0.03203125 0.05625
0 0.084375 0.44609375 0.03046875 0.0328125
0 0.21171875 0.83046875 0.03671875 0.0640625