0 0.76015625 0.00703125 0.01875 0.0140625
0 0.73828125 0.05859375 0.0234375 0.0515625
0 0.790625 0.0265625 0.0234375 0.05
0 0.66875 0.08671875 0.0234375 0.0515625
0 0.6203125 0.1984375 0.0234375 0.05
0 0.603125 0.26015625 0.02578125 0.0546875
0 0.58515625 0.39375 0.02890625 0.059375
0 0.475 0.55859375 0.03046875 0.0640625
0 0.39453125 0.77421875 0.028125 0.0640625
0 0.34921875 0.86015625 0.0328125 0.0640625
0 0.325 0.9203125 0.03046875 0.06875
0 0.0296875 0.9828125 0.03515625 0.03125
0 0.046875 0.67578125 0.03984375 0.0546875
0 0.03046875 0.71328125 0.0359375 0.0578125