0 0.01640625 0.95859375 0.0328125 0.0609375
0 0.46796875 0.8203125 0.0328125 0.06875
0 0.546875 0.71640625 0.03046875 0.0703125
0 0.48359375 0.478125 0.03046875 0.040625
0 0.60234375 0.48203125 0.02734375 0.0578125
0 0.62109375 0.4140625 0.02578125 0.053125
0 0.67265625 0.28828125 0.0265625 0.0546875
0 0.746875 0.2484375 0.02578125 0.05625
0 0.78046875 0.15546875 0.02578125 0.0546875
0 0.8 0.21796875 0.02578125 0.0515625
0 0.81953125 0.15625 0.02578125 0.053125
0 0.85234375 0.03984375 0.0234375 0.0484375