0 0.3375 0.55625 0.02734375 0.03125
0 0.04453125 0.2640625 0.03515625 0.021875
0 0.04296875 0.2875 0.0359375 0.025
0 0.03671875 0.31640625 0.03671875 0.0296875
0 0.0390625 0.36640625 0.03671875 0.0234375
0 0.0375 0.390625 0.03671875 0.028125
0 0.03203125 0.421875 0.04140625 0.028125
0 0.0296875 0.4484375 0.04609375 0.028125
0 0.09140625 0.38671875 0.0390625 0.0265625
0 0.0921875 0.4125 0.03203125 0.025
0 0.09296875 0.4375 0.0328125 0.025
2 0.0875 0.4640625 0.03984375 0.028125
0 0.1828125 0.446875 0.025 0.025
0 0.5625 0.56328125 0.03203125 0.0484375
0 0.484375 0.92109375 0.03203125 0.0640625
0 0.75703125 0.78125 0.04140625 0.06875
0 0.92578125 0.9390625 0.03671875 0.059375
0 0.88671875 0.9734375 0.0390625 0.05
0 0.96328125 0.97578125 0.04140625 0.0453125
0 0.88203125 0.2546875 0.02265625 0.046875
0 0.978125 0.28984375 0.021875 0.0421875
0 0.99140625 0.46640625 0.015625 0.0515625
0 0.9203125 0.17109375 0.02265625 0.0421875
0 0.95625 0.0875 0.0234375 0.04375
0 0.97421875 0.0484375 0.02578125 0.04375