0 0.9390625 0.178125 0.0203125 0.0375
0 0.92109375 0.21875 0.01796875 0.040625
0 0.896875 0.27265625 0.01953125 0.0390625
0 0.81640625 0.21953125 0.025 0.0453125
0 0.7953125 0.26171875 0.025 0.0421875
0 0.8828125 0.30546875 0.021875 0.0421875
0 0.8578125 0.3625 0.0234375 0.046875
0 0.81015625 0.39140625 0.0234375 0.0453125
0 0.753125 0.35 0.02265625 0.04375
0 0.70546875 0.43828125 0.02578125 0.0515625
0 0.80546875 0.48671875 0.025 0.0484375
0 0.88828125 0.06875 0.02265625 0.0375
0 0.8515625 0.1453125 0.01796875 0.034375
0 0.33984375 0.78125 0.03359375 0.059375
0 0.0890625 0.76796875 0.03359375 0.0328125
0 0.81015625 0.68515625 0.0296875 0.0546875
0 0.83125 0.7109375 0.028125 0.059375