0 0.059375 0.49375 0.0328125 0.046875
0 0.1875 0.4921875 0.03359375 0.053125
0 0.20234375 0.46015625 0.03515625 0.0484375
0 0.02109375 0.68046875 0.0390625 0.0515625
4 0.1234375 0.79296875 0.0953125 0.1296875
0 0.22890625 0.88671875 0.03359375 0.0703125
0 0.32578125 0.84765625 0.040625 0.0359375
0 0.44453125 0.94375 0.0203125 0.075
0 0.4734375 0.75078125 0.0296875 0.0578125
0 0.471875 0.67421875 0.02890625 0.0609375
0 0.4921875 0.62265625 0.028125 0.0578125
0 0.565625 0.56171875 0.0265625 0.0578125
0 0.5328125 0.54453125 0.02578125 0.0546875
0 0.60078125 0.35234375 0.02734375 0.0546875
0 0.71484375 0.08203125 0.025 0.0515625
0 0.72890625 0.02578125 0.02109375 0.0453125