0 0.86875 0.68671875 0.02890625 0.0578125
0 0.88984375 0.7140625 0.0265625 0.059375
0 0.85859375 0.4890625 0.0234375 0.05
0 0.759375 0.4421875 0.0234375 0.053125
0 0.803125 0.35390625 0.02578125 0.0484375
0 0.84453125 0.26328125 0.02578125 0.0390625
0 0.8640625 0.2203125 0.02578125 0.04375
0 0.89609375 0.31484375 0.0234375 0.0484375
0 0.93046875 0.3078125 0.02265625 0.04375
0 0.946875 0.2734375 0.01953125 0.0375
0 0.934375 0.06875 0.02109375 0.0375
0 0.896875 0.14453125 0.02109375 0.0359375
0 0.909375 0.3625 0.02265625 0.04375
0 0.96796875 0.21953125 0.01796875 0.0359375
0 0.98671875 0.178125 0.01953125 0.040625
0 0.4015625 0.784375 0.03359375 0.059375
0 0.153125 0.771875 0.03203125 0.03125