0 0.76796875 0.47265625 0.03203125 0.0546875
0 0.7875 0.49921875 0.0296875 0.0609375
0 0.30234375 0.58671875 0.0328125 0.0546875
0 0.0625 0.58359375 0.03046875 0.0296875
0 0.19453125 0.9671875 0.03984375 0.0625
0 0.515625 0.65078125 0.025 0.0578125
0 0.578125 0.9703125 0.046875 0.05625
0 0.64375 0.97578125 0.0359375 0.0453125
0 0.66875 0.23125 0.0265625 0.053125
0 0.7703125 0.271875 0.02578125 0.046875
0 0.71953125 0.13359375 0.0265625 0.0484375
0 0.878125 0.0390625 0.02265625 0.040625
0 0.8578125 0.07734375 0.025 0.0453125
0 0.83125 0.13828125 0.0265625 0.0484375
0 0.76796875 0.03515625 0.0265625 0.0484375