0 0.64140625 0.04609375 0.0234375 0.0328125
0 0.696875 0.0984375 0.01953125 0.034375
0 0.884375 0.28671875 0.02890625 0.0453125
0 0.7234375 0.3171875 0.0203125 0.0375
0 0.709375 0.3484375 0.02109375 0.0375
0 0.53671875 0.59375 0.02578125 0.05
0 0.55546875 0.71171875 0.02890625 0.0328125
2 0.36796875 0.97421875 0.0328125 0.0484375
0 0.8515625 0.97734375 0.0484375 0.0421875
0 0.90703125 0.96953125 0.02578125 0.0546875
0 0.98203125 0.42890625 0.03359375 0.0359375
0 0.978125 0.44140625 0.03359375 0.0171875