0 0.25078125 0.028125 0.01640625 0.028125
0 0.2328125 0.05 0.01953125 0.0375
0 0.31640625 0.01796875 0.0203125 0.0296875
0 0.303125 0.346875 0.01875 0.028125
0 0.31171875 0.3609375 0.021875 0.040625
0 0.490625 0.01484375 0.01328125 0.0234375
0 0.4625 0.13359375 0.01953125 0.0359375
0 0.4109375 0.26484375 0.0203125 0.0390625
0 0.5125 0.20703125 0.01640625 0.0328125
0 0.0046875 0.58671875 0.00859375 0.0484375
0 0.11484375 0.6625 0.015625 0.053125
0 0.13515625 0.67578125 0.01796875 0.0515625
0 0.15546875 0.68671875 0.01953125 0.0546875
0 0.1765625 0.70078125 0.01640625 0.0546875
0 0.2015625 0.71328125 0.028125 0.0484375
0 0.053125 0.7921875 0.0359375 0.0625
0 0.075 0.80546875 0.03203125 0.0640625
0 0.13046875 0.84375 0.0265625 0.0625
0 0.45390625 0.8734375 0.03515625 0.046875
0 0.50390625 0.8984375 0.0359375 0.040625
0 0.55 0.92734375 0.03984375 0.0453125
0 0.6015625 0.95859375 0.0390625 0.0484375