0 0.03203125 0.51484375 0.0421875 0.0296875
0 0.0328125 0.54375 0.034375 0.028125
0 0.03125 0.5703125 0.034375 0.025
2 0.02578125 0.6015625 0.0421875 0.028125
0 0.12578125 0.58203125 0.0265625 0.0265625
0 0.2890625 0.70546875 0.0296875 0.0328125
0 0.52734375 0.71015625 0.03359375 0.0578125
0 0.98046875 0.6109375 0.028125 0.0625
0 0.99375 0.640625 0.0109375 0.053125
0 0.90234375 0.29140625 0.025 0.0453125
0 0.86171875 0.37734375 0.0265625 0.0484375
0 0.96171875 0.41796875 0.0234375 0.0453125
0 0.98828125 0.08671875 0.01875 0.0359375
0 0.9578125 0.159375 0.02265625 0.04375
0 0.93984375 0.2046875 0.025 0.04375