0 0.79375 0.00546875 0.01875 0.0109375
0 0.8171875 0.04765625 0.0234375 0.0484375
0 0.77109375 0.0703125 0.025 0.053125
0 0.79921875 0.10625 0.02578125 0.05
0 0.7453125 0.140625 0.02578125 0.053125
0 0.67421875 0.171875 0.025 0.053125
0 0.690625 0.21015625 0.02734375 0.0578125
0 0.625 0.2890625 0.0265625 0.05
0 0.60703125 0.35234375 0.028125 0.0546875
0 0.47734375 0.6640625 0.03046875 0.0625
0 0.49765625 0.72265625 0.03359375 0.0703125
0 0.39453125 0.890625 0.03203125 0.065625
0 0.34921875 0.97265625 0.0359375 0.0515625
0 0.0375 0.790625 0.040625 0.053125
0 0.01953125 0.82734375 0.0375 0.0609375