0 0.41875 0.02890625 0.02265625 0.0296875
0 0.38984375 0.140625 0.01875 0.0375
0 0.4515625 0.17734375 0.0109375 0.0328125
0 0.34375 0.2796875 0.01953125 0.040625
0 0.1671875 0.065625 0.0203125 0.034375
0 0.1484375 0.09140625 0.0203125 0.0421875
0 0.234375 0.0453125 0.01875 0.03125
0 0.23828125 0.38359375 0.01640625 0.0421875
0 0.2484375 0.3984375 0.021875 0.04375
0 0.06015625 0.740625 0.01953125 0.053125
0 0.08046875 0.74765625 0.0203125 0.0546875
0 0.10390625 0.759375 0.02109375 0.059375
0 0.125 0.76796875 0.01875 0.0578125
0 0.15234375 0.7765625 0.03046875 0.05
0 0.009375 0.8875 0.01875 0.06875
0 0.025 0.8984375 0.03359375 0.071875
0 0.0875 0.9265625 0.02734375 0.065625
0 0.42109375 0.884375 0.03515625 0.040625
0 0.4734375 0.8984375 0.0359375 0.0375
0 0.521875 0.915625 0.0390625 0.0375
0 0.5734375 0.9375 0.0390625 0.040625
0 0.6140625 0.97890625 0.03984375 0.0359375