0 0.359375 0.4140625 0.0296875 0.059375
0 0.2265625 0.7421875 0.0375 0.059375
0 0.7359375 0.28828125 0.02890625 0.0484375
0 0.83359375 0.45703125 0.0359375 0.0484375
0 0.84921875 0.4875 0.034375 0.05625
0 0.86171875 0.2546875 0.03046875 0.05
0 0.76171875 0.17734375 0.02890625 0.0546875
0 0.82734375 0.09375 0.03046875 0.046875
0 0.9453125 0.13359375 0.0328125 0.0453125
0 0.98203125 0.0765625 0.03046875 0.046875
0 0.8921875 0.015625 0.0359375 0.03125
0 0.1359375 0.33359375 0.03046875 0.0296875
0 0.58515625 0.88359375 0.03515625 0.0828125
0 0.646875 0.9109375 0.03046875 0.0625
0 0.671875 0.9671875 0.03203125 0.0625