0 0.73828125 0.0171875 0.0265625 0.034375
0 0.6703125 0.03671875 0.02265625 0.0515625
0 0.621875 0.146875 0.0234375 0.05
0 0.60390625 0.20625 0.0265625 0.05625
0 0.61171875 0.27109375 0.02890625 0.0609375
0 0.478125 0.496875 0.03046875 0.059375
0 0.4 0.7046875 0.02890625 0.059375
0 0.35546875 0.7890625 0.03203125 0.059375
0 0.33125 0.84609375 0.0296875 0.0671875
0 0.05703125 0.6109375 0.0390625 0.05
0 0.040625 0.64609375 0.03515625 0.0578125
0 0.00546875 0.92421875 0.0109375 0.0421875
0 0.08359375 0.971875 0.03671875 0.053125