0 0.64296875 0.8671875 0.03359375 0.05625
0 0.67421875 0.91484375 0.03515625 0.0640625
0 0.5796875 0.86328125 0.040625 0.0734375
0 0.57890625 0.39609375 0.02890625 0.0546875
0 0.67421875 0.115625 0.02734375 0.059375
0 0.728125 0.021875 0.02890625 0.04375
0 0.77734375 0.15703125 0.0265625 0.0484375
0 0.8421875 0.02265625 0.02734375 0.0453125
0 0.77265625 0.365625 0.03046875 0.059375
0 0.7921875 0.3875 0.02890625 0.0625
0 0.30625 0.4796875 0.034375 0.05625
0 0.20703125 0.85234375 0.034375 0.0671875
0 0.06875 0.47734375 0.03046875 0.0328125