0 0.403125 0.89921875 0.03515625 0.0765625
0 0.39609375 0.81875 0.034375 0.071875
0 0.44296875 0.8953125 0.0328125 0.06875
0 0.41796875 0.4765625 0.0328125 0.04375
0 0.53671875 0.48125 0.02890625 0.059375
0 0.55625 0.4140625 0.02734375 0.05625
0 0.609375 0.2890625 0.0265625 0.05625
0 0.69375 0.22265625 0.0265625 0.0546875
0 0.73984375 0.2140625 0.025 0.053125
0 0.740625 0.1015625 0.025 0.053125
0 0.76015625 0.153125 0.02578125 0.053125
0 0.79453125 0.03671875 0.02578125 0.0484375
0 0.2515625 0.278125 0.0265625 0.034375