0 0.92421875 0.25078125 0.02265625 0.0421875
0 0.82734375 0.21640625 0.02265625 0.0453125
0 0.86796875 0.1359375 0.021875 0.040625
0 0.9046875 0.053125 0.02265625 0.040625
0 0.9703125 0.13828125 0.02265625 0.0390625
0 0.92421875 0.01875 0.02578125 0.0375
0 0.98828125 0.0875 0.01953125 0.040625
0 0.93828125 0.421875 0.02734375 0.053125
0 0.95859375 0.44375 0.02734375 0.05625
0 0.56796875 0.55234375 0.0359375 0.0546875
0 0.52421875 0.55 0.03203125 0.05
0 0.28359375 0.5203125 0.02734375 0.03125
0 0.1296875 0.41328125 0.0234375 0.0265625
0 0.04296875 0.3578125 0.0390625 0.025
0 0.04453125 0.38203125 0.03359375 0.0265625
0 0.04296875 0.4078125 0.03359375 0.021875
2 0.03828125 0.4328125 0.04140625 0.028125
0 0.009375 0.23515625 0.01875 0.0203125
0 0.0078125 0.25390625 0.015625 0.0203125
0 0.425 0.87421875 0.03359375 0.0609375
0 0.78125 0.8734375 0.034375 0.059375
0 0.85859375 0.884375 0.03671875 0.05625
0 0.89375 0.93203125 0.03671875 0.0640625