0 0.31171875 0.525 0.02734375 0.034375
0 0.06875 0.36171875 0.0390625 0.0296875
0 0.06953125 0.384375 0.03046875 0.025
0 0.06953125 0.40859375 0.03359375 0.0265625
2 0.065625 0.434375 0.04140625 0.025
0 0.1578125 0.4171875 0.0234375 0.025
0 0.02265625 0.2640625 0.03515625 0.03125
0 0.01640625 0.290625 0.0328125 0.025
0 0.01796875 0.33828125 0.03515625 0.0234375
0 0.0171875 0.3640625 0.034375 0.028125
0 0.01484375 0.39296875 0.0296875 0.0265625
0 0.015625 0.42109375 0.03125 0.0296875
0 0.54140625 0.53984375 0.03203125 0.0515625
0 0.64140625 0.6203125 0.0390625 0.059375
0 0.4546875 0.87890625 0.03203125 0.0640625
0 0.82265625 0.89453125 0.040625 0.0578125
0 0.8890625 0.89140625 0.03671875 0.0546875
0 0.925 0.93828125 0.0390625 0.0578125
0 0.98671875 0.45 0.02578125 0.053125
0 0.965625 0.42734375 0.02890625 0.0546875
0 0.94921875 0.25625 0.02265625 0.04375
0 0.8515625 0.221875 0.025 0.05
0 0.89140625 0.14140625 0.021875 0.0421875
0 0.9296875 0.059375 0.025 0.0375
0 0.99140625 0.14453125 0.015625 0.0390625
0 0.946875 0.0203125 0.0234375 0.040625