0 0.28203125 0.85546875 0.03671875 0.0484375
4 0.4625 0.5859375 0.07578125 0.109375
0 0.515625 0.5234375 0.025 0.0375
0 0.53828125 0.5328125 0.028125 0.040625
0 0.5046875 0.3 0.02578125 0.034375
0 0.5390625 0.3484375 0.0203125 0.040625
2 0.690625 0.2265625 0.02890625 0.053125
3 0.72578125 0.21953125 0.0296875 0.0421875
0 0.63515625 0.37578125 0.0234375 0.0328125
0 0.59921875 0.35390625 0.02734375 0.0328125
0 0.60390625 0.39453125 0.025 0.0421875
0 0.70859375 0.48671875 0.02578125 0.0390625
0 0.76328125 0.4796875 0.0296875 0.0375
3 0.81328125 0.05625 0.02109375 0.028125
0 0.7671875 0.1671875 0.01953125 0.025
0 0.7171875 0.165625 0.0203125 0.028125
3 0.81953125 0.10234375 0.01953125 0.0328125
0 0.790625 0.07421875 0.01796875 0.0296875
0 0.77265625 0.0953125 0.01875 0.028125
0 0.31171875 0.07421875 0.01640625 0.0328125
0 0.36796875 0.10390625 0.01640625 0.0328125
0 0.37890625 0.08671875 0.01796875 0.0296875
3 0.8453125 0.00859375 0.0125 0.0171875
0 0.978125 0.70625 0.03984375 0.05625
0 0.1515625 0.98828125 0.02734375 0.0203125