0 0.32109375 0.490625 0.03046875 0.059375
0 0.69296875 0.14296875 0.0359375 0.0578125
0 0.653125 0.19609375 0.03203125 0.0546875
0 0.64140625 0.2828125 0.034375 0.0625
2 0.59453125 0.36171875 0.04765625 0.0890625
3 0.58359375 0.440625 0.0484375 0.08125
0 0.63125 0.371875 0.03203125 0.053125
3 0.690625 0.28203125 0.0390625 0.0703125
0 0.71484375 0.175 0.0359375 0.05625
0 0.76328125 0.03125 0.034375 0.05625
0 0.71953125 0.4109375 0.0375 0.059375
0 0.64921875 0.8546875 0.03046875 0.065625
0 0.5515625 0.8109375 0.0328125 0.065625
0 0.590625 0.83671875 0.03046875 0.0671875
0 0.32734375 0.90703125 0.03671875 0.0609375
0 0.3578125 0.9234375 0.0359375 0.065625
0 0.71640625 0.96484375 0.02734375 0.0609375
4 0.278125 0.96953125 0.0546875 0.0578125