4 0.4625 0.58671875 0.07109375 0.1078125
0 0.32890625 0.8046875 0.03671875 0.05
0 0.2078125 0.9453125 0.0375 0.053125
0 0.51875 0.315625 0.025 0.034375
0 0.515625 0.52578125 0.0265625 0.0421875
0 0.53984375 0.53515625 0.02734375 0.0390625
2 0.69140625 0.22734375 0.0296875 0.0578125
3 0.7171875 0.2328125 0.02890625 0.04375
0 0.56875 0.3140625 0.0234375 0.0375
0 0.546875 0.3671875 0.015625 0.040625
0 0.3875 0.10234375 0.01875 0.0359375
0 0.3859375 0.1265625 0.01640625 0.025
0 0.3140625 0.075 0.01484375 0.034375
0 0.7640625 0.4796875 0.028125 0.040625
0 0.6859375 0.459375 0.02578125 0.040625
0 0.63125 0.428125 0.02734375 0.040625
0 0.60625 0.34140625 0.0234375 0.0328125
0 0.71796875 0.16328125 0.01796875 0.0265625
0 0.7546875 0.18359375 0.01953125 0.0265625
3 0.81328125 0.05625 0.02109375 0.025
3 0.80859375 0.11796875 0.021875 0.0390625
0 0.77421875 0.09453125 0.01875 0.0296875
0 0.79296875 0.07421875 0.01953125 0.0296875
0 0.88359375 0.0140625 0.01875 0.028125
3 0.846875 0.00859375 0.01328125 0.0171875
0 0.9796875 0.70390625 0.03671875 0.0484375