0 0.465625 0.665625 0.03671875 0.05625
4 0.6609375 0.4140625 0.08515625 0.134375
0 0.59140625 0.359375 0.028125 0.059375
0 0.5734375 0.3953125 0.0265625 0.05625
0 0.37578125 0.26015625 0.02890625 0.0328125
0 0.24296875 0.08828125 0.0234375 0.0328125
0 0.1078125 0.03203125 0.040625 0.0296875
2 0.15546875 0.0671875 0.0390625 0.040625
0 0.16640625 0.01875 0.02890625 0.03125
0 0.1625 0.04296875 0.0296875 0.0296875
0 0.1109375 0.0078125 0.04140625 0.015625
0 0.015625 0.015625 0.03125 0.03125
0 0.98203125 0.1859375 0.0328125 0.05
0 0.8890625 0.8828125 0.03203125 0.06875
0 0.91796875 0.94609375 0.03359375 0.0671875
4 0.25 0.93359375 0.11953125 0.1296875