0 0.5234375 0.321875 0.0203125 0.06875
0 0.6859375 0.078125 0.01484375 0.065625
0 0.68671875 0.14296875 0.0125 0.0609375
0 0.42734375 0.140625 0.0125 0.06875
0 0.37109375 0.24921875 0.040625 0.0296875
0 0.37265625 0.29609375 0.03984375 0.0359375
0 0.42109375 0.4515625 0.0375 0.04375
0 0.25546875 0.4390625 0.03984375 0.034375
0 0.125 0.44765625 0.04140625 0.0328125
0 0.06171875 0.45390625 0.04140625 0.0328125
0 0.02109375 0.45390625 0.03671875 0.0265625
0 0.05390625 0.634375 0.04609375 0.03125
0 0.10703125 0.6328125 0.0421875 0.03125
0 0.225 0.61796875 0.03984375 0.0390625
0 0.31015625 0.62109375 0.03984375 0.0359375
0 0.7640625 0.909375 0.01875 0.071875
0 0.97421875 0.7109375 0.03984375 0.03125