0 0.7671875 0.1640625 0.015625 0.06875
0 0.71953125 0.2671875 0.01875 0.028125
0 0.7203125 0.3125 0.015625 0.03125
0 0.859375 0.34375 0.02109375 0.06875
0 0.85625 0.58515625 0.03671875 0.0359375
0 0.6453125 0.6375 0.03671875 0.03125
0 0.5234375 0.51328125 0.03671875 0.0296875
0 0.59140625 0.4515625 0.03671875 0.03125
0 0.46328125 0.45546875 0.0375 0.0328125
0 0.44609375 0.640625 0.0375 0.03125
0 0.3953125 0.64296875 0.04296875 0.0296875
0 0.2421875 0.4640625 0.0390625 0.028125
0 0.2953125 0.4640625 0.03203125 0.028125
0 0.36015625 0.46015625 0.0359375 0.0296875
0 0.4015625 0.4640625 0.0375 0.028125
0 0.08203125 0.0203125 0.0203125 0.040625
0 0.18984375 0.6515625 0.0390625 0.028125
0 0.296875 0.64921875 0.034375 0.0296875