0 0.75390625 0.25546875 0.0375 0.0359375
0 0.67734375 0.35546875 0.02265625 0.0640625
3 0.6671875 0.46484375 0.02578125 0.0703125
0 0.79609375 0.13515625 0.03203125 0.0609375
0 0.33671875 0.6390625 0.03515625 0.065625
4 0.19296875 0.95859375 0.06484375 0.0796875
0 0.17421875 0.259375 0.0328125 0.034375
0 0.7640625 0.64609375 0.0328125 0.0546875
0 0.79296875 0.69296875 0.03359375 0.0546875
0 0.83671875 0.78125 0.0359375 0.05625
0 0.90390625 0.134375 0.0359375 0.059375
0 0.9234375 0.1609375 0.03359375 0.065625