4 0.784375 0.56640625 0.07890625 0.1328125
0 0.89296875 0.3 0.028125 0.05
0 0.990625 0.3671875 0.01796875 0.053125
0 0.990625 0.1421875 0.01640625 0.0375
0 0.9875 0.56875 0.02265625 0.053125
2 0.4765625 0.46796875 0.03359375 0.0703125
0 0.5 0.58828125 0.02890625 0.0578125
0 0.40703125 0.903125 0.0375 0.05625
0 0.29296875 0.49453125 0.0296875 0.0296875
0 0.32109375 0.20078125 0.021875 0.0453125
2 0.05 0.3359375 0.0421875 0.0375
0 0.0609375 0.25859375 0.03984375 0.0234375
0 0.0609375 0.28125 0.0328125 0.025
0 0.0578125 0.309375 0.0328125 0.025
0 0.14453125 0.33984375 0.025 0.0265625
0 0.0265625 0.1171875 0.03671875 0.025
0 0.02109375 0.140625 0.03671875 0.025
0 0.01640625 0.16953125 0.0328125 0.0265625
0 0.015625 0.22109375 0.03125 0.0234375
0 0.0140625 0.24765625 0.028125 0.0265625
0 0.0109375 0.27890625 0.021875 0.0265625
0 0.009375 0.30859375 0.01875 0.0234375