0 0.7390625 0.23828125 0.025 0.0328125
0 0.7453125 0.2640625 0.02265625 0.040625
3 0.775 0.2703125 0.02265625 0.040625
0 0.7375 0.32421875 0.021875 0.0359375
2 0.71171875 0.3140625 0.03203125 0.0625
0 0.590625 0.49609375 0.02734375 0.0453125
0 0.52421875 0.659375 0.0296875 0.04375
0 0.55 0.6703125 0.0296875 0.04375
0 0.47578125 0.67265625 0.0296875 0.0484375
4 0.46640625 0.73671875 0.07890625 0.1296875
0 0.3015625 0.9578125 0.03984375 0.05
0 0.4171875 0.86875 0.03203125 0.05
0 0.48203125 0.771875 0.0296875 0.053125
0 0.3234375 0.97890625 0.03515625 0.0390625
0 0.79453125 0.7828125 0.03515625 0.065625
0 0.79609375 0.609375 0.03203125 0.04375
0 0.98359375 0.9859375 0.03046875 0.025
0 0.8921875 0.0828125 0.01875 0.034375
3 0.8796875 0.05625 0.01796875 0.028125
0 0.81796875 0.13828125 0.01953125 0.0359375
0 0.7984375 0.16171875 0.02109375 0.0390625
3 0.84140625 0.1140625 0.02109375 0.028125
3 0.70859375 0.3609375 0.034375 0.05
0 0.91015625 0.01953125 0.01875 0.0234375
0 0.896875 0.03828125 0.01640625 0.0234375
0 0.3375 0.05390625 0.015625 0.0265625
0 0.38515625 0.11328125 0.0140625 0.0265625
0 0.30703125 0.13515625 0.015625 0.0328125
0 0.471875 0.2625 0.01875 0.034375
0 0.4640625 0.290625 0.025 0.040625