0 0.15078125 0.07578125 0.0328125 0.0328125
0 0.3140625 0.45234375 0.03515625 0.0640625
4 0.153125 0.81015625 0.09609375 0.1703125
0 0.67734375 0.44296875 0.03203125 0.0640625
3 0.75234375 0.5671875 0.0375 0.0625
0 0.81015625 0.590625 0.0359375 0.05625
0 0.76875 0.50546875 0.03359375 0.0546875
0 0.73828125 0.45859375 0.03359375 0.0609375
0 0.665625 0.1546875 0.0328125 0.059375
0 0.7328125 0.03828125 0.0296875 0.0578125
0 0.88828125 0.00859375 0.02265625 0.0171875
0 0.93125 0.75703125 0.034375 0.0609375