0 0.1125 0.50625 0.025 0.03125
0 0.01640625 0.46015625 0.0328125 0.0359375
0 0.015625 0.4921875 0.03125 0.03125
0 0.01796875 0.52109375 0.03515625 0.0328125
2 0.01953125 0.5546875 0.0390625 0.040625
0 0.2921875 0.58828125 0.02890625 0.0390625
4 0.50078125 0.45 0.08515625 0.109375
0 0.525 0.53125 0.03515625 0.046875
0 0.51875 0.578125 0.0328125 0.05
0 0.915625 0.83671875 0.03984375 0.0515625
0 0.95390625 0.8765625 0.0421875 0.05
0 0.8453125 0.1046875 0.025 0.05
0 0.96328125 0.071875 0.02109375 0.05
0 0.95 0.12421875 0.02578125 0.0484375
0 0.9734375 0.3171875 0.0296875 0.059375
0 0.990625 0.334375 0.01640625 0.059375