3 0.7921875 0.40859375 0.02734375 0.0484375
0 0.75625 0.409375 0.02578125 0.040625
0 0.7578125 0.36640625 0.02265625 0.0359375
0 0.871875 0.25546875 0.02265625 0.0328125
0 0.81953125 0.28046875 0.01953125 0.0359375
3 0.9 0.16484375 0.01640625 0.0265625
0 0.93203125 0.1265625 0.01953125 0.03125
0 0.91796875 0.14453125 0.0140625 0.0296875
0 0.95625 0.09765625 0.02578125 0.0359375
0 0.8375 0.25546875 0.01796875 0.0359375
3 0.8640625 0.2328125 0.02109375 0.034375
2 0.7296875 0.45234375 0.034375 0.0640625
0 0.7546875 0.4625 0.025 0.04375
3 0.7265625 0.50390625 0.0359375 0.0546875
0 0.53125 0.5109375 0.025 0.046875
0 0.24921875 0.02734375 0.01484375 0.0296875
0 0.27890625 0.025 0.0140625 0.025
0 0.31015625 0.02265625 0.01640625 0.0296875
0 0.3421875 0.175 0.01796875 0.03125
0 0.3375 0.21015625 0.01796875 0.0359375
0 0.30234375 0.25234375 0.01796875 0.0390625
4 0.4671875 0.93203125 0.0859375 0.1328125
0 0.52890625 0.84921875 0.03359375 0.0515625
0 0.55859375 0.86015625 0.034375 0.0515625
0 0.48671875 0.9734375 0.0359375 0.05
0 0.8234375 0.79140625 0.040625 0.0578125
0 0.825 0.89921875 0.03671875 0.0546875
0 0.8234375 0.978125 0.03671875 0.040625