4 0.79921875 0.5921875 0.084375 0.13125
2 0.34453125 0.1734375 0.03046875 0.065625
0 0.303125 0.48984375 0.028125 0.0296875
0 0.228125 0.0109375 0.02265625 0.021875
0 0.3515625 0.2578125 0.0234375 0.046875
0 0.04765625 0.0953125 0.0359375 0.025
0 0.04296875 0.121875 0.03671875 0.025
0 0.034375 0.14765625 0.03671875 0.0265625
0 0.03203125 0.2 0.0375 0.025
0 0.02890625 0.22734375 0.03984375 0.0265625
0 0.0203125 0.25859375 0.040625 0.0234375
0 0.01953125 0.2875 0.0390625 0.025
0 0.08046875 0.2390625 0.04140625 0.025
0 0.07890625 0.2640625 0.03203125 0.025
0 0.07578125 0.29140625 0.0328125 0.0234375
2 0.0671875 0.31796875 0.04140625 0.0328125
0 0.1640625 0.3265625 0.02890625 0.028125
0 0.40859375 0.9125 0.040625 0.0625
0 0.91640625 0.33046875 0.0296875 0.0546875