0 0.38671875 0.43515625 0.03671875 0.0296875
0 0.375 0.5765625 0.03046875 0.0625
0 0.53359375 0.55234375 0.021875 0.0640625
0 0.43984375 0.61875 0.03984375 0.028125
0 0.03125 0.453125 0.04140625 0.03125
0 0.0859375 0.4515625 0.03359375 0.03125
0 0.1515625 0.44765625 0.03671875 0.0265625
0 0.1921875 0.4484375 0.04140625 0.03125
0 0.25625 0.4421875 0.03984375 0.03125
0 0.2375 0.6265625 0.040625 0.03125
0 0.1859375 0.6296875 0.046875 0.034375
0 0.08671875 0.6390625 0.03671875 0.028125
0 0.6546875 0.321875 0.021875 0.06875
0 0.81484375 0.084375 0.01640625 0.065625
0 0.8140625 0.15234375 0.0140625 0.0640625
0 0.56171875 0.1421875 0.01640625 0.06875
0 0.503125 0.25078125 0.0390625 0.0359375
0 0.50390625 0.29453125 0.03984375 0.0328125
0 0.89296875 0.87578125 0.01484375 0.0734375