0 0.37265625 0.14296875 0.015625 0.0328125
0 0.35703125 0.15078125 0.015625 0.0328125
0 0.31640625 0.14140625 0.01796875 0.0328125
0 0.496875 0.3453125 0.02265625 0.0375
0 0.5328125 0.39296875 0.0203125 0.0359375
0 0.5828125 0.42421875 0.025 0.0359375
0 0.628125 0.4484375 0.02578125 0.034375
0 0.66171875 0.46484375 0.02265625 0.0359375
0 0.7265625 0.5640625 0.0296875 0.0375
0 0.76328125 0.53515625 0.02890625 0.0359375
0 0.71484375 0.2265625 0.01875 0.028125
2 0.68828125 0.2875 0.0296875 0.053125
3 0.73515625 0.2671875 0.028125 0.040625
0 0.77578125 0.21484375 0.01875 0.0296875
3 0.828125 0.15234375 0.0203125 0.0328125
0 0.7875 0.140625 0.01640625 0.03125
0 0.76875 0.159375 0.01796875 0.03125
3 0.80859375 0.1234375 0.01875 0.028125
3 0.84453125 0.071875 0.0140625 0.025
0 0.86015625 0.05703125 0.0125 0.0234375
0 0.87265625 0.0421875 0.015625 0.021875
0 0.8921875 0.02109375 0.01875 0.0265625
0 0.934375 0.0203125 0.02109375 0.028125
0 0.9078125 0.00703125 0.01484375 0.0140625
0 0.5390625 0.58671875 0.0265625 0.0421875
0 0.515625 0.578125 0.0265625 0.040625
4 0.4609375 0.63828125 0.07265625 0.1140625
0 0.2234375 0.96875 0.040625 0.053125
0 0.9796875 0.76015625 0.0390625 0.0546875