0 0.0125 0.0953125 0.025 0.03125
0 0.0796875 0.165625 0.03984375 0.03125
0 0.08515625 0.13984375 0.0375 0.0296875
0 0.09375 0.11328125 0.0359375 0.0296875
0 0.09765625 0.0890625 0.03359375 0.025
0 0.10390625 0.04296875 0.03515625 0.0296875
0 0.1125 0.0171875 0.03515625 0.028125
0 0.14140625 0.13203125 0.03671875 0.0296875
0 0.1390625 0.15546875 0.02734375 0.0265625
0 0.13515625 0.178125 0.0328125 0.03125
2 0.1265625 0.203125 0.040625 0.0375
0 0.21171875 0.22421875 0.02109375 0.0265625
0 0.33984375 0.39921875 0.028125 0.0265625
0 0.47734375 0.39375 0.021875 0.05
0 0.3921875 0.12265625 0.0234375 0.0515625
0 0.5953125 0.6984375 0.0265625 0.0625
0 0.41875 0.8109375 0.0390625 0.053125
2 0.65703125 0.765625 0.03359375 0.078125
0 0.6859375 0.92421875 0.0328125 0.0671875
4 0.8140625 0.5796875 0.08671875 0.121875
0 0.94296875 0.34921875 0.0296875 0.0484375