0 0.52734375 0.47109375 0.0234375 0.0484375
0 0.46640625 0.27109375 0.0203125 0.0484375
0 0.35625 0.3671875 0.02578125 0.025
0 0.05546875 0.1109375 0.03203125 0.028125
0 0.03984375 0.153125 0.028125 0.028125
0 0.084375 0.01640625 0.0328125 0.0296875
0 0.15859375 0.03125 0.0296875 0.021875
0 0.15234375 0.0484375 0.03046875 0.01875
0 0.14375 0.06796875 0.03046875 0.0265625
0 0.1390625 0.10859375 0.0296875 0.0265625
0 0.12109375 0.1703125 0.03671875 0.025
0 0.12578125 0.15 0.03359375 0.03125
0 0.1328125 0.1265625 0.03203125 0.025
0 0.1765625 0.14296875 0.03515625 0.0265625
0 0.17421875 0.16328125 0.0265625 0.0265625
0 0.1703125 0.18203125 0.0296875 0.0234375
2 0.1625 0.2 0.03203125 0.034375
0 0.23984375 0.22109375 0.0203125 0.0203125
0 0.01171875 0.07421875 0.0234375 0.0234375
0 0.0109375 0.09453125 0.02109375 0.0234375
0 0.0203125 0.034375 0.0296875 0.021875
0 0.03984375 0.00625 0.021875 0.0125
0 0.428125 0.728125 0.0359375 0.053125
0 0.70703125 0.896875 0.0328125 0.065625
2 0.7609375 0.93828125 0.0375 0.0828125
4 0.796875 0.51953125 0.08125 0.1109375
0 0.9890625 0.5640625 0.0203125 0.040625
0 0.840625 0.94765625 0.0359375 0.0640625
0 0.8640625 0.98671875 0.02578125 0.0234375
0 0.91328125 0.32578125 0.0265625 0.0421875
4 0.2078125 0.95234375 0.11796875 0.0921875