0 0.3140625 0.07734375 0.01796875 0.0359375
0 0.39609375 0.11640625 0.01640625 0.0359375
0 0.4046875 0.1546875 0.01796875 0.034375
0 0.534375 0.2734375 0.02578125 0.034375
0 0.53203125 0.3359375 0.02578125 0.03125
0 0.55078125 0.3859375 0.0140625 0.04375
0 0.57734375 0.3078125 0.02265625 0.034375
0 0.659375 0.42890625 0.02734375 0.0390625
0 0.66171875 0.46640625 0.02890625 0.0390625
0 0.53984375 0.5359375 0.02578125 0.0375
0 0.51640625 0.52578125 0.0234375 0.0359375
4 0.4640625 0.58828125 0.07890625 0.1140625
0 0.2609375 0.8921875 0.0359375 0.05
0 0.3671875 0.7625 0.02890625 0.046875
0 0.765625 0.484375 0.0328125 0.04375
2 0.68984375 0.228125 0.03046875 0.05625
3 0.70859375 0.2453125 0.02734375 0.04375
3 0.81328125 0.0578125 0.0203125 0.028125
0 0.79140625 0.07578125 0.01796875 0.0265625
0 0.77421875 0.09453125 0.01953125 0.0296875
0 0.71796875 0.16484375 0.0203125 0.0265625
3 0.79921875 0.128125 0.021875 0.0375
0 0.74375 0.19921875 0.02109375 0.0296875
0 0.85546875 0.04609375 0.0203125 0.0296875
3 0.846875 0.0109375 0.01484375 0.021875
0 0.9796875 0.70546875 0.0390625 0.0515625