4 0.46328125 0.64375 0.075 0.121875
0 0.46171875 0.69921875 0.028125 0.0515625
0 0.51640625 0.5296875 0.02578125 0.046875
0 0.51875 0.57578125 0.028125 0.0421875
0 0.54453125 0.584375 0.0265625 0.046875
0 0.66171875 0.53515625 0.0296875 0.0484375
0 0.53671875 0.3 0.02265625 0.034375
0 0.5125 0.33203125 0.02109375 0.0421875
0 0.40078125 0.1109375 0.01953125 0.028125
0 0.45234375 0.16796875 0.01796875 0.0328125
0 0.43828125 0.20078125 0.01953125 0.0359375
2 0.6984375 0.2578125 0.0328125 0.05625
0 0.7265625 0.2625 0.02109375 0.03125
3 0.69765625 0.2984375 0.0328125 0.046875
0 0.9015625 0.01484375 0.01953125 0.0296875
0 0.80234375 0.09453125 0.01640625 0.0296875
0 0.78515625 0.115625 0.0203125 0.028125
0 0.7609375 0.1765625 0.02578125 0.034375
3 0.77109375 0.203125 0.02578125 0.040625
0 0.728125 0.18671875 0.0203125 0.0328125
3 0.8265625 0.07578125 0.01796875 0.0265625
3 0.86328125 0.0203125 0.01875 0.025
0 0.8375 0.7296875 0.034375 0.053125
0 0.99140625 0.7609375 0.01484375 0.040625
0 0.384375 0.803125 0.028125 0.04375
0 0.24296875 0.91953125 0.040625 0.0546875
0 0.2640625 0.95 0.0359375 0.046875
0 0.77734375 0.5265625 0.0328125 0.0375