0 0.8921875 0.1328125 0.025 0.034375
0 0.94296875 0.01953125 0.01953125 0.0328125
0 0.92109375 0.04609375 0.015625 0.0234375
0 0.90625 0.06484375 0.0125 0.0296875
3 0.8890625 0.08359375 0.015625 0.0265625
3 0.85234375 0.146875 0.02109375 0.034375
0 0.82734375 0.16953125 0.02109375 0.0359375
0 0.80859375 0.18984375 0.01953125 0.0421875
0 0.74765625 0.27265625 0.02109375 0.0359375
0 0.74765625 0.30859375 0.0234375 0.0421875
3 0.78125 0.31171875 0.0234375 0.0421875
0 0.7453125 0.3625 0.0203125 0.0375
2 0.71953125 0.353125 0.03203125 0.0625
3 0.71484375 0.4015625 0.03515625 0.053125
0 0.63828125 0.61015625 0.0265625 0.0453125
0 0.55390625 0.72734375 0.03203125 0.0515625
0 0.52734375 0.71796875 0.03046875 0.0453125
4 0.46640625 0.79921875 0.0859375 0.1390625
0 0.45078125 0.7703125 0.03046875 0.05
0 0.4859375 0.8328125 0.0328125 0.05
0 0.42734375 0.92421875 0.03046875 0.0546875
0 0.3265625 0.9875 0.03203125 0.021875
0 0.4375 0.24765625 0.0203125 0.0328125
0 0.48046875 0.3484375 0.02578125 0.0375
0 0.30703125 0.028125 0.01796875 0.028125
0 0.35546875 0.09296875 0.015625 0.0296875
0 0.884375 0.9625 0.046875 0.071875
0 0.80546875 0.6640625 0.0359375 0.053125