4 0.76640625 0.46796875 0.0703125 0.1015625
0 0.875 0.3046875 0.0234375 0.0375
0 0.98828125 0.18828125 0.021875 0.0328125
0 0.96796875 0.209375 0.02578125 0.03125
0 0.959375 0.36640625 0.025 0.0359375
0 0.98515625 0.3359375 0.0203125 0.028125
0 0.51015625 0.33984375 0.02109375 0.0421875
0 0.5375 0.44296875 0.021875 0.0453125
0 0.43984375 0.6328125 0.03359375 0.040625
0 0.37421875 0.33828125 0.0234375 0.0265625
0 0.21484375 0.15546875 0.02890625 0.0234375
0 0.2109375 0.16875 0.02734375 0.025
0 0.21015625 0.18671875 0.025 0.0265625
0 0.19921875 0.065625 0.02734375 0.01875
0 0.10703125 0.128125 0.0265625 0.025
0 0.09296875 0.1625 0.0234375 0.021875
0 0.13359375 0.053125 0.028125 0.028125
0 0.14140625 0.0375 0.0265625 0.025
2 0.1453125 0.01953125 0.03046875 0.0328125
2 0.153125 0.01171875 0.02265625 0.0234375
0 0.19375 0.0796875 0.02734375 0.01875
0 0.18671875 0.096875 0.02734375 0.025
0 0.18203125 0.1265625 0.0265625 0.025
0 0.1765625 0.14140625 0.0296875 0.0234375
0 0.1703125 0.15859375 0.03046875 0.0234375
0 0.16484375 0.17421875 0.02890625 0.0171875
0 0.05390625 0.13125 0.021875 0.021875
0 0.06484375 0.1171875 0.0265625 0.01875
0 0.06796875 0.09921875 0.0234375 0.0203125
0 0.07734375 0.06953125 0.0265625 0.0203125
0 0.09140625 0.040625 0.0234375 0.025
0 0.10390625 0.01328125 0.02265625 0.0171875
0 0.0984375 0.028125 0.02578125 0.021875
0 0.1078125 0.00390625 0.0265625 0.0078125
0 0.02890625 0.0296875 0.028125 0.021875
0 0.01953125 0.04453125 0.025 0.0203125
0 0.01484375 0.05859375 0.02734375 0.0234375
0 0.009375 0.07109375 0.01875 0.0234375
0 0.00703125 0.0859375 0.0140625 0.021875
0 0.034375 0.0140625 0.025 0.01875
0 0.03984375 0.00390625 0.025 0.0078125
0 0.953125 0.5 0.03046875 0.0375
0 0.96875 0.5203125 0.02734375 0.0375
0 0.8171875 0.82109375 0.02890625 0.0546875
0 0.84453125 0.87265625 0.03203125 0.0578125
0 0.8859375 0.96875 0.0328125 0.059375
0 0.8015625 0.97421875 0.03203125 0.0484375
4 0.23828125 0.84296875 0.10625 0.1234375