0 0.4515625 0.5359375 0.0203125 0.071875
0 0.6390625 0.59296875 0.0390625 0.0453125
0 0.51875 0.62421875 0.0390625 0.0328125
0 0.465625 0.43984375 0.03671875 0.0328125
0 0.1109375 0.453125 0.03984375 0.034375
0 0.16640625 0.453125 0.034375 0.03125
0 0.23125 0.45234375 0.03671875 0.0296875
0 0.271875 0.45234375 0.0390625 0.0296875
0 0.3359375 0.44609375 0.040625 0.0328125
0 0.26484375 0.63203125 0.04453125 0.0296875
0 0.31796875 0.63046875 0.04140625 0.0296875
0 0.16796875 0.640625 0.03515625 0.028125
0 0.05859375 0.64453125 0.0359375 0.0265625
0 0.58203125 0.25625 0.0390625 0.03125
0 0.5828125 0.3 0.03984375 0.03125
0 0.640625 0.15 0.01640625 0.06875
0 0.73359375 0.3296875 0.01953125 0.06875
0 0.8984375 0.01015625 0.01875 0.0203125
0 0.89375 0.0921875 0.01796875 0.065625
0 0.89296875 0.1609375 0.01640625 0.0625