0 0.490625 0.52421875 0.01875 0.0671875
0 0.61484375 0.32265625 0.0203125 0.0671875
0 0.52265625 0.140625 0.01875 0.06875
0 0.46484375 0.2484375 0.04140625 0.03125
0 0.46640625 0.29296875 0.0390625 0.0328125
0 0.34765625 0.43515625 0.03671875 0.0328125
0 0.33359375 0.58984375 0.03515625 0.0578125
0 0.4015625 0.61953125 0.0390625 0.0328125
0 0.21796875 0.4421875 0.04140625 0.03125
0 0.1546875 0.4484375 0.04140625 0.028125
0 0.11328125 0.44921875 0.0375 0.0328125
0 0.04765625 0.453125 0.0359375 0.03125
0 0.00625 0.45234375 0.0125 0.0265625
0 0.0484375 0.6390625 0.03515625 0.028125
0 0.14609375 0.63125 0.04453125 0.034375
0 0.19921875 0.6265625 0.04140625 0.03125
0 0.77734375 0.0828125 0.01484375 0.0625
0 0.77734375 0.14921875 0.0125 0.0609375
0 0.8546875 0.87421875 0.015625 0.0734375