4 0.46328125 0.5953125 0.07578125 0.11875
0 0.51640625 0.534375 0.02734375 0.040625
0 0.540625 0.53984375 0.025 0.0390625
0 0.54140625 0.43984375 0.01796875 0.0453125
0 0.58125 0.39609375 0.02734375 0.0421875
0 0.60078125 0.359375 0.025 0.0375
3 0.69765625 0.2625 0.03203125 0.046875
0 0.7296875 0.2234375 0.0203125 0.028125
2 0.69296875 0.23203125 0.0328125 0.0546875
3 0.7796875 0.159375 0.021875 0.040625
0 0.7203125 0.1640625 0.01953125 0.025
0 0.51640625 0.23125 0.01953125 0.028125
0 0.4671875 0.1859375 0.0203125 0.03125
0 0.45078125 0.22265625 0.0203125 0.0328125
0 0.41640625 0.14609375 0.01875 0.0328125
0 0.42578125 0.69453125 0.02890625 0.0484375
0 0.33515625 0.81328125 0.0328125 0.0484375
0 0.140625 0.9640625 0.04453125 0.05
0 0.18671875 0.9703125 0.03984375 0.05625
0 0.73671875 0.5640625 0.0328125 0.046875
0 0.76875 0.490625 0.03359375 0.040625
0 0.7765625 0.09921875 0.01953125 0.0296875
0 0.7953125 0.07734375 0.01640625 0.0265625
0 0.8 0.1078125 0.0203125 0.028125
3 0.85 0.0109375 0.01640625 0.021875
0 0.9828125 0.715625 0.0328125 0.05625
3 0.8171875 0.059375 0.01875 0.03125