3 0.696875 0.2765625 0.028125 0.0375
0 0.725 0.240625 0.0203125 0.034375
0 0.7234375 0.1734375 0.0203125 0.028125
0 0.778125 0.13671875 0.02109375 0.0328125
0 0.79765625 0.08203125 0.0140625 0.0296875
0 0.78046875 0.10390625 0.01875 0.0265625
2 0.6953125 0.23984375 0.03046875 0.0578125
3 0.775 0.1796875 0.0234375 0.0375
0 0.56796875 0.3234375 0.0203125 0.034375
0 0.43515625 0.14453125 0.021875 0.0328125
0 0.42578125 0.1671875 0.01953125 0.034375
0 0.48515625 0.1984375 0.01953125 0.028125
0 0.48046875 0.271875 0.02109375 0.0375
0 0.61484375 0.453125 0.028125 0.04375
0 0.53203125 0.48046875 0.021875 0.0453125
0 0.5171875 0.54921875 0.028125 0.0390625
0 0.540625 0.55625 0.028125 0.04375
4 0.46328125 0.61015625 0.075 0.1078125
0 0.4453125 0.6875 0.0328125 0.046875
0 0.3625 0.80078125 0.03203125 0.0484375
0 0.19765625 0.93203125 0.0421875 0.0484375
0 0.23046875 0.9484375 0.0390625 0.046875
0 0.3125 0.08515625 0.01796875 0.0328125
3 0.85703125 0.01015625 0.01640625 0.0203125
3 0.81953125 0.0625 0.01953125 0.0375
0 0.7703125 0.50234375 0.03203125 0.0484375
0 0.78203125 0.634375 0.028125 0.05