0 0.3140625 0.0796875 0.01640625 0.034375
0 0.40703125 0.1296875 0.0203125 0.0375
0 0.42734375 0.18359375 0.01875 0.0359375
0 0.5015625 0.23046875 0.021875 0.0359375
0 0.54609375 0.26796875 0.01953125 0.0265625
0 0.5546875 0.35859375 0.0265625 0.0390625
0 0.55 0.4109375 0.01484375 0.04375
0 0.6296875 0.39296875 0.0265625 0.0359375
0 0.69453125 0.50859375 0.0296875 0.0421875
2 0.6921875 0.228125 0.0296875 0.053125
3 0.70078125 0.2546875 0.03203125 0.040625
0 0.7359375 0.21171875 0.01953125 0.0296875
3 0.78984375 0.14453125 0.02265625 0.0328125
0 0.71953125 0.165625 0.02109375 0.028125
0 0.775 0.09609375 0.01640625 0.0265625
0 0.79296875 0.075 0.01640625 0.028125
0 0.8265625 0.07734375 0.02109375 0.0296875
0 0.815625 0.05859375 0.01953125 0.0265625
3 0.85078125 0.00859375 0.01875 0.0171875
0 0.76640625 0.48515625 0.03046875 0.0453125
0 0.3 0.84765625 0.0328125 0.0484375
0 0.4 0.721875 0.0328125 0.05
0 0.515625 0.52734375 0.02734375 0.0390625
0 0.53984375 0.53515625 0.02578125 0.0390625
4 0.46328125 0.58984375 0.07578125 0.1171875
0 0.98046875 0.70546875 0.0375 0.0515625