0 0.74296875 0.19296875 0.0390625 0.0453125
0 0.79453125 0.07109375 0.03046875 0.0546875
0 0.90390625 0.071875 0.0359375 0.065625
0 0.921875 0.09609375 0.03515625 0.0671875
0 0.6703125 0.33125 0.0203125 0.065625
3 0.67421875 0.44453125 0.0265625 0.0703125
0 0.76328125 0.58203125 0.03359375 0.0546875
0 0.79296875 0.628125 0.0328125 0.059375
0 0.83671875 0.715625 0.03359375 0.053125
0 0.3359375 0.5734375 0.03671875 0.065625
4 0.17421875 0.925 0.09921875 0.146875
0 0.95703125 0.88515625 0.0390625 0.0640625
0 0.17421875 0.19375 0.0296875 0.03125