0 0.790625 0.8859375 0.02109375 0.071875
0 0.7109375 0.07890625 0.01796875 0.0640625
0 0.71328125 0.146875 0.015625 0.0625
0 0.55 0.32265625 0.0203125 0.0703125
0 0.45546875 0.13984375 0.01328125 0.0671875
0 0.39765625 0.24765625 0.03984375 0.0296875
0 0.3984375 0.29296875 0.040625 0.0328125
0 0.43515625 0.465625 0.03515625 0.053125
0 0.04609375 0.4515625 0.0375 0.025
0 0.08828125 0.4515625 0.0390625 0.028125
0 0.15078125 0.44453125 0.04140625 0.0296875
0 0.28125 0.43515625 0.0375 0.0296875
0 0.2578125 0.6109375 0.040625 0.040625
0 0.33515625 0.621875 0.0375 0.034375
0 0.08046875 0.63203125 0.04453125 0.0328125
0 0.13359375 0.6296875 0.0421875 0.03125
0 0.9890625 0.71328125 0.0203125 0.0296875