0 0.48125 0.51875 0.02890625 0.059375
0 0.50546875 0.44453125 0.03671875 0.0296875
0 0.559375 0.628125 0.0390625 0.028125
0 0.703125 0.59765625 0.0375 0.0265625
0 0.77421875 0.334375 0.01953125 0.06875
0 0.93984375 0.0109375 0.01640625 0.021875
0 0.93359375 0.0984375 0.01640625 0.0625
0 0.93515625 0.165625 0.0140625 0.059375
0 0.68125 0.153125 0.01796875 0.06875
0 0.15390625 0.45625 0.040625 0.028125
0 0.20703125 0.45625 0.0328125 0.028125
0 0.2734375 0.45234375 0.0359375 0.0265625
0 0.31328125 0.45390625 0.03984375 0.0296875
0 0.3765625 0.44765625 0.03984375 0.0296875
0 0.359375 0.634375 0.03671875 0.03125
0 0.209375 0.64296875 0.03515625 0.0296875
0 0.30625 0.634375 0.04375 0.03125
0 0.1 0.6484375 0.0359375 0.028125
0 0.62421875 0.2609375 0.0390625 0.03125
0 0.6234375 0.30390625 0.0390625 0.0296875