0 0.3484375 0.365625 0.02734375 0.028125
0 0.5140625 0.45078125 0.02578125 0.0515625
0 0.42421875 0.75 0.0375 0.05
0 0.66953125 0.83984375 0.02890625 0.0671875
2 0.72578125 0.88046875 0.0359375 0.0796875
0 0.8421875 0.971875 0.03203125 0.053125
4 0.80234375 0.52890625 0.0828125 0.1140625
0 0.925 0.31953125 0.02890625 0.0421875
4 0.22109375 0.97265625 0.07265625 0.0515625
0 0.0359375 0.0875 0.03046875 0.03125
0 0.01953125 0.134375 0.028125 0.025
0 0.121875 0.084375 0.03203125 0.025
0 0.11796875 0.1046875 0.034375 0.025
0 0.1078125 0.1296875 0.03359375 0.025
0 0.10546875 0.1515625 0.0359375 0.028125
0 0.128125 0.03984375 0.034375 0.0265625
0 0.1375 0.01875 0.034375 0.028125
0 0.16171875 0.12265625 0.03515625 0.0265625
0 0.159375 0.14375 0.02734375 0.028125
0 0.15625 0.165625 0.028125 0.025
2 0.1484375 0.18515625 0.0359375 0.0359375
0 0.22890625 0.20625 0.02265625 0.021875