0 0.30859375 0.53125 0.03359375 0.059375
2 0.58046875 0.3984375 0.04765625 0.08125
0 0.61640625 0.40625 0.03359375 0.05625
0 0.62734375 0.31953125 0.03515625 0.0578125
3 0.56953125 0.478125 0.04375 0.075
0 0.67890625 0.17890625 0.0375 0.0609375
0 0.63828125 0.23359375 0.0328125 0.0546875
3 0.67578125 0.32109375 0.03984375 0.0703125
0 0.6875 0.23203125 0.03671875 0.0609375
0 0.74765625 0.0671875 0.03203125 0.05625
0 0.78125 0.0234375 0.03359375 0.046875
0 0.7046875 0.44921875 0.040625 0.0609375
0 0.53671875 0.85 0.0328125 0.06875
0 0.5703125 0.86484375 0.0328125 0.0640625
0 0.63359375 0.8921875 0.03203125 0.065625
0 0.31171875 0.94609375 0.0375 0.0671875
0 0.34140625 0.96171875 0.03671875 0.0609375