0 0.89375 0.346875 0.0203125 0.071875
0 0.9265625 0.571875 0.03984375 0.0375
0 0.67890625 0.63984375 0.040625 0.0359375
0 0.62421875 0.45234375 0.03671875 0.0359375
0 0.5265625 0.52265625 0.0390625 0.0328125
0 0.49609375 0.46171875 0.03984375 0.0328125
0 0.4359375 0.46640625 0.03984375 0.0296875
0 0.39375 0.4625 0.03515625 0.028125
0 0.33046875 0.46953125 0.03515625 0.0265625
0 0.27578125 0.4671875 0.0390625 0.028125
0 0.225 0.65703125 0.03671875 0.0296875
0 0.33203125 0.65390625 0.0328125 0.0296875
0 0.42890625 0.64609375 0.0421875 0.0328125
0 0.48046875 0.6421875 0.0375 0.034375
0 0.8015625 0.16484375 0.01796875 0.0671875
0 0.1171875 0.02578125 0.02109375 0.0515625