0 0.29921875 0.03984375 0.015625 0.0265625
0 0.303125 0.11796875 0.015625 0.0328125
0 0.3703125 0.19765625 0.01953125 0.0296875
0 0.30078125 0.22109375 0.01953125 0.0421875
0 0.515625 0.46015625 0.02265625 0.0484375
0 0.5296875 0.80859375 0.0328125 0.0546875
0 0.55703125 0.821875 0.0328125 0.053125
0 0.4875 0.9328125 0.03671875 0.05625
0 0.38671875 0.959375 0.03671875 0.059375
4 0.46484375 0.89453125 0.08671875 0.1421875
3 0.790625 0.37578125 0.02734375 0.0421875
0 0.75703125 0.375 0.0234375 0.040625
0 0.75546875 0.42734375 0.02265625 0.0390625
3 0.725 0.46953125 0.03515625 0.0546875
2 0.72734375 0.41953125 0.03359375 0.0640625
0 0.97421875 0.040625 0.01171875 0.021875
0 0.9546875 0.0640625 0.01875 0.03125
0 0.93359375 0.090625 0.01640625 0.028125
0 0.9203125 0.10859375 0.0140625 0.0234375
3 0.90078125 0.1328125 0.01640625 0.028125
0 0.88046875 0.2125 0.02265625 0.0375
3 0.8609375 0.20078125 0.02109375 0.0359375
0 0.83671875 0.22265625 0.01875 0.0328125
0 0.81875 0.24609375 0.01640625 0.0328125
0 0.75625 0.33125 0.021875 0.0375
0 0.81796875 0.7515625 0.03515625 0.05625
0 0.8953125 0.96328125 0.0390625 0.0578125
0 0.75390625 0.85546875 0.034375 0.0609375