0 0.81953125 0.87578125 0.01796875 0.0734375
0 0.74296875 0.08203125 0.015625 0.0609375
0 0.74375 0.1484375 0.01640625 0.059375
0 0.45703125 0.49296875 0.028125 0.0640625
0 0.58046875 0.321875 0.01953125 0.06875
0 0.43046875 0.24921875 0.0390625 0.0328125
0 0.43046875 0.2921875 0.03984375 0.03125
0 0.48828125 0.14140625 0.01640625 0.0703125
0 0.31328125 0.4359375 0.0390625 0.03125
0 0.29296875 0.6015625 0.0359375 0.05
0 0.36796875 0.62109375 0.03984375 0.0328125
0 0.01484375 0.45546875 0.0296875 0.0296875
0 0.01640625 0.6421875 0.0328125 0.025
0 0.07578125 0.44921875 0.0375 0.0296875
0 0.11875 0.45 0.040625 0.03125
0 0.1828125 0.44375 0.03984375 0.03125
0 0.11171875 0.63203125 0.04609375 0.0328125
0 0.16328125 0.6296875 0.0421875 0.03125