0 0.50703125 0.5171875 0.02578125 0.059375
2 0.5859375 0.64453125 0.03203125 0.0734375
0 0.33984375 0.03671875 0.021875 0.0546875
0 0.3328125 0.44921875 0.02890625 0.0296875
0 0.13125 0.1703125 0.0375 0.03125
0 0.128125 0.19296875 0.0296875 0.0296875
0 0.125 0.21875 0.03203125 0.025
2 0.11484375 0.24453125 0.0390625 0.0421875
0 0.02265625 0.0109375 0.03984375 0.021875
0 0.1078125 0.02578125 0.034375 0.0265625
0 0.10234375 0.046875 0.03515625 0.028125
0 0.09296875 0.0734375 0.03515625 0.028125
0 0.08671875 0.12578125 0.034375 0.0296875
0 0.08046875 0.14921875 0.034375 0.0265625
0 0.071875 0.17734375 0.0390625 0.0296875
0 0.06796875 0.20625 0.03984375 0.03125
0 0.60390625 0.790625 0.03046875 0.059375
0 0.4140625 0.88203125 0.0390625 0.0515625
4 0.81953125 0.6390625 0.0890625 0.125
0 0.953125 0.40078125 0.0296875 0.0484375