4 0.20234375 0.975 0.04765625 0.046875
0 0.3375 0.66953125 0.0359375 0.0640625
0 0.17578125 0.28671875 0.03203125 0.0328125
0 0.76328125 0.2859375 0.0390625 0.0375
0 0.68828125 0.3421875 0.025 0.065625
3 0.66484375 0.453125 0.01953125 0.06875
0 0.7984375 0.16640625 0.03046875 0.0578125
0 0.90546875 0.16640625 0.0359375 0.0609375
0 0.92421875 0.19375 0.03515625 0.065625
0 0.76640625 0.67734375 0.03359375 0.0546875
0 0.79609375 0.72421875 0.03359375 0.0546875
0 0.8390625 0.8109375 0.03515625 0.05625