0 0.29921875 0.17890625 0.01953125 0.0359375
0 0.28828125 0.04609375 0.01640625 0.0328125
0 0.28828125 0.01015625 0.015625 0.0203125
0 0.409375 0.26328125 0.0203125 0.0421875
0 0.55078125 0.4671875 0.0296875 0.040625
0 0.4390625 0.9640625 0.034375 0.053125
0 0.48671875 0.88671875 0.0328125 0.0515625
4 0.4671875 0.8515625 0.08671875 0.14375
0 0.5296875 0.7671875 0.03359375 0.053125
0 0.5578125 0.7796875 0.03203125 0.05
0 0.828125 0.78203125 0.0359375 0.0578125
0 0.82109375 0.715625 0.0375 0.05
0 0.70078125 0.63984375 0.02890625 0.0484375
0 0.9625 0.025 0.02109375 0.034375
0 0.93984375 0.0515625 0.01875 0.028125
3 0.90859375 0.09296875 0.02578125 0.0359375
3 0.86796875 0.159375 0.01953125 0.034375
0 0.84375 0.184375 0.02109375 0.0375
0 0.8578125 0.203125 0.028125 0.034375
0 0.821875 0.20859375 0.0203125 0.0390625
0 0.76015625 0.29140625 0.021875 0.0359375
3 0.7921875 0.33671875 0.0265625 0.0515625
0 0.759375 0.33515625 0.02109375 0.0390625
0 0.75703125 0.38984375 0.0203125 0.0359375
3 0.72578125 0.43125 0.03203125 0.05625
2 0.73125 0.37890625 0.03671875 0.0640625