4 0.778125 0.53671875 0.075 0.1046875
0 0.8859375 0.36484375 0.025 0.0359375
0 0.9765625 0.4296875 0.0265625 0.03125
0 0.98203125 0.26953125 0.0265625 0.0265625
0 0.96796875 0.5734375 0.03203125 0.040625
0 0.984375 0.59609375 0.0296875 0.0453125
0 0.828125 0.91640625 0.03203125 0.0609375
0 0.85703125 0.97109375 0.0328125 0.0546875
0 0.53671875 0.509375 0.021875 0.040625
0 0.49765625 0.38046875 0.02265625 0.0453125
0 0.05 0.00703125 0.03203125 0.0140625
0 0.1578125 0.01796875 0.025 0.0203125
2 0.1421875 0.05234375 0.02265625 0.0265625
0 0.0953125 0.1828125 0.028125 0.025
0 0.18984375 0.115625 0.028125 0.021875
0 0.18515625 0.1296875 0.02890625 0.021875
0 0.1765625 0.146875 0.02734375 0.021875
0 0.16953125 0.17578125 0.0265625 0.0203125
0 0.165625 0.19296875 0.02890625 0.0234375
0 0.15859375 0.2125 0.03203125 0.025
0 0.153125 0.23046875 0.03203125 0.0265625
0 0.20546875 0.20859375 0.02890625 0.0171875
0 0.20234375 0.225 0.02265625 0.015625
0 0.19921875 0.2421875 0.0234375 0.0125
2 0.19140625 0.25859375 0.03203125 0.0296875
0 0.121875 0.10234375 0.028125 0.0234375
0 0.078125 0.2171875 0.02109375 0.01875
0 0.03984375 0.18515625 0.02578125 0.0203125
0 0.05078125 0.16953125 0.02734375 0.0203125
0 0.0546875 0.15 0.025 0.021875
0 0.0640625 0.11875 0.02734375 0.021875
0 0.10859375 0.01640625 0.02578125 0.0203125
0 0.1 0.03125 0.025 0.021875
0 0.09375 0.04453125 0.0265625 0.0203125
0 0.0921875 0.05859375 0.02734375 0.0203125
0 0.08671875 0.07421875 0.025 0.0234375
0 0.0765625 0.0828125 0.0265625 0.025
0 0.034375 0.0296875 0.0265625 0.021875
0 0.0265625 0.0453125 0.0234375 0.01875
0 0.02109375 0.05859375 0.025 0.0203125
0 0.01328125 0.07578125 0.0265625 0.0203125
0 0.00859375 0.09140625 0.0171875 0.0203125
0 0.00625 0.10703125 0.0125 0.0234375
0 0.26328125 0.27265625 0.0203125 0.0203125
0 0.36796875 0.40234375 0.0234375 0.0234375
0 0.434375 0.71875 0.0328125 0.046875
4 0.22421875 0.9375 0.1078125 0.121875