0 0.43046875 0.71875 0.034375 0.04375
0 0.53359375 0.49296875 0.021875 0.0484375
0 0.48125 0.3265625 0.021875 0.04375
0 0.36171875 0.3796875 0.02578125 0.025
0 0.19140625 0.1703125 0.03046875 0.021875
0 0.18828125 0.18984375 0.02578125 0.0234375
0 0.18515625 0.209375 0.02734375 0.01875
2 0.1765625 0.225 0.03203125 0.03125
0 0.1734375 0.071875 0.02734375 0.021875
0 0.15390625 0.1390625 0.028125 0.021875
0 0.159375 0.1046875 0.028125 0.025
0 0.16953125 0.0875 0.02890625 0.021875
0 0.14921875 0.15703125 0.0296875 0.0234375
0 0.14140625 0.178125 0.03359375 0.025
0 0.1375 0.19609375 0.0328125 0.0265625
0 0.075 0.14453125 0.02734375 0.0265625
0 0.0578125 0.1828125 0.028125 0.01875
0 0.10390625 0.05390625 0.0296875 0.0265625
0 0.1125 0.0375 0.02734375 0.025
2 0.11640625 0.01640625 0.0328125 0.0296875
2 0.125 0.0078125 0.0234375 0.015625
0 0.01171875 0.16328125 0.0234375 0.0203125
0 0.0171875 0.14609375 0.0234375 0.0234375
0 0.02890625 0.128125 0.0296875 0.021875
0 0.0328125 0.10859375 0.025 0.0203125
0 0.04609375 0.0765625 0.028125 0.021875
0 0.05703125 0.04140625 0.0296875 0.0265625
0 0.0640625 0.0265625 0.03046875 0.025
0 0.071875 0.01015625 0.0265625 0.0203125
4 0.7875 0.52265625 0.078125 0.1078125
0 0.89921875 0.34296875 0.02578125 0.0390625
0 0.98203125 0.56328125 0.034375 0.0421875
0 0.99140625 0.6 0.01484375 0.034375
0 0.98828125 0.41328125 0.021875 0.0390625
0 0.99296875 0.24296875 0.0125 0.0265625
0 0.25078125 0.24296875 0.0203125 0.0203125
4 0.21484375 0.94453125 0.11640625 0.1078125
0 0.83515625 0.92890625 0.034375 0.0609375
0 0.7421875 0.96015625 0.03203125 0.0609375
0 0.86484375 0.97734375 0.03984375 0.0421875
2 0.7984375 0.98203125 0.04140625 0.0328125