0 0.321875 0.025 0.0140625 0.021875
0 0.3171875 0.20234375 0.01484375 0.0296875
0 0.34765625 0.19375 0.01640625 0.028125
0 0.36640625 0.19296875 0.015625 0.0296875
0 0.48984375 0.4 0.025 0.034375
0 0.525 0.44375 0.01953125 0.034375
0 0.5671875 0.4640625 0.02265625 0.0375
4 0.46015625 0.703125 0.0765625 0.115625
0 0.515625 0.64296875 0.0265625 0.0359375
0 0.53984375 0.65 0.02734375 0.040625
0 0.65546875 0.54375 0.02890625 0.034375
0 0.6875 0.55390625 0.0234375 0.0359375
0 0.7390625 0.6421875 0.03203125 0.046875
0 0.98359375 0.82734375 0.03203125 0.0484375
2 0.6875 0.3484375 0.0296875 0.05625
0 0.7140625 0.28515625 0.0203125 0.0265625
3 0.7453125 0.3125 0.028125 0.04375
0 0.7875 0.26015625 0.015625 0.0265625
0 0.76875 0.2203125 0.01796875 0.028125
0 0.78515625 0.20078125 0.01484375 0.0296875
3 0.80625 0.1859375 0.01953125 0.028125
0 0.95390625 0.0515625 0.015625 0.025
0 0.9015625 0.06640625 0.01171875 0.0203125
0 0.8859375 0.08359375 0.01875 0.0265625
0 0.86796875 0.10390625 0.01328125 0.0234375
0 0.85546875 0.1171875 0.01171875 0.021875
3 0.8390625 0.134375 0.0140625 0.025
0 0.94765625 0.01328125 0.01328125 0.0203125
3 0.83671875 0.2 0.0203125 0.03125
0 0.7640625 0.5984375 0.02734375 0.0375