2 0.58125 0.47265625 0.0328125 0.0390625
2 0.31796875 0.3625 0.02578125 0.078125
0 0.0765625 0.9140625 0.0421875 0.05
0 0.20703125 0.7875 0.04375 0.046875
0 0.1578125 0.75546875 0.03671875 0.0453125
0 0.21484375 0.728125 0.04296875 0.04375
0 0.36953125 0.775 0.02734375 0.08125
0 0.34765625 0.52265625 0.02578125 0.0703125
0 0.53359375 0.49921875 0.04140625 0.0453125
0 0.54609375 0.428125 0.03984375 0.04375
0 0.6265625 0.4515625 0.03671875 0.040625
0 0.67890625 0.4265625 0.0375 0.040625
0 0.7421875 0.39453125 0.04296875 0.0421875
0 0.80703125 0.36640625 0.03984375 0.0390625
0 0.24921875 0.3140625 0.0234375 0.06875