3 0.5 0.6296875 0.0359375 0.065625
3 0.58046875 0.4765625 0.0296875 0.053125
2 0.878125 0.196875 0.03671875 0.0625
0 0.303125 0.91875 0.03671875 0.06875
0 0.3453125 0.86015625 0.03984375 0.0640625
0 0.3765625 0.93671875 0.0375 0.0734375
0 0.4203125 0.8765625 0.0359375 0.059375
0 0.41953125 0.73671875 0.03515625 0.0609375
0 0.45546875 0.68203125 0.0359375 0.0578125
0 0.61640625 0.4265625 0.028125 0.053125
0 0.64453125 0.38046875 0.03515625 0.0609375
0 0.68984375 0.3125 0.034375 0.059375
0 0.72421875 0.25859375 0.02890625 0.0484375
0 0.784375 0.48046875 0.0328125 0.0546875
0 0.82421875 0.43515625 0.02890625 0.0484375
0 0.8515625 0.3875 0.028125 0.05
0 0.91171875 0.46640625 0.015625 0.0546875
0 0.9296875 0.4625 0.0140625 0.059375
0 0.94453125 0.21640625 0.03359375 0.0578125
0 0.8375 0.07890625 0.03203125 0.0515625
0 0.86640625 0.03203125 0.028125 0.0484375
0 0.97109375 0.16875 0.03046875 0.053125
0 0.9484375 0.459375 0.01875 0.05625