0 0.04375 0.759375 0.03671875 0.06875
0 0.08515625 0.69140625 0.03671875 0.0640625
0 0.1015625 0.7125 0.03984375 0.06875
0 0.1453125 0.64609375 0.03359375 0.0671875
0 0.134375 0.60078125 0.03515625 0.0640625
0 0.18125 0.5609375 0.03671875 0.053125
0 0.6515625 0.83671875 0.03359375 0.0578125
0 0.6140625 0.77890625 0.034375 0.0578125
0 0.553125 0.6953125 0.034375 0.059375
0 0.50546875 0.6171875 0.034375 0.05625
3 0.68984375 0.91328125 0.04375 0.0640625
0 0.3296875 0.1765625 0.03203125 0.05625
0 0.45859375 0.0515625 0.028125 0.046875