0 0.33359375 0.925 0.03203125 0.071875
0 0.36875 0.84921875 0.0375 0.0703125
0 0.40859375 0.9140625 0.0359375 0.078125
0 0.44296875 0.8390625 0.03359375 0.065625
0 0.428125 0.7046875 0.03046875 0.06875
0 0.45703125 0.640625 0.028125 0.0625
0 0.5859375 0.3390625 0.021875 0.05625
0 0.61015625 0.2875 0.02890625 0.06875
0 0.64609375 0.2078125 0.03046875 0.065625
0 0.67265625 0.1453125 0.02265625 0.053125
0 0.753125 0.33828125 0.03359375 0.0609375
0 0.7859375 0.28125 0.02890625 0.05625
0 0.8078125 0.22890625 0.0234375 0.0515625
0 0.88828125 0.26953125 0.02109375 0.0578125
0 0.878125 0.034375 0.02890625 0.05625
2 0.765625 0.15390625 0.02890625 0.0671875
3 0.4953125 0.57578125 0.034375 0.0703125
3 0.55703125 0.40078125 0.02734375 0.0546875
0 0.909375 0.2609375 0.01796875 0.046875