3 0.59609375 0.58359375 0.04609375 0.0515625
3 0.715625 0.63125 0.03515625 0.040625
3 0.1984375 0.49296875 0.04921875 0.0484375
2 0.03671875 0.296875 0.0390625 0.040625
2 0.1953125 0.44296875 0.0359375 0.0390625
0 0.01171875 0.33359375 0.0234375 0.0390625
0 0.075 0.4234375 0.0421875 0.05
0 0.02421875 0.6046875 0.034375 0.075
0 0.08359375 0.11015625 0.0265625 0.0703125
0 0.31953125 0.50703125 0.0421875 0.0421875
0 0.37265625 0.4375 0.040625 0.046875
0 0.41796875 0.46953125 0.03984375 0.0453125
0 0.38203125 0.54375 0.034375 0.04375
0 0.50859375 0.51484375 0.03671875 0.0453125
0 0.5484375 0.540625 0.03984375 0.040625
0 0.76171875 0.66484375 0.03359375 0.0390625
0 0.79921875 0.6875 0.0421875 0.040625
0 0.86171875 0.72734375 0.04453125 0.0453125
0 0.91171875 0.75703125 0.0359375 0.0421875
0 0.315625 0.12421875 0.01796875 0.0421875