4 0.2421875 0.26484375 0.08671875 0.0828125
0 0.121875 0.06015625 0.03046875 0.0328125
0 0.1546875 0.0765625 0.03046875 0.034375
0 0.18984375 0.09609375 0.03203125 0.0328125
0 0.171875 0.228125 0.03359375 0.0375
0 0.2046875 0.2125 0.0328125 0.03125
0 0.29453125 0.14921875 0.03203125 0.0359375
0 0.33515625 0.16796875 0.03203125 0.0359375
0 0.3921875 0.19921875 0.03359375 0.0390625
0 0.30546875 0.2625 0.03359375 0.0375
0 0.32734375 0.30546875 0.0359375 0.0390625
0 0.37734375 0.30390625 0.03203125 0.0359375
0 0.375 0.334375 0.03203125 0.03125
0 0.475 0.35859375 0.0296875 0.0359375
0 0.51484375 0.3828125 0.03359375 0.0375
0 0.51171875 0.4125 0.03515625 0.040625
0 0.571875 0.41015625 0.03515625 0.0359375
0 0.55546875 0.4359375 0.03671875 0.034375
0 0.60703125 0.45 0.034375 0.040625
0 0.7109375 0.4203125 0.0203125 0.059375
0 0.871875 0.49609375 0.040625 0.0421875
0 0.871875 0.58046875 0.03671875 0.0421875
0 0.0921875 0.0421875 0.028125 0.03125
0 0.02734375 0.059375 0.0296875 0.03125
0 0.03984375 0.01640625 0.02734375 0.0328125
2 0.30859375 0.70234375 0.025 0.0484375
3 0.0421875 0.83828125 0.03515625 0.0578125
0 0.22734375 0.31484375 0.0328125 0.0390625
0 0.0875 0.23046875 0.034375 0.0359375
0 0.9078125 0.8796875 0.0234375 0.046875