2 0.9125 0.30234375 0.04453125 0.0390625
2 0.64609375 0.82578125 0.01953125 0.0640625
4 0.05703125 0.5453125 0.10390625 0.065625
0 0.11953125 0.440625 0.03984375 0.03125
0 0.2421875 0.4796875 0.03515625 0.034375
0 0.33984375 0.478125 0.0375 0.0375
0 0.66484375 0.38515625 0.03671875 0.0390625
0 0.68359375 0.4390625 0.04140625 0.034375
0 0.965625 0.35546875 0.04296875 0.0390625
0 0.91171875 0.26171875 0.0390625 0.0390625
0 0.6359375 0.73125 0.02109375 0.078125
0 0.6796875 0.76640625 0.0203125 0.0765625
0 0.65234375 0.91640625 0.0203125 0.0734375
0 0.5234375 0.12890625 0.01875 0.0734375
0 0.55078125 0.15 0.021875 0.071875
0 0.54453125 0.05234375 0.01796875 0.0671875