0 0.62265625 0.89609375 0.03671875 0.0578125
0 0.5828125 0.846875 0.03515625 0.053125
0 0.50234375 0.74609375 0.0359375 0.0609375
0 0.46328125 0.69296875 0.03671875 0.0546875
0 0.35078125 0.67109375 0.03359375 0.0515625
0 0.3890625 0.790625 0.0375 0.0625
0 0.2515625 0.67421875 0.03671875 0.0578125
0 0.2921875 0.59921875 0.0359375 0.0515625
0 0.22265625 0.5765625 0.0359375 0.053125
0 0.1078125 0.4234375 0.03203125 0.05
0 0.06484375 0.48203125 0.02578125 0.0609375
0 0.0234375 0.31171875 0.02578125 0.0390625
0 0.2625 0.27421875 0.02890625 0.0578125
0 0.04453125 0.8625 0.0421875 0.078125
0 0.0859375 0.78203125 0.034375 0.0734375
0 0.1234375 0.6859375 0.03984375 0.059375
0 0.078125 0.73828125 0.0375 0.0671875
0 0.025 0.84296875 0.0390625 0.0703125
2 0.034375 0.21953125 0.0296875 0.0453125
2 0.15625 0.428125 0.03046875 0.04375
3 0.49453125 0.928125 0.046875 0.071875
3 0.6640625 0.9640625 0.04375 0.065625