2 0.253125 0.08359375 0.0203125 0.0390625
0 0.48046875 0.93984375 0.03203125 0.0796875
0 0.57109375 0.82109375 0.03046875 0.0734375
0 0.63125 0.96875 0.03359375 0.059375
0 0.5484375 0.7421875 0.0296875 0.0625
0 0.446875 0.74296875 0.0296875 0.0703125
0 0.36640625 0.496875 0.0265625 0.059375
0 0.38515625 0.4578125 0.025 0.053125
0 0.346875 0.34140625 0.02265625 0.0546875
0 0.09375 0.6328125 0.0390625 0.05
0 0.14765625 0.5859375 0.040625 0.046875
0 0.15859375 0.615625 0.04140625 0.05625
0 0.2078125 0.57578125 0.0359375 0.0546875
0 0.20703125 0.53125 0.0390625 0.046875
0 0.25390625 0.5140625 0.040625 0.040625
0 0.2109375 0.428125 0.03046875 0.053125
0 0.30859375 0.3265625 0.01953125 0.040625
0 0.21953125 0.0578125 0.0203125 0.046875
0 0.453125 0.2359375 0.03203125 0.046875