0 0.67421875 0.36640625 0.0390625 0.0359375
0 0.671875 0.45625 0.03046875 0.05625
0 0.8609375 0.5671875 0.03359375 0.05625
0 0.9359375 0.68359375 0.03515625 0.0640625
3 0.8671875 0.0671875 0.03671875 0.0625
0 0.82421875 0.06640625 0.03203125 0.0578125
2 0.7875 0.13125 0.04375 0.084375
0 0.81875 0.1390625 0.028125 0.053125
3 0.77890625 0.1984375 0.04140625 0.065625
0 0.9 0.17421875 0.03359375 0.0515625
0 0.8234375 0.0125 0.021875 0.025
0 0.54453125 0.62890625 0.03515625 0.0578125
0 0.575 0.640625 0.034375 0.059375
0 0.49921875 0.765625 0.034375 0.0625
0 0.44921875 0.8515625 0.034375 0.0625
4 0.4765625 0.7265625 0.09140625 0.15
0 0.40859375 0.915625 0.034375 0.059375
0 0.35390625 0.9265625 0.040625 0.0625
0 0.3046875 0.9796875 0.0359375 0.0375