0 0.06640625 0.6875 0.04296875 0.03125
0 0.16328125 0.5796875 0.0390625 0.03125
0 0.20390625 0.6296875 0.040625 0.03125
0 0.22265625 0.58203125 0.040625 0.0328125
0 0.35546875 0.5625 0.02109375 0.078125
0 0.378125 0.43828125 0.0203125 0.0671875
0 0.55703125 0.51796875 0.04140625 0.0296875
0 0.58203125 0.45078125 0.03984375 0.0265625
0 0.65625 0.51875 0.0390625 0.03125
0 0.709375 0.5171875 0.03984375 0.03125
0 0.77734375 0.51875 0.04375 0.034375
0 0.84765625 0.521875 0.04296875 0.03125
2 0.6078125 0.51484375 0.0328125 0.0265625
2 0.37421875 0.278125 0.01875 0.078125
0 0.93515625 0.0140625 0.01875 0.028125
0 0.315625 0.20546875 0.0203125 0.0671875