0 0.58828125 0.57578125 0.0421875 0.0453125
0 0.62578125 0.53359375 0.03984375 0.0484375
0 0.68125 0.64765625 0.03984375 0.0484375
0 0.73125 0.68671875 0.03984375 0.0453125
0 0.7953125 0.7359375 0.0421875 0.053125
0 0.8609375 0.78828125 0.04140625 0.0515625
0 0.91171875 0.19921875 0.0359375 0.0640625
0 0.30078125 0.91875 0.0265625 0.071875
0 0.44609375 0.3640625 0.0234375 0.065625
0 0.43515625 0.28828125 0.028125 0.0703125
0 0.24453125 0.43203125 0.040625 0.0453125
0 0.271875 0.40078125 0.03984375 0.0453125
0 0.221875 0.3578125 0.03515625 0.04375
0 0.1125 0.38671875 0.0390625 0.0421875
2 0.47734375 0.2234375 0.02890625 0.075
2 0.63671875 0.61171875 0.03515625 0.0484375
0 0.9375 0.21875 0.02109375 0.04375
3 0.86484375 0.05625 0.02890625 0.0375
0 0.875 0.09140625 0.0296875 0.0390625
0 0.88828125 0.121875 0.028125 0.0375
0 0.859375 0.02421875 0.02734375 0.0328125
0 0.4390625 0.1328125 0.0265625 0.06875