0 0.49140625 0.87109375 0.0265625 0.0609375
0 0.52265625 0.775 0.02890625 0.071875
0 0.521875 0.58046875 0.0265625 0.0640625
0 0.5484375 0.51015625 0.03046875 0.0671875
0 0.58984375 0.56015625 0.02890625 0.0703125
0 0.628125 0.459375 0.02734375 0.059375
0 0.59375 0.3703125 0.02734375 0.0625
0 0.6171875 0.309375 0.02578125 0.0625
2 0.53046875 0.865625 0.034375 0.084375
2 0.55546875 0.684375 0.028125 0.06875
3 0.65078125 0.2453125 0.03046875 0.06875
3 0.6953125 0.0703125 0.025 0.053125
0 0.71875 0.01796875 0.02265625 0.0359375