0 0.25234375 0.959375 0.0421875 0.059375
0 0.303125 0.91640625 0.04296875 0.0515625
0 0.37109375 0.965625 0.03671875 0.05
0 0.390625 0.82421875 0.0375 0.0546875
0 0.4328125 0.78671875 0.03671875 0.0515625
0 0.628125 0.5875 0.0296875 0.040625
0 0.66015625 0.55703125 0.03515625 0.0484375
0 0.7171875 0.51015625 0.03984375 0.0546875
0 0.75859375 0.4671875 0.03046875 0.040625
0 0.790625 0.7203125 0.03984375 0.05
0 0.83671875 0.6875 0.0328125 0.05625
0 0.87109375 0.65 0.02734375 0.053125
0 0.9234375 0.7609375 0.01796875 0.065625
0 0.940625 0.765625 0.01640625 0.06875
0 0.96328125 0.76875 0.01953125 0.071875
0 0.89921875 0.33203125 0.03515625 0.0515625
0 0.93515625 0.2921875 0.03359375 0.04375
0 0.97265625 0.2578125 0.0359375 0.046875
3 0.48359375 0.75234375 0.0421875 0.0609375
3 0.5859375 0.6265625 0.0328125 0.05
0 0.98671875 0.5109375 0.025 0.05