4 0.26796875 0.55546875 0.084375 0.0859375
0 0.03203125 0.28046875 0.0265625 0.0265625
0 0.065625 0.2984375 0.02734375 0.028125
0 0.09453125 0.31484375 0.0234375 0.0296875
0 0.1390625 0.34140625 0.0234375 0.0265625
0 0.165625 0.359375 0.02734375 0.028125
0 0.19609375 0.375 0.0265625 0.028125
0 0.228125 0.39609375 0.028125 0.0265625
0 0.17421875 0.409375 0.028125 0.034375
0 0.1859375 0.4765625 0.02890625 0.03125
0 0.2015625 0.51875 0.03203125 0.034375
0 0.32578125 0.45234375 0.03203125 0.0359375
0 0.36171875 0.47421875 0.0328125 0.0296875
0 0.41640625 0.50703125 0.03046875 0.0359375
0 0.32890625 0.56171875 0.03359375 0.0359375
0 0.3484375 0.603125 0.034375 0.040625
0 0.3984375 0.603125 0.03359375 0.0375
0 0.39375 0.63359375 0.03359375 0.0359375
0 0.49140625 0.66484375 0.03203125 0.0359375
0 0.53203125 0.69140625 0.0359375 0.0390625
0 0.5875 0.72421875 0.03671875 0.0421875
0 0.528125 0.72109375 0.0359375 0.0453125
0 0.62421875 0.77421875 0.03671875 0.0484375
0 0.57109375 0.7515625 0.03984375 0.046875
0 0.7578125 0.5671875 0.01875 0.053125
0 0.86953125 0.15625 0.0140625 0.028125
0 0.9078125 0.0765625 0.01328125 0.028125
0 0.85078125 0.90234375 0.0375 0.0515625
0 0.89921875 0.84453125 0.0421875 0.0484375
0 0.37890625 0.171875 0.01875 0.034375
0 0.40390625 0.18203125 0.01796875 0.0359375
0 0.425 0.05546875 0.01640625 0.0328125
0 0.43515625 0.06328125 0.0140625 0.0328125
0 0.6359375 0.10703125 0.025 0.0265625
0 0.6234375 0.134375 0.025 0.021875
0 0.56171875 0.08359375 0.0140625 0.0265625
0 0.56796875 0.23984375 0.021875 0.0265625
0 0.57578125 0.015625 0.01640625 0.03125
0 0.24921875 0.6046875 0.03515625 0.040625
0 0.11953125 0.51640625 0.0296875 0.0328125
0 0.015625 0.5 0.02734375 0.03125