0 0.88515625 0.6375 0.03359375 0.034375
0 0.83359375 0.62109375 0.04609375 0.0359375
0 0.77265625 0.6046875 0.03984375 0.03125
0 0.73515625 0.59296875 0.03046875 0.0265625
0 0.5140625 0.540625 0.0359375 0.028125
0 0.47109375 0.52734375 0.0390625 0.0359375
0 0.378125 0.51015625 0.04140625 0.0390625
0 0.32890625 0.49296875 0.040625 0.0328125
0 0.37265625 0.60546875 0.03671875 0.0328125
0 0.30859375 0.58515625 0.04140625 0.0359375
0 0.828125 0.871875 0.04140625 0.0375
0 0.8796875 0.89921875 0.03671875 0.0328125
0 0.92421875 0.91171875 0.0359375 0.0359375
2 0.028125 0.47734375 0.0421875 0.0390625
2 0.19140625 0.56640625 0.0375 0.0359375
3 0.1 0.59296875 0.05078125 0.0390625
3 0.56328125 0.56640625 0.04140625 0.0359375
3 0.6859375 0.57734375 0.034375 0.0296875
0 0.009375 0.5234375 0.01875 0.0375
0 0.2390625 0.20234375 0.02265625 0.0484375