0 0.63671875 0.2875 0.03515625 0.046875
0 0.5390625 0.54921875 0.03359375 0.0546875
0 0.56796875 0.56171875 0.0359375 0.0515625
4 0.475 0.64296875 0.08671875 0.1421875
0 0.496875 0.68125 0.03515625 0.05625
0 0.83203125 0.659375 0.03671875 0.065625
0 0.85 0.4890625 0.0375 0.065625
0 0.55234375 0.19921875 0.0265625 0.0515625
0 0.91640625 0.5859375 0.0296875 0.06875
0 0.88203125 0.11875 0.03359375 0.05
0 0.803125 0.09140625 0.028125 0.0421875
3 0.7640625 0.14375 0.0421875 0.071875
2 0.77265625 0.07890625 0.04140625 0.0765625
0 0.80703125 0.0234375 0.03046875 0.046875
3 0.84921875 0.02578125 0.034375 0.0515625
0 0.35390625 0.834375 0.03671875 0.05625
0 0.4078125 0.825 0.03515625 0.053125
0 0.446875 0.76328125 0.03515625 0.0578125
0 0.30390625 0.90234375 0.04140625 0.0640625
0 0.2296875 0.98828125 0.0328125 0.0203125