3 0.5109375 0.47890625 0.03046875 0.0765625
3 0.56328125 0.2984375 0.021875 0.05625
2 0.3828125 0.90859375 0.0328125 0.0703125
2 0.40390625 0.9515625 0.03046875 0.071875
2 0.67421875 0.26171875 0.03203125 0.0703125
0 0.37109375 0.84140625 0.0328125 0.0765625
0 0.403125 0.76484375 0.03359375 0.0796875
0 0.44296875 0.81484375 0.0296875 0.0765625
0 0.47421875 0.740625 0.03203125 0.0625
0 0.453125 0.6125 0.028125 0.065625
0 0.47734375 0.546875 0.028125 0.065625
0 0.5890625 0.234375 0.02265625 0.059375
0 0.6078125 0.1796875 0.0296875 0.065625
0 0.63984375 0.1 0.02734375 0.071875
0 0.66328125 0.03515625 0.0234375 0.0484375
0 0.75 0.20703125 0.02734375 0.0546875
0 0.778125 0.14921875 0.02578125 0.0546875
0 0.796875 0.09296875 0.02265625 0.0515625
0 0.87890625 0.11640625 0.01796875 0.0421875
0 0.89765625 0.10703125 0.01796875 0.0390625