0 0.51328125 0.9328125 0.02890625 0.071875
0 0.58359375 0.70703125 0.02890625 0.0765625
0 0.5109375 0.7296875 0.02890625 0.06875
0 0.540625 0.65625 0.0296875 0.071875
0 0.61171875 0.63203125 0.02734375 0.0609375
0 0.58515625 0.5109375 0.02578125 0.0625
0 0.61015625 0.446875 0.02578125 0.0625
0 0.715625 0.14140625 0.0203125 0.0515625
0 0.73125 0.0921875 0.02734375 0.065625
0 0.875 0.11796875 0.028125 0.0578125
0 0.903125 0.05859375 0.02578125 0.0546875
2 0.66328125 0.403125 0.03046875 0.06875
2 0.615625 0.72890625 0.0296875 0.0765625
2 0.546875 0.83828125 0.03046875 0.0734375
3 0.64296875 0.38125 0.0296875 0.071875
3 0.69140625 0.20390625 0.02265625 0.0578125
0 0.759375 0.0234375 0.02578125 0.046875
0 0.91875 0.01484375 0.01875 0.0296875