0 0.66484375 0.93828125 0.02109375 0.0765625
0 0.659375 0.846875 0.01953125 0.075
0 0.5578125 0.6828125 0.01953125 0.071875
0 0.6828125 0.3015625 0.03359375 0.0375
0 0.76328125 0.35546875 0.03046875 0.0359375
0 0.4453125 0.4328125 0.03671875 0.03125
0 0.40234375 0.4171875 0.0359375 0.028125
0 0.39453125 0.4546875 0.0359375 0.034375
0 0.346875 0.46171875 0.0390625 0.0359375
0 0.3421875 0.4296875 0.03671875 0.03125
0 0.29765625 0.43515625 0.0328125 0.0265625
0 0.19140625 0.48671875 0.0359375 0.0265625
0 0.1859375 0.45390625 0.0375 0.0328125
0 0.13515625 0.4953125 0.03984375 0.03125
0 0.10234375 0.4703125 0.03671875 0.025
0 0.0296875 0.58046875 0.04296875 0.0296875
0 0.0296875 0.4859375 0.03984375 0.025
0 0.0625 0.3640625 0.03515625 0.028125
0 0.10859375 0.35390625 0.0359375 0.0296875
0 0.1765625 0.340625 0.034375 0.034375
4 0.04375 0.5171875 0.0875 0.0625
2 0.2109375 0.8953125 0.0359375 0.040625