0 0.096875 0.07421875 0.0328125 0.0296875
0 0.1078125 0.03125 0.02734375 0.025
0 0.13671875 0.05078125 0.03046875 0.0296875
0 0.16953125 0.065625 0.0328125 0.03125
0 0.20390625 0.08671875 0.03046875 0.0328125
0 0.31015625 0.14453125 0.0328125 0.0328125
0 0.346875 0.165625 0.0328125 0.03125
0 0.403125 0.19609375 0.03515625 0.0421875
0 0.09921875 0.2203125 0.03359375 0.0375
0 0.184375 0.2171875 0.0390625 0.0375
0 0.19296875 0.18984375 0.0328125 0.0359375
0 0.31640625 0.25625 0.03359375 0.0375
0 0.33671875 0.29765625 0.03515625 0.0390625
0 0.23671875 0.3046875 0.0359375 0.0375
0 0.30625 0.359375 0.034375 0.034375
0 0.38828125 0.30078125 0.03046875 0.0390625
0 0.38515625 0.3296875 0.03359375 0.034375
0 0.484375 0.35703125 0.03359375 0.0390625
0 0.525 0.3828125 0.03515625 0.040625
0 0.5796875 0.41328125 0.034375 0.0421875
0 0.5203125 0.4140625 0.03359375 0.040625
0 0.5625 0.43828125 0.03515625 0.0390625
0 0.615625 0.45546875 0.03515625 0.0453125
0 0.7359375 0.33515625 0.02109375 0.0515625
0 0.88046875 0.5140625 0.040625 0.046875
0 0.8546875 0.5859375 0.03671875 0.040625
4 0.25390625 0.25703125 0.0859375 0.0859375
2 0.3125 0.69375 0.02578125 0.05
3 0.04765625 0.815625 0.03515625 0.059375