0 0.39296875 0.7953125 0.0328125 0.075
0 0.42265625 0.71796875 0.034375 0.0703125
0 0.46328125 0.7703125 0.0296875 0.078125
0 0.47265625 0.5703125 0.02578125 0.065625
0 0.49765625 0.509375 0.02578125 0.0625
0 0.61015625 0.196875 0.0234375 0.053125
0 0.628125 0.14375 0.02734375 0.0625
0 0.6609375 0.0671875 0.02890625 0.06875
0 0.77109375 0.178125 0.028125 0.05625
0 0.79765625 0.11796875 0.025 0.0546875
0 0.8171875 0.0609375 0.02265625 0.05
0 0.49375 0.69609375 0.028125 0.0640625
2 0.4234375 0.90546875 0.03046875 0.0703125
2 0.421875 0.8046875 0.03203125 0.071875
2 0.6546875 0.34296875 0.03203125 0.0734375
3 0.53046875 0.440625 0.03046875 0.071875
3 0.58359375 0.2609375 0.0234375 0.059375
0 0.684375 0.01171875 0.0203125 0.0234375
0 0.89921875 0.0875 0.01796875 0.034375
0 0.9171875 0.07734375 0.01796875 0.0390625
3 0.978125 0.9578125 0.0375 0.08125