0 0.3640625 0.91484375 0.028125 0.0765625
0 0.390625 0.83359375 0.0328125 0.0765625
0 0.4359375 0.88203125 0.02734375 0.0796875
0 0.46328125 0.79921875 0.0265625 0.0703125
0 0.43515625 0.6734375 0.0265625 0.071875
0 0.45703125 0.603125 0.021875 0.065625
0 0.5515625 0.26875 0.02265625 0.05625
0 0.56796875 0.21015625 0.025 0.0671875
0 0.5953125 0.12265625 0.0265625 0.0703125
0 0.61640625 0.0546875 0.02265625 0.05625
0 0.7140625 0.215625 0.02578125 0.0625
0 0.7375 0.15 0.02578125 0.05
0 0.753125 0.09375 0.01796875 0.05
2 0.67265625 0.1546875 0.02734375 0.071875
3 0.4875 0.5265625 0.02734375 0.078125
3 0.53046875 0.33515625 0.025 0.0578125
0 0.834375 0.10625 0.02109375 0.040625
0 0.85078125 0.09609375 0.015625 0.0390625
3 0.96328125 0.96640625 0.03671875 0.0640625