0 0.41640625 0.96328125 0.0328125 0.0703125
0 0.41953125 0.7625 0.0296875 0.06875
0 0.45 0.6828125 0.03203125 0.071875
0 0.490625 0.740625 0.02890625 0.075
0 0.4984375 0.540625 0.028125 0.0625
0 0.521875 0.478125 0.02578125 0.0625
0 0.63203125 0.16953125 0.02109375 0.0546875
0 0.6515625 0.1171875 0.025 0.0625
0 0.68359375 0.040625 0.0265625 0.065625
0 0.7921875 0.14765625 0.02734375 0.0578125
0 0.82109375 0.08828125 0.0265625 0.0546875
0 0.8390625 0.03515625 0.02265625 0.0484375
2 0.63828125 0.425 0.03046875 0.071875
2 0.47421875 0.7046875 0.02890625 0.071875
2 0.45078125 0.87265625 0.02890625 0.0734375
3 0.55703125 0.41328125 0.03046875 0.0734375
0 0.5203125 0.6640625 0.028125 0.065625
3 0.60625 0.23359375 0.02578125 0.0546875
0 0.921875 0.05546875 0.01796875 0.0328125
0 0.93828125 0.046875 0.01328125 0.034375