0 0.0578125 0.296875 0.0265625 0.028125
0 0.08984375 0.3140625 0.025 0.028125
0 0.1171875 0.33203125 0.02734375 0.0265625
0 0.1609375 0.3609375 0.0265625 0.028125
0 0.1875 0.378125 0.0234375 0.028125
0 0.2171875 0.396875 0.03046875 0.028125
0 0.2453125 0.4171875 0.03046875 0.034375
0 0.34375 0.48046875 0.03046875 0.0359375
0 0.37890625 0.50234375 0.02890625 0.0328125
0 0.43203125 0.5359375 0.03203125 0.034375
0 0.240625 0.46171875 0.02890625 0.0296875
0 0.17421875 0.47421875 0.0296875 0.0359375
0 0.21875 0.5359375 0.03203125 0.0375
0 0.2640625 0.625 0.0328125 0.04375
0 0.34375 0.5890625 0.03203125 0.034375
0 0.3625 0.62890625 0.03515625 0.0421875
0 0.41171875 0.634375 0.0328125 0.040625
0 0.4078125 0.66328125 0.03046875 0.0359375
0 0.50390625 0.7 0.0328125 0.0375
0 0.54453125 0.72890625 0.03515625 0.0390625
0 0.53984375 0.7609375 0.03515625 0.046875
0 0.60078125 0.76796875 0.0359375 0.0390625
0 0.58203125 0.790625 0.03671875 0.040625
0 0.63671875 0.81875 0.03515625 0.046875
0 0.7875 0.53984375 0.0203125 0.0484375
0 0.87734375 0.25859375 0.01484375 0.0328125
0 0.91328125 0.1765625 0.015625 0.03125
0 0.840625 0.93828125 0.03671875 0.0640625
0 0.915625 0.9078125 0.04375 0.053125
0 0.64453125 0.17890625 0.0203125 0.0234375
0 0.65546875 0.15234375 0.021875 0.0296875
0 0.58671875 0.28359375 0.0234375 0.0296875
0 0.425 0.21640625 0.01875 0.0390625
0 0.40078125 0.2015625 0.02109375 0.0375
0 0.44765625 0.09296875 0.015625 0.0296875
0 0.45703125 0.10234375 0.015625 0.0328125
0 0.56484375 0.04296875 0.01328125 0.0296875
0 0.57578125 0.04921875 0.01328125 0.0296875
0 0.596875 0.0578125 0.015625 0.03125
0 0.584375 0.128125 0.01484375 0.034375
4 0.2828125 0.58125 0.08125 0.0875
0 0.0328125 0.3171875 0.028125 0.03125
0 0.0375 0.51171875 0.03046875 0.0390625
0 0.1390625 0.5328125 0.028125 0.034375
3 0.0296875 0.27578125 0.02734375 0.0265625