0 0.903125 0.48671875 0.0328125 0.0484375
0 0.840625 0.47265625 0.0359375 0.0515625
0 0.76328125 0.4359375 0.0375 0.05
0 0.8375 0.24296875 0.0359375 0.0484375
0 0.91328125 0.1859375 0.034375 0.04375
0 0.94296875 0.15390625 0.03203125 0.0421875
0 0.57890625 0.6828125 0.034375 0.05
0 0.540625 0.68046875 0.03359375 0.0546875
0 0.40078125 0.54453125 0.02734375 0.0609375
0 0.43046875 0.54609375 0.028125 0.0671875
0 0.40703125 0.46796875 0.02578125 0.0578125
0 0.321875 0.39609375 0.025 0.0609375
0 0.26796875 0.22265625 0.021875 0.0515625
0 0.25234375 0.17109375 0.02109375 0.0515625
2 0.68046875 0.56875 0.04140625 0.05625
3 0.24140625 0.109375 0.02578125 0.059375
0 0.9890625 0.30390625 0.01953125 0.0359375