0 0.05546875 0.828125 0.040625 0.034375
0 0.07578125 0.89375 0.0421875 0.0375
0 0.18046875 0.89921875 0.03984375 0.0421875
0 0.4390625 0.075 0.015625 0.053125
0 0.44296875 0.13203125 0.01328125 0.0515625
0 0.459375 0.3234375 0.01640625 0.059375
0 0.5234375 0.440625 0.01796875 0.0625
0 0.50234375 0.51015625 0.01875 0.0671875
0 0.53046875 0.5296875 0.02109375 0.065625
0 0.64609375 0.75625 0.0390625 0.040625
0 0.75 0.68046875 0.0375 0.0359375
0 0.8203125 0.77109375 0.04375 0.0421875
2 0.81796875 0.6953125 0.04609375 0.04375