3 0.4875 0.73515625 0.04375 0.0609375
3 0.58515625 0.6046875 0.03203125 0.05
0 0.96015625 0.2125 0.034375 0.046875
0 0.9234375 0.24609375 0.03359375 0.0484375
0 0.88984375 0.2859375 0.0375 0.04375
0 0.7546875 0.434375 0.028125 0.046875
0 0.7140625 0.4765625 0.03671875 0.053125
0 0.659375 0.528125 0.03515625 0.05625
0 0.6265625 0.565625 0.03203125 0.05
0 0.43515625 0.771875 0.0359375 0.05625
0 0.3953125 0.81484375 0.0359375 0.0484375
0 0.309375 0.915625 0.04375 0.05625
0 0.26171875 0.959375 0.03984375 0.05625
0 0.3796875 0.95703125 0.0359375 0.0515625
0 0.790625 0.68203125 0.0390625 0.0546875
0 0.83515625 0.65 0.03203125 0.05
0 0.86953125 0.60703125 0.0296875 0.0546875
0 0.9234375 0.71171875 0.015625 0.0578125
0 0.940625 0.7171875 0.01875 0.065625
0 0.9625 0.7203125 0.01953125 0.065625
0 0.98359375 0.46328125 0.03046875 0.0515625