0 0.55234375 0.35546875 0.02265625 0.0390625
0 0.5390625 0.40703125 0.02578125 0.0484375
0 0.58125 0.4375 0.0265625 0.05
0 0.6421875 0.4484375 0.03359375 0.04375
3 0.73359375 0.3578125 0.03515625 0.05625
2 0.73671875 0.3046875 0.03515625 0.071875
0 0.765625 0.31328125 0.0203125 0.0390625
0 0.76953125 0.2125 0.02265625 0.040625
0 0.76640625 0.25859375 0.025 0.0390625
3 0.8046875 0.25859375 0.028125 0.0484375
0 0.83671875 0.11953125 0.01953125 0.0328125
0 0.8453125 0.140625 0.025 0.034375
0 0.85546875 0.08984375 0.01953125 0.0328125
3 0.884375 0.06640625 0.021875 0.0296875
0 0.82578125 0.65703125 0.0375 0.0515625
4 0.46796875 0.79453125 0.0859375 0.1421875
0 0.4890625 0.834375 0.03203125 0.053125
0 0.43828125 0.9171875 0.0328125 0.05625
0 0.39921875 0.9734375 0.034375 0.05
0 0.53046875 0.709375 0.03046875 0.05
0 0.55859375 0.7203125 0.03203125 0.053125
0 0.3453125 0.97734375 0.03984375 0.0421875
0 0.38046875 0.121875 0.01953125 0.0375
0 0.29453125 0.0828125 0.0203125 0.046875