0 0.91015625 0.5125 0.03359375 0.059375
0 0.94296875 0.0859375 0.0375 0.034375
0 0.9375 0.13515625 0.0375 0.0328125
0 0.86796875 0.4109375 0.02890625 0.040625
0 0.978125 0.26015625 0.0421875 0.0359375
0 0.9859375 0.178125 0.0265625 0.034375
0 0.640625 0.22109375 0.0203125 0.0609375
0 0.64609375 0.0359375 0.0203125 0.053125
0 0.521875 0.08359375 0.021875 0.0640625
0 0.1203125 0.71875 0.0375 0.04375
0 0.2296875 0.68515625 0.0359375 0.0421875
0 0.2796875 0.72890625 0.03671875 0.0484375
0 0.25234375 0.7625 0.03984375 0.046875
0 0.453125 0.68203125 0.02265625 0.0640625
0 0.60234375 0.91171875 0.04453125 0.0515625
0 0.63984375 0.86328125 0.04296875 0.0484375
0 0.7 0.9796875 0.03984375 0.0375
2 0.653125 0.94765625 0.0359375 0.0453125
2 0.4859375 0.5390625 0.02734375 0.075
0 0.4609375 0.5359375 0.02890625 0.071875
3 0.85390625 0.378125 0.02734375 0.040625
0 0.85078125 0.3421875 0.0234375 0.03125
0 0.8375 0.23359375 0.02109375 0.0296875
3 0.83984375 0.17421875 0.0234375 0.0265625
0 0.84921875 0.0546875 0.03203125 0.034375
0 0.846875 0.08671875 0.0265625 0.0328125
0 0.84296875 0.11484375 0.0234375 0.0265625
0 0.446875 0.46015625 0.02265625 0.0609375