0 0.5046875 0.42890625 0.0296875 0.0640625
0 0.49765625 0.82890625 0.03359375 0.0609375
0 0.52890625 0.84375 0.03515625 0.0625
4 0.43046875 0.9296875 0.09921875 0.1375
0 0.45 0.96953125 0.03515625 0.0578125
0 0.6921875 0.771875 0.028125 0.059375
0 0.8234375 0.76953125 0.03359375 0.0578125
0 0.9328125 0.93671875 0.04609375 0.0296875
0 0.81640625 0.1171875 0.0359375 0.059375
0 0.85625 0.0625 0.03671875 0.059375
0 0.8078125 0.20078125 0.034375 0.0609375
0 0.79921875 0.2875 0.03046875 0.05625
0 0.8609375 0.2828125 0.03359375 0.0625
0 0.88828125 0.32890625 0.03671875 0.0609375
2 0.7640625 0.28125 0.04921875 0.090625
3 0.75390625 0.3609375 0.0484375 0.078125
3 0.85703125 0.2 0.0375 0.06875