3 0.64453125 0.0375 0.03359375 0.06875
2 0.403125 0.8546875 0.046875 0.04375
2 0.5546875 0.4609375 0.0265625 0.06875
0 0.2359375 0.7984375 0.04609375 0.05625
0 0.49609375 0.64140625 0.0234375 0.0671875
0 0.525 0.55078125 0.02890625 0.0703125
0 0.52265625 0.36328125 0.0296875 0.0671875
0 0.5484375 0.296875 0.02890625 0.0625
0 0.58984375 0.340625 0.02734375 0.065625
0 0.59140625 0.16015625 0.028125 0.0640625
0 0.61484375 0.0984375 0.02578125 0.0625
0 0.69296875 0.05078125 0.02734375 0.0578125
0 0.63359375 0.984375 0.03359375 0.028125