2 0.14609375 0.378125 0.0265625 0.04375
2 0.03984375 0.1703125 0.025 0.040625
0 0.63203125 0.96015625 0.03671875 0.0609375
0 0.5953125 0.903125 0.03515625 0.059375
0 0.515625 0.79453125 0.0359375 0.0609375
0 0.4796875 0.73828125 0.034375 0.0546875
0 0.45859375 0.9171875 0.0359375 0.065625
0 0.32421875 0.77421875 0.0375 0.0609375
0 0.33984375 0.65703125 0.03203125 0.0515625
0 0.2875 0.6546875 0.0359375 0.05625
0 0.28046875 0.57265625 0.034375 0.0515625
0 0.175 0.48359375 0.0296875 0.0484375
0 0.09921875 0.528125 0.01875 0.059375
0 0.1453125 0.6890625 0.0375 0.053125
0 0.09921875 0.7328125 0.03984375 0.06875
0 0.10625 0.7796875 0.03671875 0.065625
0 0.06171875 0.8484375 0.046875 0.075
0 0.04296875 0.82890625 0.040625 0.0671875
0 0.0953125 0.3609375 0.0234375 0.040625
0 0.29765625 0.30078125 0.0328125 0.0578125