3 0.48515625 0.7171875 0.0421875 0.05625
3 0.58828125 0.5984375 0.03359375 0.04375
0 0.25390625 0.90703125 0.040625 0.0546875
0 0.303125 0.86953125 0.0421875 0.0515625
0 0.31328125 0.96875 0.04296875 0.05625
0 0.3671875 0.92578125 0.03984375 0.0546875
0 0.39296875 0.78125 0.0390625 0.05625
0 0.43515625 0.74921875 0.0375 0.0546875
0 0.63125 0.56484375 0.0328125 0.0421875
0 0.665625 0.53359375 0.0390625 0.0484375
0 0.72109375 0.4890625 0.04140625 0.05
0 0.76484375 0.45078125 0.0328125 0.0453125
0 0.79296875 0.70078125 0.0375 0.0484375
0 0.840625 0.675 0.0328125 0.053125
0 0.8734375 0.63671875 0.02890625 0.0515625
0 0.92421875 0.7484375 0.01796875 0.06875
0 0.9421875 0.75546875 0.01875 0.0640625
0 0.96484375 0.76171875 0.01796875 0.0640625
0 0.90703125 0.32265625 0.03671875 0.0453125
0 0.94296875 0.28671875 0.034375 0.0421875
0 0.98046875 0.25390625 0.03515625 0.0453125