0 0.4921875 0.9515625 0.028125 0.065625
0 0.5234375 0.8515625 0.03046875 0.075
0 0.52109375 0.65546875 0.02734375 0.0734375
0 0.55 0.58125 0.03359375 0.06875
0 0.5921875 0.63203125 0.028125 0.0734375
0 0.62421875 0.5453125 0.02734375 0.0625
0 0.5953125 0.43984375 0.0265625 0.0609375
0 0.61796875 0.37578125 0.02265625 0.0640625
0 0.721875 0.07578125 0.01953125 0.0515625
0 0.740625 0.02734375 0.02265625 0.0546875
2 0.7453125 0.11875 0.0296875 0.06875
2 0.5625 0.85234375 0.034375 0.0828125
2 0.55546875 0.7609375 0.0296875 0.06875
3 0.6515625 0.31171875 0.03046875 0.0734375
0 0.8796875 0.05390625 0.025 0.0578125
3 0.696875 0.13515625 0.0203125 0.0546875