2 0.6453125 0.93984375 0.02109375 0.0703125
2 0.86796875 0.4296875 0.04375 0.04375
0 0.63359375 0.8421875 0.02265625 0.08125
0 0.67734375 0.88125 0.021875 0.078125
0 0.7578125 0.534375 0.0421875 0.0375
0 0.83671875 0.403125 0.0359375 0.040625
0 0.659375 0.496875 0.03671875 0.040625
0 0.175 0.60078125 0.03515625 0.0328125
0 0.1 0.55078125 0.03671875 0.0328125
0 0.27265625 0.60390625 0.03671875 0.0359375
0 0.47421875 0.0453125 0.01796875 0.0625
0 0.540625 0.1734375 0.01953125 0.065625
0 0.51953125 0.25 0.01640625 0.06875
0 0.546875 0.2703125 0.0203125 0.065625
4 0.01953125 0.65625 0.0390625 0.046875