3 0.5296875 0.5875 0.04296875 0.034375
3 0.64921875 0.5625 0.0328125 0.028125
2 0.184375 0.69921875 0.0390625 0.0296875
2 0.03203125 0.659375 0.03984375 0.03125
0 0.0171875 0.7609375 0.034375 0.03125
0 0.01484375 0.71015625 0.02890625 0.0296875
0 0.29609375 0.6828125 0.040625 0.03125
0 0.28671875 0.58671875 0.03671875 0.0328125
0 0.33671875 0.58828125 0.0390625 0.0296875
0 0.36171875 0.684375 0.0359375 0.034375
0 0.43203125 0.57890625 0.0375 0.0296875
0 0.478125 0.57890625 0.034375 0.0328125
0 0.69765625 0.56171875 0.03359375 0.0296875
0 0.73671875 0.5609375 0.0375 0.034375
0 0.8 0.5609375 0.03984375 0.028125
0 0.846875 0.55859375 0.03515625 0.0296875
0 0.815625 0.80859375 0.0390625 0.0328125
0 0.86640625 0.82109375 0.034375 0.0328125
0 0.90859375 0.8171875 0.0328125 0.0375
0 0.93125 0.9515625 0.03046875 0.065625
0 0.94921875 0.97109375 0.02890625 0.0546875