0 0.446875 0.76328125 0.01796875 0.0578125
0 0.45859375 0.7015625 0.0234375 0.0625
0 0.4796875 0.61171875 0.0203125 0.0703125
0 0.49453125 0.54375 0.01796875 0.053125
0 0.5390625 0.3296875 0.01953125 0.053125
0 0.55 0.27734375 0.015625 0.0484375
0 0.56015625 0.22734375 0.01796875 0.0484375
0 0.57421875 0.15234375 0.01328125 0.0453125
0 0.5828125 0.11015625 0.0140625 0.0421875
0 0.6390625 0.16171875 0.01875 0.0421875
0 0.60078125 0.01875 0.01875 0.0375
0 0.65 0.346875 0.01953125 0.04375
0 0.62578125 0.53828125 0.01484375 0.0453125
0 0.61640625 0.596875 0.01796875 0.05
0 0.59921875 0.665625 0.02109375 0.05625
0 0.71796875 0.515625 0.0234375 0.040625
0 0.70390625 0.53359375 0.021875 0.0390625
0 0.69296875 0.54765625 0.0203125 0.0390625
3 0.4296875 0.8421875 0.021875 0.0625
3 0.5921875 0.04921875 0.01640625 0.0421875
0 0.04765625 0.11796875 0.0265625 0.0265625
0 0.0578125 0.0984375 0.02890625 0.028125
0 0.07265625 0.08125 0.0234375 0.028125