0 0.015625 0.8890625 0.03125 0.071875
0 0.05078125 0.809375 0.0359375 0.078125
0 0.071875 0.82421875 0.03671875 0.0796875
0 0.1109375 0.746875 0.0375 0.075
0 0.096875 0.703125 0.0375 0.06875
0 0.1421875 0.646875 0.0390625 0.065625
0 0.47734375 0.62265625 0.03515625 0.0484375
0 0.53046875 0.690625 0.0390625 0.059375
0 0.59609375 0.75859375 0.0390625 0.0546875
0 0.634375 0.803125 0.03671875 0.053125
0 0.2671875 0.228125 0.03046875 0.065625
0 0.39609375 0.0640625 0.0265625 0.05
3 0.67890625 0.86875 0.04140625 0.06875
3 0.8 0.9734375 0.03671875 0.046875