0 0.35234375 0.92421875 0.01796875 0.0578125
0 0.35625 0.85703125 0.0140625 0.0671875
0 0.36171875 0.75078125 0.01484375 0.0734375
0 0.3640625 0.675 0.015625 0.053125
0 0.37265625 0.446875 0.0125 0.05
0 0.3734375 0.39296875 0.01171875 0.0484375
0 0.37734375 0.34140625 0.0125 0.0515625
0 0.378125 0.265625 0.01171875 0.04375
0 0.378125 0.221875 0.01640625 0.046875
0 0.3796875 0.13046875 0.01171875 0.0421875
0 0.38515625 0.05 0.0109375 0.0375
0 0.4390625 0.09921875 0.01328125 0.0359375
0 0.484375 0.41484375 0.01328125 0.0484375
0 0.4921875 0.60390625 0.01875 0.0453125
0 0.4921875 0.66171875 0.0140625 0.0515625
0 0.490625 0.7390625 0.01640625 0.0625
0 0.57109375 0.53671875 0.021875 0.0296875
0 0.56015625 0.55859375 0.025 0.0328125
0 0.553125 0.5796875 0.02265625 0.03125
3 0.3765625 0.16171875 0.0125 0.0390625