4 0.2609375 0.590625 0.08203125 0.0875
0 0.89375 0.88359375 0.04140625 0.0484375
0 0.78203125 0.8515625 0.0296875 0.065625
0 0.61953125 0.8109375 0.03671875 0.046875
0 0.52109375 0.7578125 0.0375 0.046875
0 0.5671875 0.7890625 0.040625 0.04375
0 0.58359375 0.7609375 0.0359375 0.040625
0 0.52578125 0.7265625 0.0359375 0.040625
0 0.48671875 0.7 0.03046875 0.034375
0 0.390625 0.6375 0.0328125 0.040625
0 0.38671875 0.66953125 0.0296875 0.0359375
0 0.34140625 0.63828125 0.034375 0.0453125
0 0.31328125 0.58984375 0.03203125 0.0390625
0 0.2421875 0.63984375 0.03359375 0.0359375
0 0.19296875 0.55 0.03671875 0.0375
0 0.22109375 0.4296875 0.028125 0.03125
0 0.30703125 0.52890625 0.028125 0.0328125
0 0.31875 0.484375 0.0296875 0.0375
0 0.3546875 0.50625 0.03203125 0.034375
0 0.41015625 0.5390625 0.03203125 0.034375
0 0.78828125 0.37890625 0.015625 0.0421875
0 0.821875 0.35390625 0.01640625 0.0328125
0 0.846875 0.25703125 0.01640625 0.0359375
0 0.6265625 0.14375 0.02578125 0.025
0 0.371875 0.20546875 0.01640625 0.0359375
0 0.39609375 0.21796875 0.01796875 0.0359375
0 0.5546875 0.12109375 0.0140625 0.0328125
0 0.61484375 0.17109375 0.0234375 0.0234375
0 0.4171875 0.09375 0.01484375 0.034375
0 0.42890625 0.09921875 0.0140625 0.0328125
0 0.53359375 0.040625 0.01484375 0.028125
0 0.54453125 0.04453125 0.01328125 0.0296875
0 0.56640625 0.05234375 0.015625 0.0328125
0 0.56015625 0.2765625 0.025 0.03125
0 0.11171875 0.54921875 0.03359375 0.0328125
0 0.1890625 0.40859375 0.028125 0.0328125
0 0.159375 0.39140625 0.02734375 0.0296875
0 0.13125 0.3734375 0.0234375 0.028125
0 0.07890625 0.384375 0.028125 0.03125
0 0.07421875 0.44453125 0.03359375 0.0296875
0 0.0859375 0.34765625 0.02734375 0.0328125
0 0.05703125 0.33203125 0.028125 0.0296875
0 0.0234375 0.31328125 0.028125 0.0265625
0 0.640625 0.08046875 0.01640625 0.0234375
0 0.57109375 0.26171875 0.015625 0.0265625
0 0.4171875 0.17421875 0.01640625 0.0265625