3 0.42578125 0.83046875 0.04609375 0.0671875
3 0.65078125 0.92265625 0.04453125 0.0609375
2 0.1703125 0.47578125 0.03203125 0.0515625
2 0.040625 0.275 0.0296875 0.04375
0 0.040625 0.38359375 0.0328125 0.0515625
0 0.0234375 0.45390625 0.0296875 0.0546875
0 0.0265625 0.87109375 0.04375 0.0828125
0 0.05625 0.7484375 0.040625 0.06875
0 0.06953125 0.78828125 0.03671875 0.0703125
0 0.10390625 0.6890625 0.0390625 0.065625
0 0.178125 0.60390625 0.03984375 0.0578125
0 0.15859375 0.52109375 0.0375 0.0546875
0 0.30625 0.6265625 0.03671875 0.053125
0 0.31875 0.7046875 0.0390625 0.05625
0 0.36328125 0.69140625 0.03515625 0.0484375
0 0.44609375 0.67265625 0.0390625 0.0515625
0 0.4875 0.72109375 0.03671875 0.0546875
0 0.56875 0.8078125 0.0390625 0.053125
0 0.609375 0.85703125 0.0375 0.0546875
0 0.23515625 0.265625 0.02890625 0.059375