0 0.046875 0.7359375 0.03984375 0.05625
0 0.10078125 0.675 0.0421875 0.059375
0 0.11640625 0.6984375 0.04453125 0.059375
0 0.16328125 0.64609375 0.03984375 0.0578125
0 0.16015625 0.60234375 0.0375 0.0515625
0 0.209375 0.57421875 0.03984375 0.0453125
0 0.17421875 0.45 0.02265625 0.05625
0 0.1203125 0.0703125 0.021875 0.04375
0 0.22421875 0.30703125 0.0203125 0.0359375
0 0.28828125 0.45703125 0.02734375 0.0546875
0 0.3171875 0.4453125 0.0296875 0.053125
0 0.36640625 0.55 0.025 0.053125
0 0.3796875 0.6703125 0.03359375 0.06875
0 0.41328125 0.82421875 0.034375 0.0703125
0 0.5203125 0.734375 0.0296875 0.0625
0 0.55078125 0.80625 0.03203125 0.06875
0 0.61640625 0.94296875 0.03203125 0.0703125
0 0.38984375 0.25078125 0.0328125 0.0484375
2 0.21015625 0.209375 0.02265625 0.04375