0 0.06171875 0.93046875 0.028125 0.0828125
0 0.04140625 0.4171875 0.0203125 0.075
0 0.11484375 0.1265625 0.0203125 0.0625
0 0.37109375 0.5734375 0.03671875 0.03125
0 0.43828125 0.5828125 0.03984375 0.034375
0 0.5109375 0.57890625 0.03671875 0.0296875
0 0.55546875 0.58125 0.0359375 0.03125
0 0.6140625 0.678125 0.040625 0.0375
0 0.7765625 0.58515625 0.03359375 0.0296875
0 0.8171875 0.58515625 0.0390625 0.0265625
0 0.8828125 0.5921875 0.04453125 0.034375
0 0.9328125 0.59296875 0.03515625 0.0328125
0 0.87890625 0.684375 0.03984375 0.0375
0 0.8765625 0.74453125 0.04296875 0.0328125
3 0.60625 0.59453125 0.04296875 0.0296875
3 0.728125 0.57890625 0.03359375 0.0328125