0 0.58125 0.92265625 0.025 0.0703125
0 0.6453125 0.8203125 0.025 0.071875
0 0.61640625 0.75234375 0.02578125 0.0765625
0 0.5015625 0.38515625 0.04140625 0.0453125
0 0.7359375 0.47578125 0.0390625 0.0421875
0 0.603125 0.3765625 0.0390625 0.040625
0 0.69921875 0.17109375 0.0265625 0.0703125
0 0.721875 0.078125 0.0234375 0.06875
0 0.6796875 0.1265625 0.02734375 0.071875
0 0.07734375 0.03984375 0.0359375 0.0484375
0 0.2953125 0.11015625 0.0375 0.0484375
0 0.50703125 0.3046875 0.0359375 0.04375
0 0.80859375 0.59375 0.04296875 0.046875
2 0.6 0.83984375 0.021875 0.0640625
0 0.87890625 0.44453125 0.04140625 0.0484375
4 0.33828125 0.21875 0.096875 0.09375
0 0.56796875 0.9875 0.0203125 0.021875
0 0.1703125 0.015625 0.034375 0.03125