0 0.52578125 0.909375 0.0296875 0.075
0 0.525 0.70703125 0.02578125 0.0703125
0 0.55234375 0.63359375 0.03203125 0.0703125
0 0.59375 0.684375 0.02734375 0.071875
0 0.62421875 0.60625 0.0265625 0.05625
0 0.5984375 0.4890625 0.0234375 0.059375
0 0.62109375 0.428125 0.02265625 0.0625
0 0.725 0.11953125 0.0203125 0.0515625
0 0.74296875 0.0734375 0.025 0.065625
2 0.55859375 0.81328125 0.02890625 0.0703125
2 0.596875 0.8109375 0.0328125 0.078125
2 0.7125 0.27734375 0.028125 0.0703125
3 0.6546875 0.3609375 0.0296875 0.06875
3 0.7015625 0.18359375 0.02734375 0.0515625
0 0.8859375 0.1 0.0265625 0.059375
0 0.9125 0.04296875 0.0234375 0.0546875
0 0.50078125 0.98359375 0.01953125 0.0265625
0 0.76875 0.0125 0.01796875 0.025