3 0.80703125 0.346875 0.0484375 0.084375
2 0.81796875 0.2671875 0.053125 0.090625
0 0.853125 0.2734375 0.03203125 0.05625
3 0.91171875 0.18671875 0.04140625 0.0609375
0 0.8625 0.18671875 0.0359375 0.0640625
0 0.90859375 0.04921875 0.03671875 0.0578125
0 0.87109375 0.10546875 0.03359375 0.0578125
0 0.540625 0.34375 0.0296875 0.05625
0 0.55234375 0.8109375 0.03515625 0.0625
0 0.58203125 0.8265625 0.03046875 0.059375
0 0.50546875 0.953125 0.0359375 0.059375
4 0.484375 0.921875 0.09375 0.153125
0 0.87578125 0.75390625 0.0328125 0.0609375
0 0.96875 0.9109375 0.04296875 0.046875
0 0.93984375 0.31484375 0.03671875 0.0546875
0 0.8375 0.3953125 0.03671875 0.059375
0 0.36640625 0.028125 0.03515625 0.05625