0 0.5375 0.55390625 0.03046875 0.0640625
0 0.4625 0.82421875 0.03515625 0.0640625
0 0.4921875 0.83984375 0.03515625 0.0640625
0 0.415625 0.96484375 0.0359375 0.0609375
4 0.39296875 0.9265625 0.096875 0.14375
0 0.7875 0.765625 0.034375 0.059375
0 0.72421875 0.90546875 0.028125 0.0578125
3 0.821875 0.19765625 0.04140625 0.0671875
0 0.8546875 0.2359375 0.03359375 0.059375
0 0.85390625 0.325 0.03671875 0.05625
0 0.7640625 0.28515625 0.03359375 0.0546875
2 0.73046875 0.27890625 0.046875 0.0890625
3 0.71953125 0.35703125 0.046875 0.0765625
0 0.775 0.19765625 0.03671875 0.0609375
0 0.8234375 0.0609375 0.03515625 0.059375
0 0.78515625 0.1125 0.0328125 0.05625
0 0.903125 0.93125 0.04453125 0.0375
0 0.2640625 0.01484375 0.02109375 0.0296875