0 0.28046875 0.08984375 0.034375 0.0640625
0 0.58828125 0.69921875 0.0296875 0.0640625
0 0.47578125 0.8421875 0.03515625 0.065625
0 0.44375 0.82734375 0.0359375 0.0703125
4 0.3734375 0.93046875 0.0953125 0.1359375
0 0.39609375 0.9703125 0.03671875 0.05625
2 0.71171875 0.28359375 0.0484375 0.0828125
0 0.8046875 0.06328125 0.04375 0.0640625
0 0.7640625 0.121875 0.03046875 0.05625
3 0.80546875 0.20078125 0.03515625 0.0703125
0 0.865625 0.19609375 0.03359375 0.0640625
0 0.83359375 0.33515625 0.04453125 0.0640625
0 0.75703125 0.19921875 0.03515625 0.0671875
3 0.70078125 0.36640625 0.0484375 0.0796875
0 0.746875 0.290625 0.02890625 0.0625
0 0.890625 0.93828125 0.04140625 0.0390625
0 0.76640625 0.77734375 0.03984375 0.0703125