0 0.6640625 0.92421875 0.01953125 0.0765625
0 0.65546875 0.82890625 0.01640625 0.0703125
0 0.68203125 0.684375 0.01640625 0.075
0 0.6390625 0.6484375 0.02109375 0.078125
2 0.64921875 0.740625 0.01796875 0.0625
0 0.52578125 0.05234375 0.02109375 0.0734375
0 0.5546875 0.071875 0.02109375 0.06875
0 0.1390625 0.36640625 0.040625 0.0265625
0 0.30625 0.38671875 0.0375 0.0359375
0 0.40703125 0.38125 0.0359375 0.0375
0 0.6078125 0.3828125 0.04296875 0.0375
0 0.66953125 0.30625 0.040625 0.040625
0 0.90625 0.29765625 0.04296875 0.0390625
4 0.12734375 0.45390625 0.10390625 0.0609375
2 0.96328125 0.20859375 0.05 0.0453125
0 0.98515625 0.15625 0.02734375 0.0375
0 0.015625 0.37890625 0.03046875 0.0296875