0 0.590625 0.834375 0.02734375 0.075
0 0.5703125 0.75078125 0.02734375 0.0703125
0 0.4984375 0.8453125 0.028125 0.075
0 0.42890625 0.57109375 0.0234375 0.0671875
0 0.40625 0.36796875 0.02109375 0.0515625
0 0.37890625 0.378125 0.01953125 0.04375
0 0.0328125 0.66796875 0.0421875 0.0484375
0 0.021875 0.63671875 0.04296875 0.0453125
0 0.13828125 0.55859375 0.03671875 0.0453125
0 0.18828125 0.525 0.03984375 0.04375
0 0.1984375 0.553125 0.04453125 0.046875
0 0.246875 0.52265625 0.0359375 0.0484375
0 0.25 0.47734375 0.0390625 0.0421875
0 0.2953125 0.4703125 0.03984375 0.034375
0 0.228125 0.41171875 0.034375 0.0484375
0 0.37265625 0.24453125 0.02109375 0.0484375
0 0.3 0.06875 0.01953125 0.046875
0 0.5046875 0.2296875 0.03359375 0.040625
0 0.6375 0.978125 0.025 0.040625