2 0.7625 0.64453125 0.04375 0.0484375
0 0.025 0.940625 0.04140625 0.04375
0 0.62421875 0.728125 0.03671875 0.04375
0 0.6546875 0.6671875 0.03359375 0.0375
0 0.859375 0.66640625 0.0421875 0.0421875
0 0.9046875 0.53203125 0.04296875 0.0421875
0 0.98203125 0.67265625 0.03359375 0.0453125
0 0.37578125 0.096875 0.01640625 0.05625
0 0.3828125 0.15078125 0.01640625 0.0515625
0 0.41171875 0.3375 0.0203125 0.05625
0 0.48359375 0.4421875 0.01953125 0.0625
0 0.46953125 0.5171875 0.021875 0.065625
0 0.49609375 0.528125 0.025 0.06875
0 0.95234375 0.39296875 0.0328125 0.0359375