0 0.809375 0.38984375 0.034375 0.0546875
0 0.85 0.23359375 0.03046875 0.0546875
0 0.93671875 0.278125 0.040625 0.053125
0 0.90625 0.02109375 0.0375 0.0421875
3 0.90859375 0.15078125 0.04140625 0.0734375
0 0.86171875 0.14765625 0.03671875 0.0671875
2 0.81796875 0.22890625 0.04921875 0.0890625
3 0.8078125 0.3109375 0.0484375 0.084375
0 0.8703125 0.0671875 0.0328125 0.059375
0 0.8765625 0.715625 0.03046875 0.059375
0 0.96015625 0.86796875 0.0421875 0.0484375
0 0.58203125 0.79140625 0.0359375 0.0703125
0 0.5515625 0.77421875 0.03203125 0.0609375
4 0.4859375 0.88515625 0.0890625 0.1484375
0 0.50546875 0.91484375 0.03359375 0.0609375
0 0.45859375 0.9828125 0.03203125 0.03125
0 0.47109375 0.165625 0.03046875 0.053125