3 0.5234375 0.55546875 0.040625 0.0546875
3 0.61953125 0.43671875 0.0328125 0.0453125
0 0.30546875 0.75234375 0.0390625 0.0546875
0 0.3703125 0.69375 0.0421875 0.053125
0 0.43359375 0.621875 0.03671875 0.046875
0 0.475 0.5875 0.0359375 0.05
0 0.4140625 0.75703125 0.040625 0.0578125
0 0.6171875 0.553125 0.03671875 0.046875
0 0.6609375 0.4 0.02890625 0.0375
0 0.69375 0.36953125 0.0359375 0.0484375
0 0.74765625 0.3234375 0.03671875 0.053125
0 0.7890625 0.284375 0.028125 0.040625
0 0.92109375 0.31796875 0.03671875 0.0484375
0 0.821875 0.51875 0.0375 0.05
0 0.86875 0.48671875 0.034375 0.0421875
0 0.90234375 0.4515625 0.03203125 0.053125
0 0.95546875 0.54453125 0.01796875 0.0453125
0 0.9734375 0.54453125 0.01484375 0.0484375
0 0.92734375 0.15078125 0.03515625 0.0453125
0 0.9625 0.11640625 0.03359375 0.0421875
0 0.99140625 0.09140625 0.015625 0.0421875