0 0.58046875 0.97109375 0.015625 0.0546875
0 0.73203125 0.46953125 0.03515625 0.0296875
0 0.5859375 0.3875 0.01875 0.053125
0 0.60390625 0.09453125 0.0140625 0.0390625
0 0.6046875 0.21484375 0.01328125 0.0421875
0 0.07109375 0.5734375 0.04296875 0.025
0 0.1796875 0.5171875 0.03984375 0.03125
0 0.2328125 0.52109375 0.034375 0.0265625
0 0.23203125 0.49296875 0.0359375 0.0296875
0 0.340625 0.50234375 0.03359375 0.0265625
0 0.38515625 0.53671875 0.0375 0.0359375
0 0.4328125 0.54453125 0.0359375 0.0265625
0 0.484375 0.53359375 0.03515625 0.0359375
0 0.44453125 0.5109375 0.03671875 0.028125
0 0.384375 0.5078125 0.03515625 0.028125
0 0.278125 0.43828125 0.03359375 0.0265625
0 0.2328125 0.38125 0.03671875 0.03125
0 0.1671875 0.378125 0.034375 0.025
0 0.12421875 0.37421875 0.03515625 0.0296875
0 0.09140625 0.47890625 0.03515625 0.0265625
4 0.0796875 0.5140625 0.10390625 0.05625
0 0.15546875 0.04453125 0.01796875 0.0453125
0 0.12421875 0.03828125 0.01484375 0.0421875
0 0.353125 0.0171875 0.02734375 0.03125
0 0.34453125 0.0421875 0.028125 0.034375