0 0.01171875 0.3125 0.01953125 0.0625
0 0.334375 0.65234375 0.0390625 0.0453125
0 0.403125 0.62734375 0.0421875 0.0390625
0 0.47421875 0.5890625 0.0359375 0.0375
0 0.51640625 0.5765625 0.034375 0.040625
0 0.50390625 0.67734375 0.0390625 0.0453125
0 0.72734375 0.484375 0.03359375 0.040625
0 0.76640625 0.46640625 0.040625 0.0453125
0 0.82578125 0.446875 0.0421875 0.04375
0 0.8734375 0.4265625 0.03515625 0.03125
0 0.7453125 0.5765625 0.0375 0.0375
0 0.9234375 0.56015625 0.0421875 0.0421875
3 0.5671875 0.565625 0.04296875 0.040625
3 0.68046875 0.5 0.0359375 0.040625
0 0.87109375 0.67421875 0.040625 0.0359375
0 0.92421875 0.66953125 0.0359375 0.0359375
0 0.96484375 0.64609375 0.03515625 0.0390625