3 0.0828125 0.278125 0.0328125 0.05625
2 0.58515625 0.52109375 0.03515625 0.0703125
0 0.1046875 0.33359375 0.03203125 0.0484375
0 0.1296875 0.378125 0.02890625 0.05
0 0.21484375 0.52265625 0.0328125 0.0546875
0 0.31640625 0.5484375 0.0328125 0.053125
0 0.321875 0.628125 0.03515625 0.059375
0 0.353125 0.61328125 0.0328125 0.0609375
0 0.4359375 0.7828125 0.0296875 0.0625
0 0.51953125 0.66015625 0.02890625 0.0609375
0 0.6140625 0.40625 0.03203125 0.059375
0 0.76015625 0.2625 0.02890625 0.05625
0 0.7828125 0.31796875 0.02734375 0.0546875
0 0.746875 0.03828125 0.028125 0.0515625
0 0.6890625 0.1203125 0.02890625 0.053125
0 0.625 0.9640625 0.03984375 0.065625
0 0.671875 0.94140625 0.03984375 0.0640625
0 0.8625 0.0484375 0.0265625 0.05
0 0.915625 0.02734375 0.0265625 0.0484375
3 0.01328125 0.184375 0.0234375 0.0375