0 0.07890625 0.9515625 0.04765625 0.046875
0 0.1546875 0.96875 0.04609375 0.053125
0 0.16484375 0.90546875 0.04140625 0.0484375
0 0.2078125 0.9484375 0.04375 0.05
0 0.284375 0.2609375 0.02109375 0.06875
0 0.55 0.63125 0.03359375 0.0375
0 0.60546875 0.59765625 0.04140625 0.0390625
0 0.73828125 0.51953125 0.04140625 0.0421875
0 0.671875 0.4578125 0.0390625 0.040625
0 0.721875 0.43515625 0.04140625 0.0421875
0 0.809375 0.38125 0.0390625 0.04375
0 0.8515625 0.36171875 0.040625 0.0421875
2 0.6625 0.56875 0.03984375 0.046875
2 0.359375 0.590625 0.0296875 0.078125
3 0.24296875 0.86015625 0.0484375 0.0484375
3 0.90390625 0.34921875 0.04453125 0.0453125