0 0.10234375 0.11875 0.028125 0.03125
0 0.140625 0.1375 0.0359375 0.03125
0 0.128125 0.27109375 0.03671875 0.0328125
0 0.18046875 0.26015625 0.034375 0.0328125
0 0.1875 0.353125 0.03671875 0.034375
0 0.26015625 0.396875 0.03046875 0.025
0 0.26640625 0.2921875 0.0328125 0.034375
0 0.290625 0.33046875 0.03515625 0.0359375
0 0.340625 0.3203125 0.03515625 0.0375
0 0.3390625 0.35078125 0.0328125 0.0328125
0 0.25234375 0.17578125 0.0328125 0.0359375
0 0.29140625 0.19296875 0.0328125 0.0328125
0 0.35078125 0.21484375 0.03359375 0.0328125
0 0.44140625 0.36328125 0.03046875 0.0328125
0 0.48203125 0.38046875 0.03359375 0.0328125
0 0.53984375 0.4 0.034375 0.03125
0 0.4796875 0.4109375 0.03671875 0.0375
0 0.5234375 0.43125 0.0359375 0.03125
0 0.57578125 0.43828125 0.03359375 0.0359375
0 0.66640625 0.49921875 0.0203125 0.0640625
0 0.8640625 0.53671875 0.034375 0.0359375
0 0.83671875 0.44609375 0.0390625 0.0390625
0 0.06796875 0.10703125 0.0296875 0.0328125
0 0.0359375 0.09296875 0.02890625 0.0296875
4 0.2015625 0.29921875 0.09140625 0.0796875
2 0.2875 0.73203125 0.02578125 0.0453125
3 0.0203125 0.9109375 0.0359375 0.0625
0 0.7109375 0.965625 0.02265625 0.065625