0 0.2578125 0.81875 0.03984375 0.05
0 0.30859375 0.7875 0.03984375 0.046875
0 0.3046875 0.8921875 0.04375 0.059375
0 0.36328125 0.8515625 0.03515625 0.046875
0 0.396875 0.7109375 0.0359375 0.046875
0 0.44140625 0.68125 0.03359375 0.05
0 0.6421875 0.5234375 0.02734375 0.04375
0 0.6765625 0.49375 0.0375 0.046875
0 0.73359375 0.45625 0.0375 0.05
0 0.77734375 0.425 0.03046875 0.046875
0 0.796875 0.675 0.0390625 0.053125
0 0.84453125 0.65 0.034375 0.05
0 0.88046875 0.6140625 0.0328125 0.05
0 0.92734375 0.7328125 0.01953125 0.0625
0 0.946875 0.73828125 0.01953125 0.0671875
0 0.965625 0.75234375 0.02265625 0.0671875
0 0.9234375 0.30859375 0.03515625 0.0453125
0 0.9609375 0.275 0.0359375 0.0375
2 0.20234375 0.97734375 0.04375 0.0421875
3 0.4921875 0.6546875 0.04453125 0.05625
3 0.59765625 0.55390625 0.034375 0.0484375