3 0.28046875 0.53125 0.04921875 0.05625
3 0.61328125 0.65078125 0.04453125 0.0546875
3 0.73359375 0.72421875 0.034375 0.0484375
2 0.1875 0.40546875 0.0359375 0.0421875
2 0.034375 0.23046875 0.0359375 0.0453125
0 0.1390625 0.0953125 0.02890625 0.06875
0 0.01796875 0.37890625 0.03515625 0.0546875
0 0.053125 0.5671875 0.0375 0.075
0 0.015625 0.63125 0.03046875 0.078125
0 0.03046875 0.67109375 0.03046875 0.0734375
0 0.16015625 0.434375 0.0390625 0.046875
0 0.31875 0.50546875 0.0375 0.0484375
0 0.378125 0.55078125 0.03515625 0.0484375
0 0.40078125 0.46484375 0.03671875 0.0421875
0 0.44375 0.503125 0.03984375 0.05
0 0.53046875 0.56484375 0.03359375 0.0453125
0 0.56875 0.596875 0.0375 0.040625
0 0.778125 0.7625 0.034375 0.046875
0 0.81484375 0.79609375 0.04140625 0.0453125
0 0.8765625 0.84921875 0.04375 0.0546875
0 0.9265625 0.88828125 0.0359375 0.0484375