0 0.61171875 0.93984375 0.02734375 0.0828125
0 0.5953125 0.853125 0.02734375 0.071875
0 0.5109375 0.8890625 0.02578125 0.075
0 0.45859375 0.63359375 0.01875 0.0421875
0 0.55 0.31953125 0.03671875 0.0421875
0 0.41640625 0.290625 0.01640625 0.046875
0 0.37890625 0.234375 0.02109375 0.053125
0 0.390625 0.16796875 0.01796875 0.0453125
0 0.334375 0.5265625 0.0359375 0.034375
0 0.28828125 0.528125 0.0390625 0.0375
0 0.2828125 0.57109375 0.03515625 0.0453125
0 0.23515625 0.59296875 0.040625 0.0453125
0 0.2265625 0.565625 0.0375 0.04375
0 0.19375 0.5109375 0.0375 0.04375
0 0.18046875 0.58671875 0.03671875 0.0359375
0 0.0609375 0.65234375 0.0421875 0.0421875
0 0.06953125 0.68359375 0.040625 0.0421875
0 0.01484375 0.7140625 0.0296875 0.04375
0 0.03671875 0.5390625 0.040625 0.04375
0 0.85390625 0.11328125 0.03203125 0.0359375