0 0.1078125 0.50078125 0.0390625 0.0484375
0 0.1078125 0.6734375 0.0390625 0.05
0 0.14921875 0.7125 0.0375 0.053125
0 0.28203125 0.8296875 0.0390625 0.04375
0 0.625 0.5796875 0.02890625 0.071875
0 0.64609375 0.65625 0.03046875 0.06875
0 0.6578125 0.69453125 0.0296875 0.0703125
0 0.68671875 0.58515625 0.02734375 0.0671875
0 0.6671875 0.54453125 0.0296875 0.0671875
0 0.709375 0.5 0.02890625 0.071875
0 0.8515625 0.32265625 0.03046875 0.0734375
0 0.88515625 0.19765625 0.0265625 0.0703125
0 0.90703125 0.11171875 0.0296875 0.0703125
3 0.6984375 0.4421875 0.0296875 0.065625
2 0.06640625 0.61875 0.0484375 0.059375
0 0.72265625 0.11171875 0.028125 0.0703125