0 0.05 0.75 0.03984375 0.0375
0 0.30859375 0.81953125 0.040625 0.0328125
0 0.36171875 0.86015625 0.034375 0.0359375
0 0.51171875 0.74375 0.03515625 0.0625
0 0.6703125 0.84296875 0.03984375 0.0359375
0 0.78359375 0.81953125 0.040625 0.0359375
0 0.81328125 0.875 0.04453125 0.0375
0 0.815625 0.784375 0.03671875 0.03125
0 0.95703125 0.81484375 0.0390625 0.0328125
0 0.5078125 0.1234375 0.01796875 0.04375
0 0.54609375 0.0765625 0.01484375 0.040625
0 0.56171875 0.09375 0.01328125 0.040625
3 0.56796875 0.3578125 0.01171875 0.040625
0 0.6171875 0.121875 0.0125 0.040625