0 0.04765625 0.86015625 0.04609375 0.0421875
0 0.1375 0.71484375 0.040625 0.0390625
0 0.196875 0.6953125 0.04375 0.04375
0 0.18359375 0.7515625 0.04453125 0.040625
0 0.484375 0.59375 0.0390625 0.034375
0 0.525 0.515625 0.04296875 0.0375
0 0.54140625 0.4421875 0.040625 0.0375
0 0.6203125 0.4828125 0.0390625 0.034375
0 0.671875 0.4640625 0.0390625 0.040625
0 0.7375 0.4421875 0.04140625 0.0375
0 0.803125 0.42109375 0.03984375 0.0328125
2 0.57421875 0.49453125 0.03359375 0.0390625
2 0.38125 0.5171875 0.04296875 0.0625
0 0.2484375 0.2921875 0.021875 0.06875