2 0.47734375 0.58046875 0.04296875 0.0484375
2 0.5859375 0.5359375 0.0328125 0.028125
0 0.2859375 0.2359375 0.01875 0.075
0 0.0359375 0.7484375 0.04375 0.03125
0 0.1375 0.62890625 0.040625 0.0328125
0 0.17890625 0.68125 0.04296875 0.034375
0 0.196875 0.62734375 0.04296875 0.0359375
0 0.53671875 0.54296875 0.040625 0.0296875
0 0.55703125 0.4734375 0.0375 0.028125
0 0.63359375 0.5375 0.03671875 0.03125
0 0.64453125 0.59296875 0.03671875 0.0296875
0 0.6875 0.5328125 0.0390625 0.028125
0 0.753125 0.52890625 0.0421875 0.0296875
0 0.82109375 0.52890625 0.040625 0.0296875
0 0.890625 0.015625 0.02265625 0.03125
0 0.93515625 0.01953125 0.02265625 0.0390625