3 0.64609375 0.078125 0.03046875 0.071875
2 0.4390625 0.87421875 0.04609375 0.0609375
2 0.55390625 0.50546875 0.028125 0.0671875
0 0.24765625 0.85703125 0.04296875 0.0609375
0 0.49453125 0.684375 0.0265625 0.0625
0 0.5234375 0.59453125 0.02890625 0.0703125
0 0.521875 0.409375 0.02578125 0.065625
0 0.54765625 0.340625 0.0296875 0.065625
0 0.58984375 0.38359375 0.0265625 0.0703125
0 0.5921875 0.20390625 0.02890625 0.0609375
0 0.61484375 0.1421875 0.0234375 0.0625
0 0.67109375 0.15703125 0.025 0.0578125