0 0.0984375 0.36328125 0.040625 0.0515625
0 0.115625 0.3171875 0.0328125 0.04375
0 0.27734375 0.52890625 0.0375 0.0546875
0 0.14375 0.57890625 0.03984375 0.0453125
0 0.18359375 0.61796875 0.03671875 0.0515625
0 0.3140625 0.73671875 0.0390625 0.0546875
0 0.69140625 0.60546875 0.028125 0.0734375
0 0.6796875 0.56640625 0.0296875 0.0734375
0 0.71953125 0.4953125 0.02734375 0.06875
0 0.70234375 0.4546875 0.02890625 0.06875
0 0.74296875 0.409375 0.0296875 0.075
3 0.74609375 0.30234375 0.028125 0.0671875
3 0.1 0.52421875 0.04609375 0.0609375
0 0.88515625 0.2359375 0.0296875 0.071875
0 0.65859375 0.49140625 0.0296875 0.0828125
0 0.9390625 0.02890625 0.0296875 0.0578125
0 0.91796875 0.11171875 0.028125 0.0703125
0 0.75625 0.03046875 0.0296875 0.0609375