0 0.09375 0.21875 0.04609375 0.053125
0 0.13828125 0.25859375 0.040625 0.0515625
0 0.16796875 0.11328125 0.0390625 0.0546875
0 0.32109375 0.2484375 0.0421875 0.053125
0 0.2703125 0.37734375 0.03984375 0.0546875
0 0.40859375 0.2640625 0.0328125 0.04375
0 0.484375 0.39609375 0.0375 0.0515625
0 0.64453125 0.25 0.028125 0.075
0 0.634375 0.2125 0.0296875 0.071875
0 0.67421875 0.14140625 0.02734375 0.0734375
0 0.65546875 0.1015625 0.02734375 0.06875
0 0.696875 0.05546875 0.028125 0.0765625
3 0.053125 0.16328125 0.046875 0.0578125
0 0.61328125 0.13515625 0.028125 0.0671875