0 0.0421875 0.97890625 0.04375 0.0296875
0 0.19921875 0.91796875 0.04296875 0.0359375
0 0.30859375 0.8953125 0.0421875 0.0375
0 0.32109375 0.9296875 0.03671875 0.028125
0 0.621875 0.78671875 0.0375 0.0390625
0 0.68125 0.778125 0.040625 0.034375
0 0.63359375 0.73671875 0.03671875 0.0359375
0 0.75234375 0.67578125 0.03515625 0.0296875
0 0.83359375 0.7390625 0.03515625 0.034375
0 0.88046875 0.653125 0.03515625 0.03125
0 0.921875 0.64609375 0.0359375 0.0328125
0 0.9359375 0.73359375 0.0390625 0.0390625
2 0.9046875 0.69375 0.046875 0.040625
3 0.96953125 0.6484375 0.040625 0.034375
0 0.4625 0.45 0.015625 0.05625
0 0.390625 0.140625 0.0125 0.05
0 0.42265625 0.084375 0.0125 0.040625
0 0.44140625 0.09921875 0.01171875 0.0390625
0 0.49765625 0.10703125 0.01328125 0.0421875
3 0.4734375 0.3515625 0.0109375 0.040625