3 0.49140625 0.684375 0.02265625 0.071875
0 0.465625 0.67421875 0.0265625 0.0796875
0 0.4515625 0.5828125 0.0234375 0.071875
0 0.4796875 0.59296875 0.0234375 0.0734375
0 0.50078125 0.51640625 0.02265625 0.0734375
0 0.45625 0.48359375 0.02265625 0.0703125
0 0.434375 0.47109375 0.0234375 0.0703125
0 0.13515625 0.365625 0.046875 0.046875
0 0.2421875 0.34375 0.03671875 0.0375
0 0.2859375 0.27265625 0.04296875 0.0515625
0 0.5390625 0.1234375 0.03671875 0.04375
0 0.4171875 0.9765625 0.01640625 0.04375
0 0.0546875 0.97265625 0.021875 0.0515625
0 0.02265625 0.97265625 0.01953125 0.0484375