0 0.40390625 0.9359375 0.02890625 0.06875
0 0.50078125 0.76015625 0.0359375 0.0484375
0 0.55390625 0.715625 0.0359375 0.046875
0 0.50078125 0.70546875 0.0359375 0.0453125
0 0.61953125 0.6484375 0.0296875 0.046875
0 0.596875 0.58125 0.0328125 0.0375
0 0.68828125 0.596875 0.034375 0.04375
0 0.7015625 0.49453125 0.03203125 0.0421875
0 0.734375 0.46640625 0.03203125 0.0359375
0 0.87578125 0.34375 0.025 0.0375
0 0.90078125 0.32265625 0.028125 0.0359375
0 0.93984375 0.29296875 0.0296875 0.0421875
0 0.96953125 0.26875 0.025 0.03125
0 0.259375 0.43671875 0.0203125 0.0515625
0 0.15 0.2703125 0.01640625 0.046875
0 0.17734375 0.22734375 0.01875 0.0453125
0 0.20546875 0.25859375 0.01640625 0.0421875
0 0.25703125 0.1828125 0.01796875 0.040625
3 0.2765625 0.43046875 0.01640625 0.0390625
3 0.77109375 0.44453125 0.0328125 0.0421875
3 0.84453125 0.36796875 0.02578125 0.0328125
2 0.6390625 0.590625 0.04140625 0.053125