0 0.1578125 0.9203125 0.0234375 0.071875
0 0.14609375 0.80078125 0.021875 0.0828125
0 0.31328125 0.51953125 0.04296875 0.0296875
0 0.328125 0.4859375 0.040625 0.028125
0 0.396875 0.48203125 0.040625 0.0328125
0 0.359375 0.42109375 0.04453125 0.0328125
0 0.38125 0.525 0.03984375 0.034375
0 0.43515625 0.5328125 0.04296875 0.034375
0 0.578125 0.70078125 0.03984375 0.0359375
0 0.65625 0.71484375 0.040625 0.0296875
0 0.7078125 0.71796875 0.040625 0.0328125
0 0.85390625 0.7296875 0.040625 0.03125
0 0.90390625 0.73671875 0.040625 0.0328125
0 0.95078125 0.73984375 0.03671875 0.0296875
0 0.91953125 0.46328125 0.04296875 0.0328125
0 0.778125 0.4484375 0.0375 0.028125
0 0.7359375 0.446875 0.04140625 0.034375
0 0.63828125 0.4109375 0.0421875 0.03125
3 0.45 0.49140625 0.0359375 0.0296875