0 0.54375 0.96796875 0.025 0.0609375
0 0.5421875 0.8703125 0.02578125 0.0625
0 0.4890625 0.7078125 0.01953125 0.05
0 0.4515625 0.6609375 0.01796875 0.053125
0 0.40625 0.75 0.01953125 0.059375
0 0.478125 0.396875 0.01484375 0.0375
0 0.40703125 0.34140625 0.0140625 0.0421875
0 0.41171875 0.17890625 0.0109375 0.0265625
0 0.3609375 0.2046875 0.0109375 0.028125
0 0.77109375 0.24765625 0.0140625 0.0296875
0 0.8546875 0.20625 0.015625 0.028125
0 0.896875 0.184375 0.01796875 0.028125
0 0.94375 0.1625 0.01953125 0.028125
0 0.96640625 0.15390625 0.0140625 0.0296875