3 0.44375 0.6734375 0.0234375 0.05625
3 0.3984375 0.875 0.03359375 0.08125
0 0.365625 0.9578125 0.02890625 0.071875
0 0.4671875 0.60234375 0.02109375 0.0546875
0 0.48359375 0.5484375 0.021875 0.065625
0 0.51015625 0.465625 0.02265625 0.0625
0 0.52890625 0.403125 0.0203125 0.05
0 0.58828125 0.19140625 0.021875 0.0515625
0 0.60234375 0.140625 0.01875 0.046875
0 0.61796875 0.09375 0.0203125 0.05
0 0.63828125 0.02109375 0.01875 0.0421875
0 0.70078125 0.2421875 0.0234375 0.05
0 0.62421875 0.55078125 0.02109375 0.0546875
0 0.646875 0.48671875 0.021875 0.0515625
0 0.66015625 0.43125 0.01796875 0.04375
0 0.72578125 0.45625 0.0203125 0.0375
0 0.73984375 0.44375 0.0203125 0.0375
0 0.75625 0.43046875 0.01875 0.0390625