0 0.08671875 0.13984375 0.04296875 0.0484375
0 0.128125 0.18046875 0.0390625 0.0515625
0 0.21953125 0.09609375 0.0390625 0.0515625
0 0.37109375 0.22578125 0.04140625 0.0546875
0 0.259375 0.3 0.0390625 0.05
0 0.47734375 0.26015625 0.03046875 0.0421875
0 0.5375 0.375 0.03671875 0.053125
0 0.62109375 0.134375 0.02890625 0.06875
0 0.63359375 0.17265625 0.028125 0.0765625
0 0.6625 0.065625 0.02734375 0.071875
0 0.6453125 0.02890625 0.02890625 0.0578125
3 0.04453125 0.0875 0.04453125 0.059375
3 0.42578125 0.8515625 0.02109375 0.0625
0 0.59921875 0.0578125 0.02734375 0.078125