0 0.61015625 0.684375 0.02890625 0.071875
0 0.62421875 0.72109375 0.02734375 0.0734375
0 0.6515625 0.61171875 0.02734375 0.0671875
0 0.63359375 0.5703125 0.02734375 0.065625
0 0.675 0.5265625 0.02890625 0.075
0 0.81875 0.3484375 0.02890625 0.071875
0 0.85234375 0.225 0.028125 0.071875
0 0.87265625 0.13984375 0.0296875 0.0703125
0 0.07421875 0.7015625 0.040625 0.05
0 0.1140625 0.73984375 0.0390625 0.0515625
0 0.246875 0.85703125 0.0375 0.0453125
0 0.58984375 0.60625 0.02890625 0.075
3 0.66015625 0.48046875 0.0265625 0.0640625
3 0.03203125 0.646875 0.04375 0.059375
0 0.73828125 0.01796875 0.025 0.0359375
0 0.690625 0.13515625 0.0265625 0.0671875
0 0.01171875 0.46484375 0.02265625 0.0484375