3 0.4625 0.66171875 0.0375 0.0609375
3 0.54609375 0.51953125 0.03203125 0.0453125
0 0.378125 0.753125 0.03515625 0.059375
0 0.41484375 0.70546875 0.03359375 0.0546875
0 0.58359375 0.475 0.02734375 0.04375
0 0.6125 0.4390625 0.03359375 0.05
0 0.65859375 0.38125 0.0390625 0.059375
0 0.69375 0.33359375 0.028125 0.0453125
0 0.80625 0.18046875 0.03203125 0.0453125
0 0.834375 0.14140625 0.02578125 0.0484375
0 0.8640625 0.10390625 0.02890625 0.0421875
0 0.9046875 0.04453125 0.028125 0.0453125
0 0.965625 0.028125 0.03046875 0.046875
0 0.74609375 0.5515625 0.03203125 0.053125
0 0.7859375 0.51015625 0.028125 0.0484375
0 0.8125 0.47109375 0.025 0.0515625
0 0.87109375 0.54296875 0.01796875 0.0453125
0 0.88828125 0.5421875 0.015625 0.04375
0 0.90703125 0.54140625 0.01484375 0.0453125
0 0.253125 0.91953125 0.03984375 0.0640625
0 0.90703125 0.31875 0.03046875 0.05