0 0.05 0.17734375 0.040625 0.0515625
0 0.11171875 0.41171875 0.040625 0.0484375
0 0.15390625 0.453125 0.0390625 0.046875
0 0.28515625 0.57109375 0.0375 0.0515625
0 0.20625 0.32421875 0.04140625 0.0578125
0 0.25625 0.30234375 0.034375 0.0453125
0 0.3734375 0.4734375 0.0375 0.05
0 0.66171875 0.44296875 0.028125 0.0734375
0 0.65 0.403125 0.0296875 0.071875
0 0.690625 0.33515625 0.02734375 0.0671875
0 0.67265625 0.29296875 0.028125 0.0671875
0 0.7140625 0.24921875 0.0296875 0.0734375
0 0.8546875 0.07578125 0.03046875 0.0734375
3 0.73671875 0.06484375 0.028125 0.0671875
3 0.06875 0.35625 0.04609375 0.0625
0 0.628125 0.32578125 0.03046875 0.0796875