3 0.4578125 0.4703125 0.0375 0.046875
0 0.05703125 0.86953125 0.03046875 0.0765625
0 0.12734375 0.6546875 0.03046875 0.0625
0 0.11796875 0.58359375 0.03203125 0.0796875
0 0.3234375 0.42109375 0.04140625 0.0484375
0 0.34375 0.3984375 0.03984375 0.05
0 0.38515625 0.353125 0.0421875 0.05
0 0.40859375 0.43046875 0.040625 0.0484375
0 0.38671875 0.46484375 0.04140625 0.0484375
0 0.43671875 0.503125 0.04140625 0.053125
0 0.54375 0.74296875 0.040625 0.0546875
0 0.61328125 0.79921875 0.04140625 0.0484375
0 0.6640625 0.83359375 0.040625 0.0484375
0 0.79921875 0.92890625 0.04296875 0.0515625
0 0.846875 0.96640625 0.0390625 0.0453125
0 0.90703125 0.71484375 0.040625 0.0515625
0 0.77578125 0.61875 0.03984375 0.04375
0 0.7375 0.59140625 0.03984375 0.0484375
0 0.6515625 0.5015625 0.04375 0.05