0 0.4015625 0.85546875 0.01953125 0.0609375
0 0.465625 0.87109375 0.02109375 0.0640625
0 0.5125 0.96796875 0.02265625 0.0609375
0 0.51875 0.89921875 0.02265625 0.0578125
0 0.46953125 0.71796875 0.015625 0.0484375
0 0.4140625 0.503125 0.01484375 0.04375
0 0.4765625 0.48671875 0.01484375 0.0359375
0 0.40859375 0.22734375 0.009375 0.0265625
0 0.36015625 0.290625 0.009375 0.028125
0 0.28828125 0.05546875 0.01953125 0.0171875
0 0.3203125 0.05234375 0.01484375 0.0140625
0 0.31484375 0.06875 0.01953125 0.0125
0 0.7671875 0.33984375 0.01484375 0.0296875
0 0.85 0.29921875 0.01484375 0.0296875
0 0.89140625 0.275 0.01875 0.03125
0 0.9359375 0.25390625 0.01796875 0.0296875
0 0.959375 0.246875 0.015625 0.028125