0 0.453125 0.97421875 0.0265625 0.0484375
0 0.54296875 0.76015625 0.0375 0.0421875
0 0.54765625 0.70703125 0.03671875 0.0421875
0 0.5984375 0.728125 0.0390625 0.046875
0 0.6515625 0.603125 0.03359375 0.040625
0 0.6875 0.6625 0.0328125 0.0375
0 0.7671875 0.62421875 0.034375 0.0421875
0 0.76484375 0.534375 0.0296875 0.040625
0 0.7984375 0.5140625 0.03046875 0.040625
0 0.95703125 0.4171875 0.0265625 0.03125
0 0.98359375 0.4 0.03046875 0.034375
2 0.72421875 0.603125 0.04140625 0.053125
3 0.84140625 0.50078125 0.0359375 0.0390625
3 0.92265625 0.4328125 0.02734375 0.03125
3 0.3453125 0.38984375 0.01484375 0.0390625
0 0.334375 0.43046875 0.01875 0.0484375
0 0.23359375 0.2125 0.01328125 0.046875
0 0.26171875 0.15625 0.0140625 0.040625
0 0.284375 0.18125 0.0140625 0.040625
0 0.340625 0.1421875 0.0140625 0.0375