0 0.23203125 0.95703125 0.04296875 0.0515625
0 0.2953125 0.92890625 0.03984375 0.0453125
0 0.26015625 0.890625 0.04296875 0.046875
0 0.378125 0.7734375 0.0390625 0.04375
0 0.51796875 0.70078125 0.0359375 0.0421875
0 0.5609375 0.6828125 0.0375 0.040625
0 0.7625 0.5828125 0.03203125 0.0375
0 0.7984375 0.5640625 0.0375 0.0375
0 0.85390625 0.54140625 0.040625 0.0453125
0 0.89765625 0.5203125 0.03046875 0.034375
0 0.909375 0.76328125 0.03671875 0.0453125
0 0.95703125 0.7546875 0.03515625 0.040625
3 0.6109375 0.67265625 0.04609375 0.0453125
3 0.7203125 0.5984375 0.03203125 0.0375
0 0.0234375 0.29765625 0.01953125 0.0609375