0 0.52734375 0.94609375 0.03046875 0.0671875
0 0.58828125 0.79921875 0.034375 0.0734375
0 0.60390625 0.88125 0.0328125 0.071875
0 0.7328125 0.66484375 0.03984375 0.0578125
0 0.7484375 0.59765625 0.03671875 0.0546875
0 0.6875 0.48671875 0.0390625 0.0546875
0 0.60078125 0.3703125 0.03359375 0.05
0 0.46953125 0.30390625 0.03671875 0.0578125
0 0.76171875 0.28359375 0.03359375 0.0640625
0 0.79765625 0.20390625 0.03046875 0.0609375
0 0.75 0.2296875 0.03203125 0.0625
0 0.40078125 0.05 0.034375 0.05625
0 0.890625 0.63984375 0.0390625 0.0546875
2 0.55703125 0.878125 0.02578125 0.065625
0 0.16015625 0.02265625 0.03515625 0.0453125
0 0.803125 0.02421875 0.0296875 0.0484375