3 0.471875 0.55390625 0.0359375 0.0546875
0 0.959375 0.846875 0.034375 0.071875
0 0.98515625 0.94765625 0.02734375 0.0734375
0 0.9875 0.79921875 0.0234375 0.0671875
0 0.86953125 0.28125 0.03671875 0.059375
0 0.91328125 0.2265625 0.03671875 0.05625
0 0.946875 0.17890625 0.03515625 0.0546875
0 0.98359375 0.1296875 0.03203125 0.05625
0 0.753125 0.4359375 0.03671875 0.059375
0 0.71171875 0.49453125 0.03671875 0.0578125
0 0.64765625 0.57421875 0.03984375 0.0578125
0 0.590625 0.278125 0.04140625 0.065625
0 0.6796875 0.19765625 0.03984375 0.0578125
0 0.7140625 0.14921875 0.03671875 0.0578125
0 0.375 0.728125 0.040625 0.059375
0 0.37421875 0.68515625 0.0375 0.0546875
0 0.43046875 0.6578125 0.0359375 0.059375
0 0.475 0.60234375 0.040625 0.0578125
0 0.4265625 0.6046875 0.03671875 0.05625
0 0.1515625 0.61796875 0.0328125 0.0671875
0 0.3765625 0.5984375 0.03671875 0.059375
0 0.925 0.66171875 0.02734375 0.0546875
0 0.90078125 0.68515625 0.02734375 0.0578125
0 0.88515625 0.71328125 0.0234375 0.0453125
0 0.81875 0.83125 0.0234375 0.04375
3 0.76640625 0.9828125 0.0390625 0.03125
0 0.009375 0.51875 0.01875 0.075