0 0.04140625 0.80390625 0.04453125 0.0359375
0 0.134375 0.66875 0.040625 0.034375
0 0.1796875 0.7140625 0.04296875 0.0375
0 0.1953125 0.65859375 0.0421875 0.0421875
0 0.26171875 0.259375 0.02109375 0.071875
0 0.534375 0.58203125 0.0359375 0.0328125
0 0.5296875 0.52109375 0.040625 0.0359375
0 0.54765625 0.446875 0.03671875 0.03125
0 0.625 0.4984375 0.03671875 0.034375
0 0.67890625 0.48671875 0.0390625 0.0390625
0 0.74375 0.47265625 0.0421875 0.0359375
0 0.81171875 0.46015625 0.040625 0.0328125
2 0.41171875 0.53046875 0.04375 0.0578125