0 0.028125 0.7203125 0.04609375 0.053125
0 0.06875 0.76015625 0.03984375 0.0515625
0 0.20078125 0.8765625 0.0390625 0.053125
0 0.54453125 0.6265625 0.028125 0.078125
0 0.5671875 0.70078125 0.02734375 0.0703125
0 0.57890625 0.7390625 0.0265625 0.075
0 0.60625 0.63046875 0.02734375 0.0703125
0 0.5890625 0.58828125 0.02734375 0.0671875
0 0.63046875 0.54375 0.02890625 0.075
0 0.64375 0.15703125 0.0296875 0.0734375
0 0.69765625 0.02421875 0.02890625 0.0484375
0 0.77421875 0.36640625 0.02890625 0.0703125
0 0.80859375 0.240625 0.02734375 0.071875
0 0.828125 0.15546875 0.0296875 0.0671875
3 0.61328125 0.5046875 0.02734375 0.065625