3 0.56171875 0.51640625 0.02734375 0.0640625
0 0.6453125 0.03046875 0.0265625 0.0609375
0 0.5921875 0.16953125 0.0296875 0.0765625
0 0.721875 0.37890625 0.02890625 0.0734375
0 0.75546875 0.253125 0.025 0.06875
0 0.7765625 0.16796875 0.0265625 0.0703125
0 0.49140625 0.6375 0.028125 0.075
0 0.51328125 0.71484375 0.028125 0.0734375
0 0.525 0.753125 0.02734375 0.071875
0 0.553125 0.64140625 0.0265625 0.0671875
0 0.57734375 0.55546875 0.028125 0.0734375
0 0.53671875 0.59921875 0.02890625 0.0671875
0 0.0171875 0.771875 0.034375 0.053125
0 0.14453125 0.8890625 0.0390625 0.05
0 0.98203125 0.78671875 0.03359375 0.0640625
0 0.95390625 0.6703125 0.034375 0.046875
0 0.94453125 0.45 0.0296875 0.025
0 0.97578125 0.25 0.0375 0.046875
3 0.94375 0.63125 0.03515625 0.05
0 0.96484375 0.7078125 0.03203125 0.046875