0 0.184375 0.9546875 0.04375 0.05
0 0.24921875 0.9265625 0.0421875 0.046875
0 0.2265625 0.88046875 0.0421875 0.0453125
0 0.33359375 0.77265625 0.03984375 0.0453125
0 0.475 0.69921875 0.0359375 0.0421875
0 0.51796875 0.6796875 0.03515625 0.0375
0 0.721875 0.5765625 0.0296875 0.034375
0 0.75703125 0.5609375 0.0375 0.040625
0 0.8140625 0.5359375 0.0390625 0.040625
0 0.85703125 0.51640625 0.03046875 0.0328125
0 0.86640625 0.76015625 0.034375 0.0421875
0 0.91484375 0.74921875 0.0328125 0.0359375
0 0.95234375 0.72734375 0.02890625 0.0390625
3 0.56953125 0.66640625 0.04296875 0.0453125
3 0.678125 0.59609375 0.03359375 0.0359375