0 0.01796875 0.80390625 0.0359375 0.0609375
0 0.1203125 0.3375 0.02578125 0.04375
0 0.1921875 0.4078125 0.02578125 0.046875
0 0.37265625 0.63046875 0.034375 0.0515625
0 0.490625 0.759375 0.0390625 0.053125
0 0.49765625 0.80703125 0.03203125 0.0515625
0 0.73125 0.65703125 0.02578125 0.0609375
0 0.79765625 0.2140625 0.0203125 0.04375
0 0.84765625 0.190625 0.01953125 0.0375
0 0.86015625 0.21796875 0.02109375 0.0421875
0 0.9140625 0.2765625 0.02109375 0.046875
0 0.99140625 0.10859375 0.015625 0.0328125
3 0.8046875 0.478125 0.01953125 0.04375
0 0.0078125 0.74609375 0.01484375 0.0546875
0 0.09921875 0.97265625 0.04140625 0.0515625