0 0.5609375 0.95703125 0.02578125 0.0609375
0 0.50546875 0.8109375 0.0203125 0.05625
0 0.40390625 0.7515625 0.01796875 0.059375
0 0.43203125 0.571875 0.01484375 0.046875
0 0.475 0.39921875 0.01484375 0.0359375
0 0.39765625 0.278125 0.01171875 0.034375
0 0.3578125 0.20546875 0.0109375 0.0296875
0 0.41171875 0.22421875 0.0109375 0.0296875
0 0.76875 0.25 0.01328125 0.028125
0 0.85234375 0.21015625 0.0140625 0.0265625
0 0.89296875 0.18828125 0.01796875 0.0265625
0 0.93984375 0.16484375 0.01796875 0.0265625