0 0.6078125 0.8875 0.0265625 0.06875
0 0.56953125 0.85390625 0.0265625 0.0703125
0 0.61640625 0.81640625 0.0234375 0.0734375
0 0.5671875 0.63203125 0.025 0.0609375
0 0.48984375 0.63046875 0.02265625 0.0671875
0 0.49609375 0.51484375 0.01875 0.0453125
0 0.46796875 0.29375 0.01875 0.05
0 0.44921875 0.30234375 0.01640625 0.0453125
0 0.384375 0.390625 0.01796875 0.059375
0 0.4140625 0.20859375 0.015625 0.0515625
0 0.45625 0.0265625 0.015625 0.0375
0 0.42109375 0.0984375 0.01328125 0.040625
0 0.94296875 0.9421875 0.04140625 0.04375