0 0.13125 0.12265625 0.01640625 0.0640625
0 0.21796875 0.02890625 0.01484375 0.0484375
0 0.2171875 0.39765625 0.01875 0.0546875
0 0.3328125 0.94921875 0.0234375 0.0796875
0 0.47734375 0.9625 0.04453125 0.053125
0 0.48828125 0.903125 0.0421875 0.04375
0 0.53671875 0.93359375 0.04140625 0.0484375
0 0.61015625 0.78125 0.03671875 0.04375
0 0.746875 0.709375 0.03671875 0.04375
0 0.7875 0.690625 0.0390625 0.04375
3 0.83671875 0.6796875 0.04453125 0.04375
3 0.9390625 0.6046875 0.03046875 0.040625
0 0.98125 0.58671875 0.03046875 0.0359375
0 0.30859375 0.9734375 0.0234375 0.05