0 0.15 0.95078125 0.04453125 0.0515625
0 0.2140625 0.92265625 0.0421875 0.0453125
0 0.20703125 0.86953125 0.04296875 0.0421875
0 0.30078125 0.76796875 0.040625 0.0453125
0 0.44296875 0.6953125 0.0359375 0.0375
0 0.48671875 0.67734375 0.0359375 0.0421875
0 0.690625 0.57421875 0.03203125 0.0390625
0 0.7265625 0.55546875 0.0390625 0.0390625
0 0.7828125 0.53359375 0.03984375 0.0421875
0 0.82734375 0.5109375 0.0296875 0.034375
0 0.83515625 0.75625 0.040625 0.04375
0 0.88359375 0.74375 0.03515625 0.040625
0 0.921875 0.72265625 0.03203125 0.0453125
0 0.96328125 0.83828125 0.01484375 0.0484375
0 0.9828125 0.84765625 0.01875 0.0515625
0 0.97421875 0.4375 0.034375 0.034375
3 0.5375 0.6640625 0.0421875 0.040625
3 0.646875 0.59140625 0.03046875 0.0390625