0 0.95234375 0.6 0.040625 0.053125
0 0.65234375 0.91171875 0.03671875 0.0640625
0 0.62109375 0.76171875 0.03515625 0.0640625
0 0.5765625 0.784375 0.03984375 0.065625
0 0.31953125 0.44375 0.03515625 0.059375
0 0.278125 0.44296875 0.03515625 0.0578125
0 0.27109375 0.36015625 0.0328125 0.0546875
0 0.1640625 0.3265625 0.034375 0.05625
0 0.06875 0.171875 0.03203125 0.05625
0 0.03984375 0.12265625 0.03515625 0.0546875
3 0.01640625 0.0609375 0.0328125 0.06875
2 0.6171875 0.846875 0.03359375 0.05625
2 0.5984375 0.9046875 0.0421875 0.075
0 0.74765625 0.1453125 0.0296875 0.05625
0 0.51484375 0.2640625 0.0328125 0.0625
0 0.93515625 0.51484375 0.0421875 0.0390625
0 0.9390625 0.28046875 0.03046875 0.0296875
0 0.93046875 0.39765625 0.02890625 0.0296875
3 0.92734375 0.4328125 0.02890625 0.03125
0 0.93203125 0.478125 0.03515625 0.03125
0 0.971875 0.63984375 0.03203125 0.0453125
0 0.6953125 0.971875 0.0390625 0.053125
3 0.9625 0.2234375 0.01796875 0.03125
0 0.9796875 0.16328125 0.01875 0.0328125
0 0.98671875 0.13203125 0.021875 0.0453125