0 0.40859375 0.853125 0.01640625 0.05625
0 0.41953125 0.790625 0.01953125 0.065625
0 0.4375 0.69375 0.0203125 0.071875
0 0.44921875 0.621875 0.01640625 0.053125
0 0.48125 0.40859375 0.01640625 0.0515625
0 0.4890625 0.3578125 0.01328125 0.046875
0 0.4984375 0.30703125 0.01484375 0.0421875
0 0.5078125 0.23828125 0.0140625 0.0484375
0 0.51484375 0.196875 0.01328125 0.040625
0 0.5265625 0.103125 0.0140625 0.0375
0 0.54140625 0.03046875 0.01328125 0.0328125
0 0.59296875 0.4171875 0.015625 0.046875
0 0.57890625 0.6046875 0.01640625 0.046875
0 0.575 0.66171875 0.015625 0.0453125
0 0.55859375 0.73515625 0.01875 0.0578125
0 0.64296875 0.6046875 0.02109375 0.0375
0 0.65390625 0.5890625 0.0203125 0.040625
0 0.6671875 0.56953125 0.01796875 0.0390625
3 0.51953125 0.13359375 0.01484375 0.0359375
3 0.39375 0.93359375 0.02109375 0.0609375