2 0.56484375 0.79375 0.04375 0.059375
2 0.6109375 0.76171875 0.034375 0.0421875
0 0.8578125 0.3234375 0.03359375 0.059375
0 0.58984375 0.0375 0.0203125 0.059375
0 0.39765625 0.29375 0.02578125 0.0625
0 0.75703125 0.9265625 0.03984375 0.046875
0 0.840625 0.93125 0.0421875 0.053125
0 0.7734375 0.878125 0.04375 0.05
0 0.7078125 0.83125 0.04140625 0.05
0 0.65546875 0.7984375 0.0375 0.046875
0 0.596875 0.6828125 0.0390625 0.046875
0 0.56171875 0.7296875 0.04140625 0.046875
0 0.20703125 0.6046875 0.04296875 0.046875
0 0.23984375 0.57578125 0.04140625 0.0453125
0 0.1828125 0.53359375 0.040625 0.0453125
0 0.06953125 0.57265625 0.04140625 0.0421875
0 0.784375 0.0421875 0.0296875 0.034375
0 0.9265625 0.06328125 0.04140625 0.0484375
0 0.796875 0.15546875 0.03359375 0.0328125
0 0.81875 0.22421875 0.02734375 0.0421875
0 0.8296875 0.253125 0.0296875 0.040625
0 0.8828125 0.3421875 0.0265625 0.046875
3 0.8046875 0.19296875 0.0296875 0.0453125