0 0.04140625 0.51796875 0.03359375 0.0484375
0 0.13359375 0.57734375 0.03046875 0.0453125
0 0.3203125 0.70078125 0.0359375 0.0421875
0 0.4375 0.778125 0.040625 0.040625
0 0.44296875 0.82265625 0.03515625 0.0453125
0 0.66171875 0.5578125 0.021875 0.059375
0 0.753125 0.934375 0.04140625 0.053125
0 0.784375 0.9 0.0421875 0.05
0 0.81875 0.97578125 0.046875 0.0453125
0 0.91796875 0.94375 0.04140625 0.046875
0 0.67890625 0.15390625 0.01875 0.0421875
0 0.721875 0.11953125 0.015625 0.0390625
0 0.73671875 0.14296875 0.01640625 0.0421875
0 0.78984375 0.18828125 0.01953125 0.0453125
3 0.70859375 0.4046875 0.015625 0.040625
0 0.8453125 0.0109375 0.015625 0.021875