0 0.46796875 0.94296875 0.0359375 0.0578125
0 0.553125 0.921875 0.0390625 0.059375
0 0.55 0.8359375 0.0390625 0.0625
0 0.66171875 0.665625 0.034375 0.071875
0 0.7390625 0.6625 0.03359375 0.065625
0 0.7390625 0.72578125 0.034375 0.0640625
0 0.6703125 0.5046875 0.0328125 0.059375
0 0.803125 0.43046875 0.0375 0.0578125
0 0.8015625 0.375 0.0390625 0.0625
0 0.85078125 0.3734375 0.0359375 0.053125
0 0.88984375 0.19375 0.0375 0.05625
0 0.4703125 0.17890625 0.03203125 0.0640625
0 0.50625 0.05234375 0.028125 0.0640625
4 0.5625 0.2828125 0.08125 0.153125
2 0.509375 0.89375 0.03203125 0.05625
0 0.42578125 0.98359375 0.03046875 0.0296875
0 0.87109375 0.8375 0.03515625 0.065625