0 0.0265625 0.89296875 0.04296875 0.0328125
0 0.13359375 0.77578125 0.04140625 0.0359375
0 0.17578125 0.82734375 0.046875 0.0359375
0 0.19453125 0.7734375 0.04296875 0.0375
0 0.5390625 0.6921875 0.04140625 0.03125
0 0.5609375 0.62421875 0.0390625 0.0296875
0 0.63671875 0.6875 0.0390625 0.03125
0 0.68984375 0.6859375 0.04140625 0.03125
0 0.75703125 0.684375 0.04375 0.034375
0 0.8265625 0.684375 0.04140625 0.03125
0 0.70390625 0.7390625 0.0390625 0.034375
2 0.58828125 0.6859375 0.03515625 0.03125
2 0.51640625 0.74375 0.04296875 0.040625
0 0.92578125 0.17734375 0.02109375 0.0609375
0 0.88515625 0.17109375 0.0203125 0.0578125
0 0.72109375 0.1328125 0.02734375 0.06875
0 0.29296875 0.3921875 0.01953125 0.071875
0 0.42265625 0.03125 0.01484375 0.0625
0 0.6859375 0.0828125 0.01796875 0.04375
0 0.66875 0.06640625 0.021875 0.0515625
0 0.6390625 0.01875 0.02265625 0.0375
3 0.65 0.04140625 0.028125 0.0421875
0 0.89765625 0.0078125 0.03671875 0.015625
0 0.74921875 0.13828125 0.0203125 0.0546875