0 0.4375 0.79765625 0.01953125 0.0546875
0 0.453125 0.740625 0.025 0.065625
0 0.4734375 0.646875 0.0234375 0.065625
0 0.490625 0.58125 0.01875 0.05
0 0.5359375 0.3703125 0.01875 0.05
0 0.54609375 0.32265625 0.015625 0.0484375
0 0.55859375 0.27421875 0.01796875 0.0453125
0 0.57265625 0.20078125 0.015625 0.0484375
0 0.58046875 0.1609375 0.015625 0.040625
0 0.59921875 0.06953125 0.015625 0.0359375
0 0.64609375 0.396875 0.01640625 0.05
0 0.61953125 0.58359375 0.0140625 0.0484375
0 0.61015625 0.64296875 0.01796875 0.0515625
0 0.5921875 0.715625 0.0234375 0.059375
0 0.6859375 0.60234375 0.0203125 0.0390625
0 0.7 0.584375 0.0203125 0.04375
0 0.71328125 0.5703125 0.01953125 0.0375
3 0.41875 0.8765625 0.02265625 0.065625
3 0.58984375 0.1015625 0.015625 0.0375
0 0.64453125 0.0125 0.01796875 0.025