0 0.759375 0.9375 0.0265625 0.08125
0 0.7140625 0.83203125 0.02578125 0.0734375
0 0.7265625 0.7640625 0.028125 0.071875
0 0.81484375 0.56484375 0.04140625 0.0515625
0 0.86953125 0.5296875 0.0390625 0.04375
0 0.8203125 0.50859375 0.03984375 0.0453125
0 0.93125 0.3703125 0.0390625 0.04375
0 0.36484375 0.9515625 0.0421875 0.046875
0 0.4171875 0.915625 0.0390625 0.046875
0 0.503125 0.93359375 0.040625 0.0484375
0 0.5125 0.84765625 0.04296875 0.0484375
2 0.4640625 0.8890625 0.034375 0.046875
4 0.65546875 0.49375 0.06953125 0.175
0 0.57890625 0.4609375 0.02734375 0.071875
0 0.54609375 0.15703125 0.02578125 0.0671875
0 0.54609375 0.059375 0.021875 0.059375
0 0.5953125 0.14375 0.0265625 0.065625