0 0.4796875 0.8859375 0.01640625 0.08125
0 0.50078125 0.9078125 0.01796875 0.075
0 0.54140625 0.9578125 0.0203125 0.08125
0 0.23671875 0.659375 0.04140625 0.034375
0 0.31484375 0.68046875 0.03671875 0.0296875
0 0.41484375 0.59296875 0.03984375 0.0515625
0 0.6109375 0.58046875 0.03671875 0.0328125
0 0.74453125 0.48984375 0.034375 0.0296875
0 0.79375 0.5296875 0.0375 0.028125
0 0.8234375 0.5734375 0.04140625 0.03125
0 0.8734375 0.48125 0.0359375 0.03125
0 0.91484375 0.48046875 0.03671875 0.0296875
3 0.48046875 0.121875 0.0109375 0.0375
3 0.9609375 0.48984375 0.03984375 0.0328125
0 0.48046875 0.9859375 0.01875 0.025