0 0.24921875 0.8796875 0.04453125 0.0375
0 0.31875 0.9046875 0.0390625 0.03125
0 0.4421875 0.7859375 0.0390625 0.0625
0 0.62265625 0.8015625 0.0390625 0.03125
0 0.79765625 0.79453125 0.04140625 0.0296875
0 0.76640625 0.7484375 0.0390625 0.028125
0 0.75625 0.70703125 0.034375 0.0265625
0 0.88828125 0.6984375 0.03515625 0.034375
0 0.93125 0.69609375 0.0375 0.0296875
0 0.46640625 0.0828125 0.01328125 0.040625
0 0.44921875 0.06875 0.01171875 0.0375
3 0.97734375 0.70859375 0.03984375 0.0328125
3 0.48984375 0.34921875 0.0125 0.0390625
0 0.4140625 0.12265625 0.0109375 0.0453125
0 0.521875 0.1 0.0109375 0.046875