0 0.32421875 0.63203125 0.040625 0.0453125
0 0.3328125 0.58984375 0.04140625 0.0421875
0 0.390625 0.596875 0.040625 0.040625
0 0.396875 0.54375 0.040625 0.04375
0 0.44296875 0.57109375 0.0421875 0.0453125
0 0.609375 0.6484375 0.040625 0.04375
0 0.6859375 0.6125 0.03984375 0.04375
0 0.73515625 0.58359375 0.03984375 0.0421875
0 0.8734375 0.5109375 0.04140625 0.04375
0 0.921875 0.48515625 0.03984375 0.0421875
0 0.96640625 0.46015625 0.0375 0.0359375
0 0.709375 0.31171875 0.040625 0.0421875
0 0.61328125 0.33359375 0.0421875 0.0453125
0 0.75390625 0.2890625 0.0359375 0.0375
0 0.88515625 0.22265625 0.04140625 0.0421875
0 0.35078125 0.51015625 0.04375 0.0421875
0 0.0140625 0.21015625 0.0265625 0.0703125
0 0.10390625 0.20234375 0.0234375 0.0703125
3 0.44921875 0.525 0.0359375 0.040625
0 0.9890625 0.0984375 0.01953125 0.03125
0 0.8546875 0.89921875 0.0203125 0.0609375
0 0.82578125 0.90625 0.025 0.065625
0 0.80625 0.921875 0.01953125 0.040625
0 0.21484375 0.978125 0.02265625 0.040625
0 0.040625 0.0078125 0.0234375 0.015625