3 0.51640625 0.65859375 0.04375 0.0453125
3 0.62734375 0.5859375 0.03359375 0.034375
0 0.128125 0.946875 0.04296875 0.05
0 0.19296875 0.91953125 0.0421875 0.0484375
0 0.20234375 0.86015625 0.0421875 0.0484375
0 0.27890625 0.76328125 0.0390625 0.0453125
0 0.42265625 0.690625 0.03671875 0.040625
0 0.4671875 0.67109375 0.03671875 0.0421875
0 0.6703125 0.5671875 0.03046875 0.034375
0 0.70703125 0.55078125 0.0359375 0.0390625
0 0.76484375 0.528125 0.0390625 0.04375
0 0.80859375 0.50625 0.0296875 0.03125
0 0.8140625 0.74921875 0.03515625 0.0421875
0 0.8625 0.7390625 0.03359375 0.0375
0 0.90078125 0.71875 0.0296875 0.04375
0 0.94296875 0.8296875 0.02109375 0.046875
0 0.9609375 0.8453125 0.0203125 0.05625
0 0.98125 0.85703125 0.01953125 0.0515625
0 0.95703125 0.43359375 0.03515625 0.0328125