0 0.38359375 0.96953125 0.040625 0.0515625
0 0.4328125 0.92421875 0.03984375 0.0484375
0 0.51953125 0.92890625 0.04140625 0.0515625
0 0.525 0.8453125 0.0421875 0.053125
0 0.8421875 0.95546875 0.0296875 0.0734375
0 0.753125 0.8171875 0.02734375 0.075
0 0.72421875 0.8015625 0.02890625 0.06875
0 0.70546875 0.6453125 0.0296875 0.065625
0 0.6109375 0.58125 0.02890625 0.075
0 0.81640625 0.525 0.040625 0.053125
0 0.86875 0.4828125 0.03984375 0.046875
0 0.8171875 0.46875 0.040625 0.05
0 0.9234375 0.3171875 0.03671875 0.046875
0 0.56875 0.0984375 0.028125 0.06875
0 0.5015625 0.04609375 0.028125 0.0703125
0 0.47734375 0.04765625 0.02734375 0.0734375
4 0.62421875 0.39375 0.07109375 0.165625
2 0.478125 0.89140625 0.034375 0.0515625