0 0.353125 0.95546875 0.034375 0.0640625
0 0.3859375 0.89140625 0.03203125 0.0640625
0 0.5265625 0.59296875 0.025 0.0546875
0 0.54765625 0.54765625 0.0265625 0.0578125
0 0.58515625 0.4765625 0.02734375 0.05625
0 0.6125 0.41875 0.02265625 0.05
0 0.6984375 0.2390625 0.025 0.05
0 0.71875 0.1921875 0.02109375 0.05
0 0.73984375 0.1515625 0.0234375 0.05
0 0.76875 0.084375 0.0203125 0.04375
0 0.7859375 0.04609375 0.02109375 0.0421875
0 0.80625 0.33125 0.025 0.053125
0 0.74296875 0.50625 0.0203125 0.05
0 0.721875 0.55625 0.02265625 0.053125
0 0.68984375 0.60859375 0.02890625 0.0546875
0 0.8046875 0.55390625 0.01796875 0.0390625
0 0.82109375 0.54765625 0.01875 0.0453125
0 0.8375 0.53828125 0.01484375 0.0421875
3 0.428125 0.8296875 0.0359375 0.071875
3 0.496875 0.65078125 0.0296875 0.0515625