0 0.34765625 0.96015625 0.0421875 0.0484375
0 0.40859375 0.93125 0.040625 0.046875
0 0.3609375 0.9 0.0421875 0.046875
0 0.48828125 0.7765625 0.0390625 0.04375
0 0.625 0.70625 0.03671875 0.04375
0 0.6671875 0.68671875 0.0390625 0.0421875
0 0.09296875 0.29296875 0.01796875 0.0578125
0 0.1203125 0.17421875 0.01640625 0.0546875
0 0.0234375 0.1171875 0.01953125 0.0625
0 0.9 0.5671875 0.0375 0.040625
0 0.9546875 0.54375 0.04140625 0.04375
3 0.71796875 0.675 0.04296875 0.046875
3 0.82265625 0.60234375 0.03359375 0.0390625