3 0.434375 0.1671875 0.0140625 0.034375
0 0.3734375 0.915625 0.0140625 0.059375
0 0.38046875 0.84765625 0.01796875 0.0640625
0 0.39140625 0.7453125 0.01953125 0.065625
0 0.39765625 0.67265625 0.01484375 0.0546875
0 0.41640625 0.4453125 0.01484375 0.046875
0 0.42109375 0.39453125 0.01328125 0.0453125
0 0.42578125 0.3421875 0.01484375 0.046875
0 0.43046875 0.26796875 0.01171875 0.0421875
0 0.4328125 0.22578125 0.0109375 0.0421875
0 0.43828125 0.13046875 0.0125 0.0390625
0 0.446875 0.0546875 0.0109375 0.034375
0 0.52734375 0.43125 0.01328125 0.04375
0 0.52734375 0.62109375 0.01484375 0.0484375
0 0.52421875 0.68203125 0.0125 0.0515625
0 0.51796875 0.75859375 0.01484375 0.0609375
0 0.5890625 0.60859375 0.02109375 0.0359375
0 0.59921875 0.5890625 0.02109375 0.034375
0 0.61015625 0.5671875 0.0203125 0.03125