4 0.68046875 0.75859375 0.0703125 0.1796875
0 0.446875 0.0265625 0.02578125 0.053125
0 0.5484375 0.17734375 0.025 0.0640625
0 0.521875 0.2703125 0.0234375 0.059375
0 0.5640625 0.3515625 0.025 0.0625
0 0.56875 0.4484375 0.0265625 0.06875
0 0.54609375 0.51484375 0.0265625 0.0671875
0 0.59921875 0.3734375 0.025 0.0625
0 0.815625 0.7484375 0.0421875 0.05
0 0.86953125 0.7125 0.040625 0.046875
0 0.81875 0.690625 0.0421875 0.046875
0 0.9265625 0.55625 0.03984375 0.046875
0 0.38046875 0.02265625 0.021875 0.0453125