0 0.49140625 0.80234375 0.028125 0.0640625
0 0.52265625 0.70625 0.03046875 0.06875
0 0.5203125 0.51640625 0.028125 0.0640625
0 0.54765625 0.44921875 0.02890625 0.0671875
0 0.5890625 0.49609375 0.02734375 0.0734375
0 0.59296875 0.309375 0.02734375 0.0625
0 0.6375 0.36640625 0.0265625 0.0640625
0 0.61484375 0.24609375 0.021875 0.0671875
0 0.2453125 0.9765625 0.0421875 0.04375
2 0.50234375 0.87421875 0.03671875 0.0796875
3 0.6484375 0.18359375 0.03359375 0.0734375
2 0.55390625 0.61640625 0.028125 0.0671875