3 0.575 0.35390625 0.01171875 0.0390625
0 0.94609375 0.871875 0.03984375 0.034375
0 0.96953125 0.79140625 0.040625 0.0328125
0 0.8265625 0.7671875 0.0390625 0.03125
0 0.70078125 0.7875 0.03984375 0.03125
0 0.74375 0.84609375 0.04140625 0.0328125
0 0.68046875 0.834375 0.0390625 0.034375
0 0.0625 0.7984375 0.0375 0.034375
0 0.246875 0.81171875 0.0390625 0.0390625
0 0.36171875 0.83125 0.04140625 0.034375
0 0.37265625 0.86796875 0.03515625 0.0328125
0 0.5515625 0.47890625 0.0140625 0.0546875
0 0.5140625 0.12421875 0.01328125 0.0390625
0 0.55078125 0.07421875 0.01484375 0.0390625
0 0.56875 0.09375 0.0125 0.0375
0 0.6234375 0.1171875 0.0125 0.040625