0 0.0375 0.75078125 0.04296875 0.0359375
0 0.13671875 0.6296875 0.04140625 0.03125
0 0.1796875 0.67734375 0.04609375 0.0328125
0 0.19765625 0.6265625 0.040625 0.0375
0 0.278125 0.2375 0.01875 0.06875
0 0.55546875 0.45546875 0.03984375 0.0265625
0 0.534375 0.52421875 0.0421875 0.0328125
0 0.63203125 0.515625 0.0359375 0.03125
0 0.5890625 0.58046875 0.03671875 0.0328125
0 0.68359375 0.509375 0.03984375 0.03125
0 0.75 0.503125 0.0421875 0.03125
0 0.81953125 0.4984375 0.03984375 0.03125
2 0.4453125 0.5484375 0.04375 0.05625
2 0.584375 0.51953125 0.0328125 0.0296875