3 0.42578125 0.71953125 0.0203125 0.0578125
0 0.06953125 0.08203125 0.0421875 0.0484375
0 0.11015625 0.11953125 0.03984375 0.0515625
0 0.2421875 0.23984375 0.040625 0.0515625
0 0.2640625 0.090625 0.040625 0.053125
0 0.4109375 0.2125 0.03984375 0.0625
3 0.028125 0.02734375 0.04765625 0.0546875
0 0.53671875 0.27109375 0.03359375 0.0484375
0 0.57890625 0.36640625 0.0375 0.0515625
0 0.6140625 0.11171875 0.02890625 0.0734375
0 0.6046875 0.07578125 0.02890625 0.0734375
0 0.57890625 0.01875 0.0265625 0.0375
0 0.6421875 0.0203125 0.02265625 0.040625