0 0.4734375 0.0890625 0.01875 0.05
0 0.5578125 0.26953125 0.02265625 0.0640625
0 0.60625 0.45859375 0.025 0.0640625
0 0.584375 0.4875 0.025 0.0625
0 0.54453125 0.42421875 0.0234375 0.0609375
0 0.5171875 0.43828125 0.0265625 0.0640625
0 0.59765625 0.596875 0.03046875 0.071875
0 0.3796875 0.0609375 0.0203125 0.059375
0 0.81484375 0.80546875 0.04140625 0.0484375
0 0.8703125 0.7703125 0.03984375 0.046875
0 0.8171875 0.74765625 0.04140625 0.0484375
0 0.925 0.61015625 0.03671875 0.0484375
4 0.70390625 0.9 0.07109375 0.190625