0 0.35390625 0.884375 0.01875 0.078125
0 0.3734375 0.9265625 0.01875 0.075
0 0.01875 0.75625 0.0375 0.03125
0 0.07734375 0.75078125 0.04375 0.0296875
0 0.1171875 0.64375 0.04140625 0.03125
0 0.2453125 0.6921875 0.0421875 0.03125
0 0.2671875 0.7375 0.04140625 0.034375
0 0.51484375 0.63515625 0.03671875 0.0328125
0 0.60390625 0.57890625 0.04296875 0.0296875
0 0.653125 0.52578125 0.0390625 0.0296875
0 0.70390625 0.53203125 0.04140625 0.0328125
0 0.6765625 0.58359375 0.0421875 0.0390625
0 0.7984375 0.52265625 0.03984375 0.0328125
0 0.84375 0.5234375 0.04140625 0.034375
2 0.50390625 0.58828125 0.05078125 0.0390625
3 0.60625 0.63515625 0.04375 0.0359375
3 0.89453125 0.53515625 0.04453125 0.0359375
0 0.628125 0.76640625 0.0421875 0.0390625
4 0.10703125 0.70390625 0.1140625 0.0421875
3 0.3921875 0.640625 0.053125 0.034375