0 0.32265625 0.96953125 0.02265625 0.0578125
0 0.32890625 0.86953125 0.02109375 0.0765625
0 0.31484375 0.82109375 0.02265625 0.0796875
0 0.07578125 0.59609375 0.0421875 0.0421875
0 0.0171875 0.5734375 0.034375 0.04375
0 0.0515625 0.478125 0.040625 0.040625
0 0.2890625 0.6578125 0.03984375 0.040625
0 0.27421875 0.60703125 0.04140625 0.0390625
0 0.465625 0.62578125 0.034375 0.0359375
0 0.5796875 0.61171875 0.040625 0.0390625
0 0.65078125 0.58359375 0.0390625 0.0390625
0 0.596875 0.81015625 0.04140625 0.0484375
0 0.66171875 0.64453125 0.04296875 0.0421875
0 0.6984375 0.60625 0.0421875 0.046875
0 0.7921875 0.6359375 0.0390625 0.040625
0 0.83671875 0.65390625 0.0390625 0.0359375
2 0.46796875 0.58125 0.05 0.04375
3 0.34453125 0.5859375 0.0546875 0.05
3 0.55859375 0.66171875 0.04375 0.0453125
4 0.121875 0.56640625 0.11171875 0.0796875
3 0.88671875 0.684375 0.04453125 0.04375