0 0.021875 0.18671875 0.04140625 0.0578125
0 0.034375 0.26484375 0.0375 0.0515625
0 0.10625 0.340625 0.0375 0.053125
0 0.17421875 0.41328125 0.0390625 0.0578125
0 0.35625 0.48515625 0.03515625 0.0484375
0 0.4046875 0.64453125 0.03984375 0.0515625
0 0.42421875 0.6140625 0.03984375 0.053125
0 0.48359375 0.5671875 0.0375 0.053125
0 0.596875 0.68984375 0.03984375 0.0578125
0 0.63828125 0.671875 0.03671875 0.053125
0 0.68046875 0.7234375 0.0390625 0.059375
0 0.76328125 0.80859375 0.03671875 0.0515625
0 0.8015625 0.853125 0.0375 0.05
0 0.23515625 0.9578125 0.0234375 0.065625
0 0.22421875 0.84765625 0.02890625 0.0671875
0 0.2546875 0.84140625 0.0328125 0.0765625
0 0.28203125 0.87265625 0.03359375 0.0828125
0 0.27890625 0.68671875 0.03203125 0.0703125
0 0.2828125 0.7421875 0.03046875 0.06875
0 0.54375 0.8515625 0.03984375 0.059375
3 0.8421875 0.91484375 0.04296875 0.0640625
3 0.4359375 0.578125 0.0421875 0.05625
2 0.3671875 0.44296875 0.05 0.0671875
3 0.2421875 0.36953125 0.053125 0.0703125
4 0.24453125 0.43515625 0.10234375 0.1328125