0 0.21953125 0.9703125 0.0390625 0.05625
0 0.21875 0.828125 0.0328125 0.06875
0 0.28984375 0.8390625 0.03984375 0.06875
0 0.28671875 0.896875 0.03671875 0.06875
0 0.08515625 0.253125 0.03359375 0.05625
0 0.12421875 0.246875 0.0328125 0.053125
0 0.29375 0.453125 0.03515625 0.059375
0 0.2296875 0.49296875 0.03515625 0.0546875
0 0.2984375 0.596875 0.0390625 0.065625
0 0.2296875 0.60546875 0.02265625 0.0609375
0 0.421875 0.64609375 0.03671875 0.0671875
0 0.42734375 0.85390625 0.03671875 0.0609375
0 0.6546875 0.934375 0.03671875 0.059375
2 0.16953125 0.25859375 0.04453125 0.0734375
2 0.08515625 0.309375 0.03984375 0.0625
3 0.221875 0.40859375 0.0375 0.0609375
3 0.03515625 0.0984375 0.04375 0.075
4 0.53203125 0.9390625 0.08359375 0.11875