0 0.21484375 0.87109375 0.01953125 0.0671875
0 0.2140625 0.76875 0.0328125 0.065625
0 0.2421875 0.78046875 0.03515625 0.0734375
0 0.27890625 0.68671875 0.03671875 0.0671875
0 0.27734375 0.63203125 0.0359375 0.0671875
0 0.11015625 0.2171875 0.03515625 0.05625
0 0.1234375 0.16640625 0.0390625 0.0609375
0 0.1859375 0.3296875 0.0328125 0.059375
0 0.25625 0.42578125 0.0390625 0.0578125
0 0.29140625 0.34296875 0.0328125 0.0546875
0 0.42421875 0.4734375 0.0390625 0.059375
0 0.0484375 0.0609375 0.03984375 0.0625
0 0.47421875 0.7171875 0.03984375 0.059375
0 0.53046875 0.7453125 0.040625 0.0625
0 0.52734375 0.86015625 0.040625 0.0671875
0 0.54140625 0.63671875 0.0390625 0.0640625
0 0.63515625 0.703125 0.03984375 0.0625
0 0.67265625 0.76484375 0.0375 0.0640625
0 0.7484375 0.871875 0.03359375 0.05625
0 0.784375 0.92578125 0.03359375 0.0578125
2 0.31015625 0.30625 0.04765625 0.075
3 0.3734375 0.4640625 0.03984375 0.0625
4 0.33515625 0.4796875 0.096875 0.15
3 0.1765625 0.18046875 0.05078125 0.0765625