0 0.03046875 0.2140625 0.04296875 0.0375
0 0.08046875 0.7875 0.04140625 0.053125
0 0.1296875 0.82421875 0.034375 0.0484375
0 0.2546875 0.7921875 0.0390625 0.05
0 0.30859375 0.7296875 0.03984375 0.053125
0 0.3515625 0.81015625 0.04375 0.0546875
0 0.3578125 0.6828125 0.0359375 0.05
0 0.34375 0.63203125 0.034375 0.0484375
0 0.47265625 0.61953125 0.03984375 0.0546875
0 0.50546875 0.43515625 0.034375 0.0484375
0 0.58828125 0.765625 0.02578125 0.059375
0 0.6203125 0.8625 0.02890625 0.071875
0 0.71953125 0.96015625 0.03046875 0.0703125
0 0.8734375 0.21328125 0.03359375 0.0390625
0 0.34921875 0.2109375 0.0265625 0.06875
0 0.37734375 0.18671875 0.028125 0.0640625
0 0.33828125 0.05234375 0.0265625 0.0640625
2 0.575 0.421875 0.04140625 0.059375
3 0.4078125 0.29609375 0.03203125 0.0765625
2 0.65078125 0.96015625 0.034375 0.0765625
0 0.01328125 0.2921875 0.0265625 0.03125
0 0.0125 0.33046875 0.025 0.0359375
0 0.02421875 0.17265625 0.03046875 0.0328125
0 0.01484375 0.853125 0.02890625 0.05