4 0.1078125 0.83359375 0.1171875 0.0796875
3 0.43828125 0.66015625 0.05546875 0.0484375
3 0.6359375 0.59609375 0.04453125 0.0453125
3 0.8875 0.415625 0.04609375 0.046875
2 0.5328125 0.58125 0.05625 0.05
0 0.83671875 0.415625 0.0421875 0.053125
0 0.79296875 0.4328125 0.0390625 0.040625
0 0.7 0.4671875 0.0421875 0.040625
0 0.64921875 0.4828125 0.0390625 0.034375
0 0.67734375 0.52890625 0.04140625 0.0421875
0 0.61640625 0.54453125 0.04140625 0.0453125
0 0.55390625 0.61953125 0.03515625 0.0390625
0 0.38984375 0.925 0.02265625 0.08125
0 0.41484375 0.96015625 0.021875 0.0765625
0 0.253125 0.82265625 0.04296875 0.0421875
0 0.2296875 0.784375 0.0421875 0.0375
0 0.18671875 0.73984375 0.040625 0.0453125
0 0.0953125 0.88359375 0.04375 0.0421875
0 0.0390625 0.90625 0.0421875 0.04375
0 0.64765625 0.72578125 0.040625 0.0453125