0 0.25546875 0.95703125 0.0328125 0.0671875
0 0.28359375 0.975 0.03046875 0.046875
0 0.378125 0.93203125 0.0359375 0.0796875
0 0.3203125 0.8859375 0.0375 0.065625
0 0.3546875 0.8078125 0.03046875 0.065625
0 0.3359375 0.7046875 0.03359375 0.06875
0 0.25703125 0.4015625 0.034375 0.053125
0 0.26015625 0.33125 0.03515625 0.053125
0 0.2 0.24609375 0.0359375 0.0578125
0 0.1734375 0.26953125 0.03671875 0.0578125
0 0.525 0.46796875 0.0296875 0.0640625
0 0.5859375 0.71328125 0.03203125 0.0484375
0 0.63515625 0.77734375 0.0375 0.0578125
0 0.74453125 0.79453125 0.0375 0.0546875
0 0.78671875 0.8546875 0.03984375 0.06875
0 0.78828125 0.9671875 0.0421875 0.0625
0 0.871875 0.959375 0.0375 0.0625
2 0.6859375 0.846875 0.0390625 0.0625
2 0.49921875 0.4078125 0.03046875 0.075
3 0.3140625 0.41015625 0.04296875 0.0640625