3 0.8796875 0.753125 0.04375 0.05
3 0.51875 0.65078125 0.04375 0.0484375
3 0.31015625 0.5390625 0.05546875 0.059375
2 0.4359375 0.55703125 0.0515625 0.0515625
4 0.15859375 0.5140625 0.1125 0.090625
0 0.03046875 0.4953125 0.04296875 0.040625
0 0.1015625 0.5328125 0.04140625 0.05
0 0.321875 0.58984375 0.040625 0.0421875
0 0.3296875 0.6421875 0.0421875 0.04375
0 0.42578125 0.596875 0.03671875 0.040625
0 0.55390625 0.6109375 0.04140625 0.04375
0 0.584375 0.82421875 0.040625 0.0515625
0 0.64765625 0.66640625 0.0421875 0.0484375
0 0.64921875 0.61015625 0.03984375 0.0421875
0 0.69765625 0.640625 0.04140625 0.046875
0 0.7890625 0.68515625 0.0390625 0.0453125
0 0.8328125 0.709375 0.03984375 0.046875
0 0.30234375 0.78671875 0.025 0.0765625
0 0.315625 0.8375 0.02265625 0.075
0 0.3015625 0.946875 0.0234375 0.084375
0 0.00859375 0.36484375 0.01640625 0.0390625
0 0.33359375 0.9546875 0.02578125 0.06875
0 0.2703125 0.975 0.02265625 0.046875