0 0.44296875 0.95390625 0.03984375 0.0578125
0 0.49453125 0.89296875 0.0328125 0.0484375
0 0.58046875 0.696875 0.028125 0.06875
0 0.75234375 0.96484375 0.02734375 0.0671875
0 0.70234375 0.79375 0.0265625 0.059375
0 0.62734375 0.62578125 0.03203125 0.0671875
0 0.53359375 0.478125 0.0265625 0.0625
0 0.56953125 0.43125 0.0296875 0.06875
0 0.85546875 0.44375 0.0359375 0.05
0 0.98125 0.259375 0.03515625 0.04375
0 0.4671875 0.47265625 0.0296875 0.0734375
0 0.50859375 0.39765625 0.02734375 0.0671875
0 0.47421875 0.315625 0.02734375 0.06875
0 0.49375 0.22578125 0.0296875 0.0640625
0 0.4140625 0.14296875 0.025 0.0609375
0 0.47421875 0.0421875 0.028125 0.0625
2 0.6953125 0.865625 0.03984375 0.078125
3 0.75703125 0.54765625 0.04453125 0.0578125
3 0.70390625 0.96796875 0.03515625 0.0609375