0 0.225 0.940625 0.04296875 0.05625
0 0.25 0.96796875 0.04765625 0.0546875
0 0.2890625 0.78671875 0.034375 0.0671875
0 0.446875 0.9640625 0.03203125 0.06875
0 0.5890625 0.57734375 0.03671875 0.0484375
0 0.6140625 0.5 0.03984375 0.053125
0 0.6390625 0.4265625 0.0359375 0.05
0 0.67109375 0.4578125 0.0421875 0.053125
0 0.684375 0.3890625 0.040625 0.059375
0 0.76796875 0.31640625 0.03671875 0.0515625
0 0.809375 0.28671875 0.0375 0.0515625
2 0.55625 0.5578125 0.05390625 0.071875
3 0.859375 0.2609375 0.04296875 0.05625
3 0.5109375 0.64765625 0.0515625 0.0671875
3 0.653125 0.5328125 0.04375 0.0625
0 0.66875 0.66328125 0.04140625 0.0515625
0 0.46953125 0.975 0.021875 0.046875
4 0.1578125 0.9765625 0.065625 0.04375