0 0.51484375 0.97109375 0.03046875 0.0546875
0 0.53984375 0.87734375 0.028125 0.0671875
0 0.0765625 0.2734375 0.03671875 0.053125
0 0.1375 0.12421875 0.03671875 0.0484375
0 0.1671875 0.0703125 0.03671875 0.046875
0 0.2109375 0.10703125 0.034375 0.0453125
0 0.271875 0.1625 0.0390625 0.05
0 0.28359375 0.24296875 0.0375 0.0453125
0 0.3125 0.36484375 0.034375 0.0484375
0 0.36953125 0.36015625 0.03984375 0.0484375
0 0.38515625 0.46640625 0.03515625 0.0609375
0 0.39453125 0.54765625 0.0421875 0.0546875
0 0.40859375 0.44296875 0.0375 0.0515625
0 0.45390625 0.4859375 0.03359375 0.046875
0 0.52265625 0.45703125 0.03203125 0.0390625
0 0.6578125 0.58515625 0.0390625 0.0515625
0 0.696875 0.215625 0.03046875 0.0625
0 0.7140625 0.05546875 0.02578125 0.0640625
0 0.7296875 0.77890625 0.0390625 0.0484375
0 0.93359375 0.81484375 0.04140625 0.0546875
2 0.69765625 0.6640625 0.046875 0.05625
3 0.9359375 0.91015625 0.04140625 0.0515625
3 0.659375 0.340625 0.0328125 0.078125