0 0.084375 0.2375 0.040625 0.05625
0 0.0796875 0.3 0.03515625 0.053125
0 0.153125 0.3984375 0.0359375 0.05625
0 0.21796875 0.4859375 0.0390625 0.059375
0 0.32578125 0.49921875 0.0359375 0.0546875
0 0.4515625 0.61171875 0.0375 0.0578125
0 0.4390625 0.765625 0.0390625 0.059375
0 0.475 0.7609375 0.0375 0.0625
0 0.56953125 0.7671875 0.04140625 0.065625
0 0.6359375 0.7890625 0.03515625 0.05625
0 0.67578125 0.84921875 0.0390625 0.0640625
0 0.53046875 0.9546875 0.03671875 0.065625
0 0.7546875 0.95390625 0.0359375 0.0578125
0 0.27265625 0.7375 0.03671875 0.06875
0 0.27421875 0.79375 0.03515625 0.06875
0 0.20859375 0.8859375 0.034375 0.06875
0 0.23828125 0.8875 0.03515625 0.075
0 0.01640625 0.13671875 0.0328125 0.0609375
2 0.3421875 0.4609375 0.04921875 0.075
3 0.21640625 0.353125 0.04921875 0.075
3 0.403125 0.6078125 0.040625 0.0625
4 0.29140625 0.528125 0.09375 0.14375
0 0.26640625 0.9171875 0.03515625 0.0625
0 0.209375 0.978125 0.0203125 0.040625