0 0.21484375 0.86328125 0.0328125 0.0703125
0 0.2359375 0.9578125 0.03359375 0.071875
0 0.2578125 0.96953125 0.040625 0.0578125
0 0.29921875 0.884375 0.040625 0.071875
0 0.3 0.82890625 0.03671875 0.0703125
0 0.26015625 0.5046875 0.034375 0.053125
0 0.2671875 0.38515625 0.034375 0.0578125
0 0.4203125 0.75859375 0.03515625 0.0609375
0 0.5125 0.89921875 0.040625 0.0671875
0 0.66640625 0.91796875 0.04140625 0.0609375
0 0.70625 0.975 0.03671875 0.046875
0 0.134375 0.19375 0.03046875 0.053125
2 0.30078125 0.6140625 0.03671875 0.059375
3 0.053125 0.10546875 0.0328125 0.0578125