0 0.19453125 0.7296875 0.0328125 0.0625
0 0.24609375 0.75859375 0.0328125 0.0640625
0 0.26640625 0.77734375 0.03515625 0.0703125
0 0.2421875 0.85390625 0.0265625 0.0703125
0 0.29296875 0.81484375 0.0390625 0.0765625
0 0.3046875 0.68828125 0.03203125 0.0671875
0 0.30546875 0.6328125 0.03515625 0.06875
0 0.3046875 0.384375 0.03515625 0.059375
0 0.2171875 0.12265625 0.03671875 0.0578125
0 0.47421875 0.64375 0.0375 0.059375
0 0.57421875 0.7953125 0.0390625 0.06875
0 0.553125 0.8734375 0.0390625 0.075
0 0.6625 0.71953125 0.03984375 0.0609375
0 0.7046875 0.78828125 0.046875 0.0734375
0 0.7796875 0.896875 0.0375 0.059375
0 0.8171875 0.95390625 0.0421875 0.0609375
2 0.3578125 0.50078125 0.040625 0.0609375
0 0.66953125 0.98203125 0.03203125 0.0328125
0 0.0234375 0.96875 0.04140625 0.059375