0 0.603125 0.9 0.0234375 0.075
0 0.584375 0.79453125 0.02109375 0.0640625
0 0.34921875 0.74609375 0.04609375 0.0453125
0 0.25078125 0.69296875 0.03671875 0.0390625
0 0.315625 0.64765625 0.04296875 0.0484375
0 0.36875 0.621875 0.0390625 0.04375
0 0.43203125 0.63828125 0.04375 0.0484375
0 0.4140625 0.5359375 0.03515625 0.046875
0 0.209375 0.63203125 0.03359375 0.0390625
0 0.09296875 0.6203125 0.04140625 0.046875
0 0.01796875 0.66015625 0.0359375 0.0453125
0 0.4109375 0.12734375 0.02265625 0.0671875
0 0.44609375 0.1484375 0.02265625 0.065625
0 0.6140625 0.39921875 0.0375 0.0390625
0 0.8703125 0.38828125 0.034375 0.0359375
2 0.61171875 0.446875 0.04296875 0.05625
3 0.4640625 0.2671875 0.0265625 0.08125
0 0.1125 0.0515625 0.040625 0.034375
0 0.07890625 0.153125 0.02890625 0.034375
3 0.065625 0.190625 0.0296875 0.04375
0 0.0875 0.1203125 0.02890625 0.0375