3 0.35625 0.34765625 0.0359375 0.0734375
2 0.5359375 0.4046875 0.03671875 0.06875
0 0.21796875 0.12421875 0.0328125 0.0640625
0 0.26328125 0.14453125 0.03203125 0.0609375
0 0.3109375 0.2515625 0.0328125 0.0625
0 0.2953125 0.30625 0.03203125 0.0625
0 0.08671875 0.96171875 0.040625 0.0640625
0 0.26328125 0.89453125 0.0375 0.0640625
0 0.36171875 0.87734375 0.040625 0.0703125
0 0.31015625 0.8125 0.0375 0.059375
0 0.2875 0.7796875 0.03359375 0.059375
0 0.3515625 0.74765625 0.03359375 0.0609375
0 0.40859375 0.540625 0.03515625 0.059375
0 0.50546875 0.559375 0.03515625 0.059375
0 0.58828125 0.7359375 0.028125 0.05625
0 0.63046875 0.81875 0.03359375 0.065625
0 0.73671875 0.8734375 0.03515625 0.065625
0 0.771875 0.94765625 0.03515625 0.0734375
2 0.67265625 0.9046875 0.0375 0.06875
0 0.84609375 0.02734375 0.0296875 0.0421875