0 0.15703125 0.9296875 0.034375 0.06875
0 0.23203125 0.89765625 0.03359375 0.0734375
0 0.2546875 0.91640625 0.03671875 0.0734375
0 0.2953125 0.8234375 0.034375 0.06875
0 0.29375 0.765625 0.040625 0.071875
0 0.24296875 0.66953125 0.01875 0.0671875
0 0.32109375 0.559375 0.03515625 0.059375
0 0.3953125 0.6703125 0.0359375 0.0625
0 0.34765625 0.45625 0.03671875 0.0625
0 0.2109375 0.26484375 0.0359375 0.0578125
0 0.16875 0.3140625 0.03515625 0.05625
0 0.04140625 0.03203125 0.028125 0.0484375
2 0.09375 0.0625 0.0421875 0.071875
2 0.1890625 0.39921875 0.03671875 0.0609375
3 0.13125 0.19375 0.0359375 0.05625
0 0.52109375 0.9140625 0.0375 0.0625
0 0.65859375 0.85625 0.0375 0.0625
0 0.696875 0.9234375 0.0390625 0.06875
0 0.28046875 0.95625 0.04140625 0.075
0 0.2296875 0.9765625 0.025 0.04375