0 0.59453125 0.965625 0.025 0.065625
0 0.58203125 0.87734375 0.02265625 0.0765625
0 0.4421875 0.88359375 0.02109375 0.0828125
0 0.05078125 0.6046875 0.040625 0.0375
0 0.065625 0.55625 0.04609375 0.040625
0 0.2125 0.5484375 0.03203125 0.053125
0 0.25546875 0.515625 0.04140625 0.040625
0 0.25234375 0.47578125 0.0375 0.0390625
0 0.3125 0.484375 0.03671875 0.0375
0 0.33046875 0.44453125 0.040625 0.0421875
0 0.0234375 0.43046875 0.04296875 0.0421875
0 0.94765625 0.0609375 0.03984375 0.040625
3 0.0109375 0.62421875 0.02109375 0.0328125
0 0.00703125 0.58046875 0.0140625 0.0328125