0 0.4375 0.9640625 0.0421875 0.05625
0 0.4921875 0.9078125 0.0328125 0.05
0 0.403125 0.11953125 0.02578125 0.0578125
0 0.47421875 0.321875 0.028125 0.06875
0 0.4703125 0.496875 0.0265625 0.078125
0 0.53671875 0.5 0.02578125 0.0625
0 0.5515625 0.6328125 0.02578125 0.065625
0 0.60703125 0.55703125 0.0296875 0.0671875
0 0.51171875 0.4203125 0.0265625 0.06875
0 0.53828125 0.3609375 0.028125 0.0625
0 0.48203125 0.07734375 0.02578125 0.0578125
0 0.66640625 0.753125 0.03203125 0.071875
0 0.7328125 0.90859375 0.025 0.0609375
0 0.86953125 0.46875 0.0390625 0.05
2 0.69296875 0.890625 0.0390625 0.08125
3 0.659375 0.89453125 0.03203125 0.0703125
3 0.7578125 0.58046875 0.04375 0.0546875
0 0.29921875 0.01484375 0.02109375 0.0296875