0 0.215625 0.8515625 0.01953125 0.065625
0 0.2015625 0.965625 0.02734375 0.065625
0 0.215625 0.75859375 0.0328125 0.0640625
0 0.2421875 0.76796875 0.0359375 0.0703125
0 0.26796875 0.8078125 0.03671875 0.075
0 0.2796875 0.6796875 0.03515625 0.06875
0 0.27890625 0.62421875 0.0375 0.0671875
0 0.29609375 0.4671875 0.0359375 0.059375
0 0.21640625 0.3734375 0.0296875 0.0625
0 0.25 0.2671875 0.03359375 0.053125
0 0.140625 0.23828125 0.03359375 0.0546875
0 0.165625 0.2046875 0.0390625 0.0625
0 0.0921875 0.09765625 0.03671875 0.0609375
0 0.39375 0.4234375 0.0390625 0.0625
0 0.5140625 0.5921875 0.0375 0.0625
0 0.51171875 0.76484375 0.0390625 0.0609375
0 0.58828125 0.8328125 0.0375 0.059375
0 0.5265625 0.86015625 0.03671875 0.0703125
0 0.63515625 0.709375 0.0359375 0.0625
0 0.6734375 0.771875 0.0390625 0.065625
0 0.74921875 0.88125 0.0359375 0.065625
0 0.78359375 0.934375 0.03671875 0.05625
2 0.27578125 0.2375 0.04921875 0.078125
3 0.33984375 0.40234375 0.04140625 0.0640625
3 0.1375 0.09296875 0.04921875 0.0796875
4 0.38046875 0.53046875 0.09140625 0.1421875