0 0.1640625 0.79609375 0.0328125 0.0640625
0 0.24296875 0.853125 0.028125 0.06875
0 0.24765625 0.75703125 0.03046875 0.0671875
0 0.2671875 0.7796875 0.0359375 0.06875
0 0.2953125 0.8140625 0.04296875 0.08125
0 0.30625 0.6875 0.03515625 0.065625
0 0.30625 0.6328125 0.03671875 0.065625
0 0.353125 0.4546875 0.0359375 0.059375
0 0.53203125 0.72890625 0.03671875 0.0609375
0 0.55546875 0.87265625 0.03671875 0.0734375
0 0.63984375 0.89453125 0.03984375 0.0640625
0 0.66328125 0.7171875 0.03671875 0.0625
0 0.7015625 0.78203125 0.03671875 0.0671875
0 0.78125 0.8953125 0.0359375 0.0625
0 0.8171875 0.9515625 0.0375 0.0625
2 0.4171875 0.5796875 0.03671875 0.0625
0 0.17265625 0.04765625 0.0328125 0.0578125
0 0.0375 0.0296875 0.03984375 0.059375
0 0.025 0.96875 0.03984375 0.059375