0 0.3359375 0.77890625 0.02265625 0.0671875
0 0.5015625 0.9734375 0.03359375 0.05
0 0.596875 0.54609375 0.0359375 0.0546875
0 0.6078125 0.459375 0.03671875 0.0625
0 0.621875 0.3765625 0.0375 0.059375
0 0.66484375 0.328125 0.03984375 0.059375
0 0.659375 0.3984375 0.0390625 0.0625
0 0.6828125 0.59921875 0.0421875 0.0609375
0 0.7375 0.225 0.0359375 0.053125
0 0.77421875 0.17578125 0.0359375 0.0578125
2 0.56015625 0.5359375 0.05 0.08125
3 0.54609375 0.6171875 0.0484375 0.075
3 0.81796875 0.12890625 0.040625 0.0671875
3 0.65390625 0.47109375 0.04453125 0.0640625
0 0.525 0.97734375 0.025 0.0421875