2 0.7328125 0.7046875 0.06328125 0.078125
0 0.7328125 0.79375 0.04453125 0.05625
0 0.61328125 0.68203125 0.03984375 0.0515625
0 0.56171875 0.54375 0.04375 0.0625
0 0.44921875 0.44375 0.034375 0.046875
0 0.4859375 0.25859375 0.0359375 0.0703125
0 0.25 0.20703125 0.0390625 0.0546875
0 0.2390625 0.2625 0.0375 0.053125
0 0.09609375 0.01484375 0.0359375 0.0296875
0 0.2265625 0.7078125 0.034375 0.075
0 0.19609375 0.7890625 0.03515625 0.071875
0 0.1671875 0.85859375 0.03203125 0.0640625
2 0.13671875 0.9421875 0.0328125 0.06875
0 0.86875 0.8953125 0.04765625 0.053125