0 0.35625 0.353125 0.0375 0.059375
0 0.465625 0.28359375 0.03046875 0.0609375
2 0.33359375 0.67421875 0.04375 0.0859375
0 0.22109375 0.70859375 0.0328125 0.0734375
0 0.1921875 0.79375 0.0328125 0.08125
2 0.1296875 0.94609375 0.0328125 0.0671875
0 0.16171875 0.86640625 0.03046875 0.0640625
0 0.1515625 0.0859375 0.0375 0.05625
3 0.6109375 0.60234375 0.0421875 0.0484375
0 0.84140625 0.8078125 0.0421875 0.05
0 0.846875 0.88359375 0.04765625 0.0546875
0 0.7234375 0.70546875 0.04453125 0.0609375
0 0.915625 0.86328125 0.05 0.0578125