0 0.459375 0.31484375 0.034375 0.0640625
0 0.43515625 0.43515625 0.0390625 0.0546875
0 0.4046875 0.48046875 0.040625 0.0640625
0 0.54765625 0.5453125 0.04375 0.053125
0 0.50390625 0.590625 0.04375 0.059375
0 0.69453125 0.67578125 0.04375 0.0515625
0 0.278125 0.24765625 0.03515625 0.0578125
0 0.15625 0.0859375 0.03671875 0.05625
0 0.22578125 0.71015625 0.03671875 0.0734375
0 0.19375 0.79296875 0.034375 0.0703125
0 0.16484375 0.86796875 0.0328125 0.0671875
2 0.13359375 0.94765625 0.03359375 0.0640625
0 0.87578125 0.8265625 0.04296875 0.05625
0 0.75390625 0.81328125 0.03984375 0.0515625