2 0.3328125 0.67578125 0.046875 0.0921875
0 0.43515625 0.4421875 0.04375 0.053125
0 0.46484375 0.28671875 0.03046875 0.0578125
0 0.22421875 0.1859375 0.0375 0.05625
0 0.221875 0.7125 0.034375 0.071875
2 0.13203125 0.94609375 0.03203125 0.0703125
0 0.18828125 0.79453125 0.034375 0.0765625
0 0.1609375 0.8671875 0.03203125 0.06875
0 0.7671875 0.81875 0.04375 0.05
0 0.7875 0.75859375 0.04453125 0.0546875
3 0.69140625 0.67421875 0.040625 0.0515625
0 0.90625 0.8625 0.04140625 0.046875
0 0.9796875 0.91875 0.03984375 0.059375