0 0.56875 0.0859375 0.03359375 0.071875
0 0.2265625 0.70546875 0.03203125 0.0671875
0 0.19609375 0.78828125 0.03203125 0.0765625
0 0.16953125 0.859375 0.03515625 0.06875
2 0.13671875 0.94296875 0.03046875 0.0734375
0 0.13828125 0.1328125 0.0359375 0.05
0 0.2828125 0.25 0.0390625 0.059375
0 0.11171875 0.02578125 0.040625 0.0515625
0 0.434375 0.434375 0.04296875 0.059375
0 0.4203125 0.49296875 0.034375 0.0515625
0 0.60234375 0.58984375 0.03515625 0.0484375
0 0.525 0.6078125 0.0421875 0.059375
0 0.6796875 0.6484375 0.04609375 0.059375
0 0.66484375 0.7265625 0.05078125 0.05625
2 0.84609375 0.79375 0.06875 0.08125
0 0.84296875 0.87578125 0.04296875 0.0484375