0 0.084375 0.059375 0.03671875 0.059375
0 0.14140625 0.05390625 0.034375 0.0546875
0 0.290625 0.253125 0.0375 0.059375
0 0.2703125 0.30625 0.03359375 0.05
0 0.36875 0.43125 0.04140625 0.05625
0 0.4421875 0.4453125 0.04140625 0.05625
0 0.4875 0.5703125 0.04296875 0.05625
0 0.565625 0.55703125 0.04609375 0.0484375
0 0.65 0.71875 0.040625 0.053125
0 0.684375 0.66015625 0.034375 0.0453125
0 0.75234375 0.71640625 0.04765625 0.0578125
2 0.94921875 0.88125 0.07109375 0.078125
0 0.22734375 0.703125 0.034375 0.06875
0 0.19609375 0.7875 0.03671875 0.071875
0 0.16875 0.8609375 0.03203125 0.06875
2 0.13671875 0.93984375 0.03046875 0.0671875