0 0.39453125 0.3890625 0.0390625 0.05625
0 0.3609375 0.43515625 0.04453125 0.0578125
0 0.459375 0.31328125 0.0359375 0.0671875
0 0.290625 0.26015625 0.0375 0.0609375
0 0.25 0.28984375 0.03984375 0.0609375
0 0.22421875 0.7125 0.03671875 0.075
0 0.1921875 0.79296875 0.0375 0.0734375
2 0.134375 0.95078125 0.03359375 0.0703125
0 0.165625 0.86875 0.034375 0.065625
0 0.5796875 0.57421875 0.04296875 0.0515625
0 0.6 0.6828125 0.04296875 0.05625
0 0.69921875 0.67890625 0.04921875 0.0578125
0 0.83359375 0.79140625 0.04765625 0.0609375
0 0.13046875 0.053125 0.04140625 0.059375