2 0.34453125 0.63828125 0.04296875 0.0890625
2 0.13125 0.94140625 0.03046875 0.0671875
0 0.53671875 0.54296875 0.04375 0.0546875
0 0.6859375 0.67578125 0.0484375 0.0609375
0 0.6171875 0.621875 0.0390625 0.053125
0 0.85078125 0.8171875 0.04453125 0.059375
0 0.465625 0.28828125 0.028125 0.0546875
3 0.23046875 0.1828125 0.03359375 0.0625
0 0.1625 0.86328125 0.0328125 0.0734375
0 0.22265625 0.709375 0.03671875 0.08125
0 0.19140625 0.7890625 0.03515625 0.075
3 0.59921875 0.01796875 0.0328125 0.0359375