0 0.525 0.61328125 0.040625 0.0546875
0 0.653125 0.63984375 0.04609375 0.0546875
0 0.45546875 0.45234375 0.03984375 0.0546875
0 0.459375 0.31640625 0.03359375 0.0703125
0 0.35625 0.3421875 0.0375 0.059375
0 0.28984375 0.34765625 0.04296875 0.0640625
0 0.18046875 0.1984375 0.03984375 0.0625
0 0.19765625 0.14140625 0.040625 0.0640625
0 0.77421875 0.73671875 0.04609375 0.0546875
0 0.896875 0.84765625 0.04609375 0.0578125
0 0.2234375 0.7140625 0.03671875 0.075
0 0.1921875 0.7953125 0.0328125 0.071875
0 0.16484375 0.8671875 0.03046875 0.0625
2 0.13359375 0.9484375 0.03203125 0.0625