0 0.22265625 0.71015625 0.0359375 0.0703125
0 0.19296875 0.7921875 0.0359375 0.075
0 0.16484375 0.8671875 0.03046875 0.059375
2 0.13359375 0.94765625 0.03046875 0.0671875
0 0.2125 0.165625 0.03671875 0.05625
0 0.36328125 0.35078125 0.0421875 0.0578125
0 0.46015625 0.31484375 0.03671875 0.0703125
0 0.471875 0.4765625 0.04140625 0.05625
0 0.48203125 0.5625 0.04609375 0.059375
0 0.57734375 0.6578125 0.04921875 0.065625
0 0.8109375 0.771875 0.04609375 0.059375
0 0.8328125 0.87578125 0.040625 0.0515625
0 0.62421875 0.61640625 0.040625 0.0546875