0 0.14765625 0.0796875 0.03515625 0.059375
0 0.29453125 0.2671875 0.03984375 0.065625
0 0.46015625 0.3125 0.03203125 0.06875
0 0.39765625 0.39453125 0.03984375 0.0578125
0 0.221875 0.7078125 0.03671875 0.075
0 0.19140625 0.79140625 0.03515625 0.0765625
0 0.165625 0.86875 0.03359375 0.071875
2 0.13125 0.95 0.03515625 0.06875
0 0.7453125 0.7171875 0.046875 0.05625
0 0.6546875 0.72734375 0.05078125 0.0609375
0 0.5515625 0.5515625 0.0421875 0.059375
0 0.5609375 0.63984375 0.04453125 0.0578125
0 0.9125 0.940625 0.03984375 0.053125