0 0.24375 0.20546875 0.0390625 0.0640625
0 0.3984375 0.39375 0.0390625 0.05625
0 0.46015625 0.31484375 0.034375 0.0671875
0 0.32421875 0.390625 0.034375 0.05
0 0.22421875 0.71171875 0.03671875 0.0734375
0 0.19375 0.7953125 0.03515625 0.071875
0 0.165625 0.86875 0.03515625 0.06875
2 0.134375 0.9453125 0.0328125 0.065625
0 0.54921875 0.55 0.04296875 0.05
0 0.6421875 0.6234375 0.03984375 0.053125
0 0.878125 0.82734375 0.04921875 0.0546875
0 0.98125 0.91171875 0.0359375 0.0453125
0 0.08515625 0.06640625 0.04296875 0.0671875