0 0.10859375 0.0296875 0.03984375 0.059375
0 0.109375 0.1015625 0.04140625 0.0625
0 0.22265625 0.25859375 0.04296875 0.0703125
0 0.265625 0.22890625 0.0390625 0.0609375
2 0.134375 0.94921875 0.0296875 0.0640625
0 0.22265625 0.71015625 0.034375 0.0703125
0 0.19375 0.79375 0.034375 0.075
0 0.165625 0.8671875 0.0296875 0.0625
0 0.421875 0.42109375 0.03984375 0.0546875
0 0.459375 0.315625 0.034375 0.065625
0 0.45703125 0.54375 0.0359375 0.05
0 0.515625 0.509375 0.03984375 0.053125
0 0.72890625 0.70625 0.046875 0.05625
0 0.9640625 0.90390625 0.0484375 0.0609375
0 0.84765625 0.79921875 0.046875 0.0578125