0 0.22734375 0.70703125 0.0359375 0.0703125
0 0.19453125 0.7890625 0.03515625 0.075
0 0.16796875 0.8625 0.03203125 0.0625
2 0.13671875 0.94140625 0.0328125 0.0640625
0 0.1609375 0.08828125 0.03671875 0.0578125
0 0.20078125 0.21328125 0.0375 0.0578125
0 0.3171875 0.29296875 0.0375 0.0609375
0 0.50546875 0.5015625 0.0328125 0.05
0 0.60078125 0.57890625 0.04375 0.0546875
0 0.54375 0.62265625 0.0375 0.0484375
0 0.66015625 0.73125 0.0484375 0.059375
2 0.775 0.740625 0.0640625 0.071875
0 0.7984375 0.8375 0.04765625 0.05625
0 0.50625 0.21015625 0.03359375 0.0640625