0 0.465625 0.2890625 0.028125 0.059375
0 0.3609375 0.36015625 0.03359375 0.0453125
0 0.52734375 0.53046875 0.0421875 0.0515625
0 0.7546875 0.7296875 0.046875 0.05625
0 0.88984375 0.92734375 0.046875 0.0578125
3 0.97734375 0.9109375 0.04296875 0.05625
2 0.33359375 0.6734375 0.04375 0.09375
2 0.12890625 0.9484375 0.0328125 0.075
0 0.16328125 0.86796875 0.034375 0.0703125
0 0.22109375 0.7125 0.0328125 0.075
0 0.18828125 0.79296875 0.03515625 0.0703125
0 0.4328125 0.515625 0.04375 0.0625
0 0.121875 0.05078125 0.0390625 0.0546875