0 0.45703125 0.3125 0.03515625 0.065625
0 0.5859375 0.09140625 0.0375 0.0734375
2 0.26328125 0.22421875 0.04921875 0.0734375
0 0.140625 0.16015625 0.03984375 0.0609375
0 0.228125 0.26484375 0.04140625 0.0578125
0 0.3453125 0.41171875 0.03984375 0.0578125
0 0.45234375 0.5359375 0.0421875 0.059375
2 0.1359375 0.94453125 0.03046875 0.0640625
0 0.1671875 0.8625 0.03046875 0.06875
0 0.19453125 0.790625 0.03515625 0.071875
0 0.2265625 0.70703125 0.034375 0.0734375
0 0.7578125 0.809375 0.0421875 0.053125