0 0.10234375 0.02734375 0.0390625 0.0546875
0 0.1265625 0.12578125 0.03671875 0.0578125
2 0.13515625 0.94765625 0.03203125 0.0703125
0 0.16640625 0.865625 0.03359375 0.065625
0 0.225 0.709375 0.03515625 0.071875
0 0.19375 0.79296875 0.03359375 0.0703125
0 0.44296875 0.446875 0.040625 0.053125
0 0.459375 0.3140625 0.034375 0.065625
0 0.5984375 0.59140625 0.04453125 0.0546875
0 0.75703125 0.7265625 0.04453125 0.053125
0 0.84765625 0.79609375 0.0421875 0.0484375
5 0.7234375 0.78203125 0.075 0.0890625