0 0.45859375 0.3140625 0.03046875 0.065625
0 0.43203125 0.51328125 0.0421875 0.0578125
0 0.33515625 0.32109375 0.03671875 0.0515625
0 0.32734375 0.3859375 0.0375 0.059375
0 0.50546875 0.50625 0.04140625 0.05625
0 0.62421875 0.61171875 0.046875 0.0578125
0 0.76484375 0.734375 0.04609375 0.059375
0 0.67578125 0.746875 0.0421875 0.05625
0 0.94296875 0.88125 0.04765625 0.0625
0 0.225 0.71171875 0.0359375 0.0703125
0 0.19296875 0.79453125 0.0359375 0.0765625
0 0.1640625 0.86796875 0.034375 0.0671875
2 0.13359375 0.94765625 0.03203125 0.0640625
0 0.22578125 0.1765625 0.0390625 0.05625