0 0.3234375 0.29609375 0.03203125 0.0453125
0 0.32890625 0.37578125 0.03515625 0.0515625
0 0.465625 0.30546875 0.03515625 0.0640625
0 0.4984375 0.47578125 0.040625 0.0609375
2 0.6390625 0.62734375 0.06171875 0.0703125
0 0.7625 0.809375 0.03671875 0.053125
0 0.87890625 0.909375 0.046875 0.0625
0 0.228125 0.70625 0.03203125 0.075
0 0.196875 0.7890625 0.0390625 0.075
2 0.1359375 0.93984375 0.03203125 0.0671875
0 0.16875 0.859375 0.03203125 0.059375
0 0.1078125 0.02421875 0.03984375 0.0484375
0 0.046875 0.01875 0.0390625 0.0375