3 0.3296875 0.38125 0.0328125 0.053125
0 0.3515625 0.3359375 0.040625 0.0625
2 0.290625 0.22109375 0.03203125 0.0578125
0 0.4421875 0.5203125 0.04140625 0.053125
2 0.134375 0.9390625 0.03203125 0.06875
0 0.2234375 0.703125 0.03515625 0.071875
0 0.19375 0.78515625 0.03515625 0.0765625
0 0.165625 0.8578125 0.03203125 0.0625
0 0.54140625 0.62421875 0.04375 0.0515625
0 0.71484375 0.68828125 0.0421875 0.0546875
0 0.696875 0.74921875 0.0484375 0.0546875
0 0.80546875 0.8421875 0.04140625 0.05
0 0.98515625 0.909375 0.028125 0.05
0 0.953125 0.9734375 0.0421875 0.05
0 0.07421875 0.040625 0.03671875 0.053125
0 0.15078125 0.06953125 0.04375 0.0671875
0 0.18046875 0.18671875 0.04140625 0.0578125