0 0.284375 0.33828125 0.040625 0.0578125
3 0.2125 0.153125 0.08203125 0.121875
0 0.1359375 0.159375 0.03984375 0.065625
0 0.359375 0.51796875 0.03671875 0.0703125
0 0.5265625 0.53515625 0.04140625 0.0578125
0 0.57890625 0.58671875 0.0375 0.0578125
3 0.4890625 0.61640625 0.04375 0.0703125
0 0.63515625 0.63125 0.046875 0.0625
0 0.68828125 0.678125 0.04609375 0.05625
0 0.2234375 0.70859375 0.03671875 0.0734375
0 0.19140625 0.7921875 0.0359375 0.071875
0 0.16484375 0.859375 0.0296875 0.0625
2 0.13359375 0.94453125 0.034375 0.0734375