3 0.48125 0.55234375 0.0359375 0.0453125
0 0.46640625 0.4625 0.03671875 0.05
0 0.31875 0.37109375 0.0359375 0.0578125
0 0.60234375 0.6671875 0.04609375 0.053125
0 0.7734375 0.7265625 0.046875 0.059375
0 0.715625 0.76875 0.04453125 0.05625
0 0.8921875 0.90703125 0.04453125 0.0546875
0 0.10390625 0.0828125 0.03515625 0.053125
0 0.14140625 0.06171875 0.03671875 0.0578125
0 0.18046875 0.18828125 0.03671875 0.0609375
0 0.22421875 0.69921875 0.03515625 0.0703125
0 0.19375 0.78515625 0.034375 0.0734375
2 0.13671875 0.93515625 0.0328125 0.0609375
0 0.1671875 0.85546875 0.0296875 0.0609375