5 0.37109375 0.3515625 0.07109375 0.103125
0 0.36484375 0.43203125 0.03359375 0.0515625
0 0.4359375 0.5125 0.03671875 0.053125
3 0.4984375 0.49921875 0.0421875 0.0546875
3 0.5375 0.48828125 0.03671875 0.0484375
0 0.1828125 0.9640625 0.03515625 0.06875
0 0.1640625 0.8578125 0.03046875 0.065625
0 0.1921875 0.78671875 0.034375 0.0734375
0 0.22265625 0.7015625 0.034375 0.075
2 0.13359375 0.93671875 0.03203125 0.0640625
0 0.0765625 0.040625 0.0390625 0.0625
0 0.1359375 0.1328125 0.0359375 0.059375
0 0.23125 0.25234375 0.03984375 0.0640625
0 0.29453125 0.33359375 0.03515625 0.0546875