3 0.053125 0.04375 0.04140625 0.06875
3 0.2375 0.20703125 0.04765625 0.0703125
3 0.3921875 0.3953125 0.04609375 0.065625
0 0.475 0.259375 0.0328125 0.065625
0 0.71484375 0.6453125 0.040625 0.046875
0 0.70859375 0.69453125 0.04296875 0.0546875
0 0.6734375 0.75625 0.04609375 0.0625
0 0.546875 0.55 0.04296875 0.05625
3 0.96796875 0.91484375 0.05703125 0.0703125
2 0.12890625 0.946875 0.03203125 0.065625
0 0.16015625 0.86640625 0.03203125 0.0703125
0 0.18828125 0.79375 0.0390625 0.075
0 0.21953125 0.71015625 0.03515625 0.0765625