0 0.07109375 0.03671875 0.03203125 0.0515625
0 0.178125 0.1859375 0.0359375 0.05625
0 0.271875 0.31015625 0.0375 0.0578125
0 0.3171875 0.290625 0.0328125 0.05625
0 0.4375 0.51484375 0.040625 0.0578125
0 0.61640625 0.59296875 0.04140625 0.0546875
3 0.59296875 0.6578125 0.03984375 0.046875
0 0.7265625 0.771875 0.046875 0.059375
0 0.92109375 0.86015625 0.04921875 0.0578125
0 0.84296875 0.88046875 0.046875 0.0546875
2 0.13515625 0.93515625 0.0328125 0.0671875
0 0.165625 0.8546875 0.02890625 0.0625
0 0.19453125 0.78203125 0.0375 0.0734375
0 0.22421875 0.7015625 0.0375 0.071875