0 0.07421875 0.05 0.04140625 0.0625
3 0.1734375 0.11796875 0.0421875 0.0703125
3 0.21875 0.2796875 0.0359375 0.053125
0 0.3203125 0.3109375 0.040625 0.0625
0 0.47578125 0.2609375 0.03359375 0.065625
0 0.43828125 0.4015625 0.03671875 0.05
0 0.49453125 0.50703125 0.04609375 0.0578125
2 0.128125 0.94765625 0.03359375 0.0703125
0 0.21953125 0.70859375 0.03515625 0.0734375
0 0.1890625 0.79453125 0.03515625 0.0734375
0 0.159375 0.865625 0.0328125 0.065625
3 0.7265625 0.71015625 0.05390625 0.0609375
0 0.94296875 0.87890625 0.04765625 0.0578125
0 0.94375 0.9734375 0.04921875 0.05