5 0.51640625 0.51015625 0.07734375 0.0953125
3 0.6265625 0.609375 0.04453125 0.05625
3 0.6953125 0.63828125 0.0375 0.0609375
0 0.38203125 0.53046875 0.03671875 0.0609375
2 0.13515625 0.93515625 0.02734375 0.0671875
0 0.225 0.6984375 0.0328125 0.06875
0 0.19375 0.7828125 0.034375 0.06875
0 0.16640625 0.8578125 0.03359375 0.0625
0 0.0859375 0.06171875 0.0359375 0.0546875
0 0.1671875 0.1625 0.0359375 0.05625
0 0.20703125 0.2171875 0.034375 0.053125
0 0.25703125 0.28984375 0.03359375 0.0484375
0 0.31171875 0.359375 0.0375 0.0625