5 0.40546875 0.3953125 0.071875 0.1
0 0.4015625 0.47578125 0.0375 0.0546875
3 0.53359375 0.5328125 0.04375 0.059375
3 0.56796875 0.51640625 0.03984375 0.0453125
0 0.22265625 0.69921875 0.034375 0.0734375
0 0.190625 0.7828125 0.0359375 0.071875
0 0.16484375 0.85703125 0.0359375 0.0671875
2 0.13203125 0.9359375 0.0328125 0.065625
0 0.2328125 0.85 0.03671875 0.06875
0 0.0625 0.02734375 0.04140625 0.0546875
0 0.1203125 0.11328125 0.040625 0.0640625
0 0.209375 0.221875 0.04140625 0.065625
0 0.26640625 0.29921875 0.0390625 0.0546875
0 0.33359375 0.39140625 0.03203125 0.0484375