0 0.159375 0.165625 0.0421875 0.0625
0 0.225 0.2859375 0.0390625 0.0625
0 0.284375 0.340625 0.040625 0.0625
0 0.16484375 0.859375 0.0296875 0.065625
0 0.22109375 0.71015625 0.03359375 0.0703125
0 0.190625 0.790625 0.0359375 0.06875
0 0.525 0.53359375 0.04609375 0.0609375
0 0.57890625 0.5859375 0.0421875 0.059375
3 0.84765625 0.88671875 0.05625 0.0640625
0 0.68671875 0.678125 0.04140625 0.05625
0 0.63515625 0.628125 0.04453125 0.05625
0 0.590625 0.02421875 0.034375 0.0484375
2 0.13125 0.94375 0.0359375 0.065625