0 0.12890625 0.12265625 0.03984375 0.0609375
0 0.21953125 0.2796875 0.0390625 0.059375
0 0.28515625 0.34453125 0.03984375 0.0609375
2 0.13203125 0.94765625 0.03359375 0.0640625
0 0.16328125 0.86640625 0.03046875 0.0640625
0 0.22109375 0.71015625 0.0359375 0.0734375
0 0.190625 0.790625 0.03515625 0.075
0 0.52578125 0.534375 0.03984375 0.05625
0 0.578125 0.5875 0.0421875 0.046875
0 0.634375 0.63125 0.0484375 0.05625
0 0.68984375 0.67890625 0.04453125 0.0546875
3 0.7421875 0.80078125 0.0515625 0.0609375