0 0.22421875 0.70078125 0.03515625 0.0703125
0 0.19296875 0.784375 0.0359375 0.075
0 0.165625 0.85546875 0.03046875 0.0609375
2 0.134375 0.9328125 0.03046875 0.065625
0 0.37578125 0.4421875 0.03671875 0.053125
3 0.53671875 0.60703125 0.0359375 0.0484375
0 0.390625 0.37890625 0.03671875 0.0546875
0 0.1390625 0.13359375 0.0359375 0.0578125
0 0.225 0.2484375 0.0375 0.059375
0 0.696875 0.66171875 0.04609375 0.0515625
0 0.6640625 0.7203125 0.04609375 0.053125
0 0.778125 0.8234375 0.04609375 0.05
0 0.959375 0.96328125 0.04921875 0.0546875