3 0.06484375 0.02421875 0.0359375 0.0484375
0 0.13671875 0.128125 0.04296875 0.059375
5 0.24375 0.1953125 0.06875 0.109375
0 0.2015625 0.2234375 0.03984375 0.059375
2 0.13515625 0.9375 0.03203125 0.06875
0 0.165625 0.8578125 0.03046875 0.065625
0 0.19296875 0.7859375 0.03515625 0.071875
0 0.22421875 0.703125 0.03671875 0.075
0 0.565625 0.6453125 0.040625 0.053125
0 0.48046875 0.5625 0.03671875 0.05
0 0.39765625 0.47265625 0.03671875 0.0546875
3 0.38359375 0.378125 0.0421875 0.065625
3 0.475 0.39375 0.02734375 0.0625
0 0.321875 0.3765625 0.0390625 0.05625
2 0.896875 0.7984375 0.040625 0.046875
0 0.80859375 0.7640625 0.05078125 0.059375