0 0.39453125 0.396875 0.0421875 0.053125
0 0.4765625 0.26015625 0.0328125 0.0640625
0 0.52421875 0.48671875 0.03515625 0.0453125
0 0.565625 0.571875 0.04296875 0.0625
3 0.80625 0.77890625 0.0515625 0.0703125
0 0.8515625 0.90234375 0.04765625 0.0546875
0 0.2203125 0.71171875 0.0359375 0.0703125
0 0.18984375 0.79140625 0.034375 0.0703125
0 0.16015625 0.86640625 0.034375 0.0640625
2 0.13046875 0.94921875 0.03515625 0.0671875
3 0.1703125 0.20546875 0.0359375 0.0578125
3 0.24609375 0.215625 0.04296875 0.065625
3 0.11328125 0.0421875 0.04375 0.065625