0 0.0671875 0.03359375 0.040625 0.0578125
0 0.165625 0.1609375 0.0359375 0.05625
0 0.20546875 0.21171875 0.0359375 0.0546875
0 0.246875 0.2734375 0.0328125 0.05
0 0.3015625 0.3453125 0.034375 0.053125
5 0.53671875 0.52265625 0.07890625 0.0921875
3 0.63671875 0.6203125 0.04609375 0.053125
3 0.71953125 0.66796875 0.040625 0.0515625
0 0.40625 0.49296875 0.0390625 0.0546875
0 0.22421875 0.69765625 0.0359375 0.0671875
0 0.19375 0.7828125 0.034375 0.071875
2 0.134375 0.93359375 0.03203125 0.0703125
0 0.16640625 0.85234375 0.0328125 0.0578125