3 0.109375 0.02734375 0.04609375 0.0546875
3 0.246875 0.27421875 0.0359375 0.0578125
2 0.13515625 0.9359375 0.034375 0.065625
2 0.43203125 0.3890625 0.03515625 0.05
0 0.296875 0.26171875 0.04140625 0.0703125
0 0.34609375 0.4109375 0.04140625 0.06875
0 0.5015625 0.5 0.0390625 0.05625
0 0.44453125 0.528125 0.04375 0.0625
0 0.58203125 0.65390625 0.04921875 0.0546875
0 0.68203125 0.7390625 0.0375 0.05625
0 0.22578125 0.703125 0.03671875 0.078125
0 0.19453125 0.78515625 0.03515625 0.0671875
0 0.165625 0.86328125 0.03203125 0.0671875
0 0.10625 0.08515625 0.0375 0.0546875
0 0.890625 0.83203125 0.04375 0.0515625
0 0.81015625 0.8546875 0.04140625 0.05