0 0.10078125 0.0265625 0.04140625 0.053125
0 0.1921875 0.10234375 0.034375 0.0578125
0 0.28515625 0.26484375 0.0375 0.0609375
0 0.271875 0.31796875 0.03984375 0.0578125
3 0.30546875 0.42890625 0.028125 0.0640625
0 0.47578125 0.259375 0.03359375 0.06875
0 0.21953125 0.709375 0.03671875 0.078125
0 0.1890625 0.79296875 0.03671875 0.0734375
0 0.1609375 0.8640625 0.03203125 0.0625
2 0.12890625 0.9453125 0.03359375 0.065625
3 0.49140625 0.50234375 0.046875 0.0609375
0 0.69921875 0.65859375 0.0421875 0.0578125
0 0.96953125 0.90546875 0.0484375 0.0578125