3 0.37890625 0.44375 0.03515625 0.05
0 0.596875 0.6703125 0.04453125 0.059375
0 0.49375 0.56796875 0.04375 0.0578125
0 0.62734375 0.6140625 0.04140625 0.046875
0 0.9203125 0.84765625 0.04609375 0.0546875
0 0.8734375 0.89453125 0.04375 0.0546875
0 0.75859375 0.7984375 0.0484375 0.053125
2 0.134375 0.93515625 0.02890625 0.0671875
0 0.165625 0.85390625 0.03046875 0.0640625
0 0.19375 0.78359375 0.0359375 0.0734375
0 0.22421875 0.70078125 0.0359375 0.0765625
2 0.2203125 0.1234375 0.03046875 0.046875
0 0.22265625 0.24296875 0.03984375 0.0640625
0 0.28125 0.24453125 0.0359375 0.0609375
0 0.0453125 0.01484375 0.034375 0.0296875
0 0.1046875 0.0828125 0.03671875 0.05625