0 0.1109375 0.0921875 0.03046875 0.05
0 0.24375 0.19609375 0.03359375 0.0546875
0 0.2203125 0.2421875 0.0359375 0.05625
0 0.32421875 0.37890625 0.0359375 0.0484375
0 0.5328125 0.5171875 0.03984375 0.053125
0 0.49609375 0.57890625 0.040625 0.0609375
3 0.65390625 0.71328125 0.03984375 0.0515625
0 0.82734375 0.78125 0.04765625 0.059375
0 0.79453125 0.83125 0.04609375 0.053125
0 0.91015625 0.93203125 0.04296875 0.0546875
2 0.13515625 0.93671875 0.034375 0.0671875
0 0.16640625 0.85546875 0.03203125 0.0671875
0 0.19453125 0.78203125 0.03515625 0.0765625
0 0.2265625 0.7 0.034375 0.075