3 0.3484375 0.340625 0.04609375 0.065625
3 0.31640625 0.51796875 0.02734375 0.0765625
0 0.403125 0.4859375 0.04453125 0.0625
0 0.52421875 0.50703125 0.040625 0.0578125
0 0.4765625 0.25859375 0.034375 0.0640625
0 0.22109375 0.709375 0.0359375 0.071875
0 0.1890625 0.79140625 0.03515625 0.0703125
0 0.1625 0.86484375 0.0328125 0.0640625
2 0.12890625 0.94609375 0.03046875 0.0640625
0 0.140625 0.06953125 0.03984375 0.0609375
0 0.96640625 0.89921875 0.04921875 0.0609375
0 0.79921875 0.76484375 0.04765625 0.0578125