0 0.4375 0.34921875 0.03671875 0.0734375
3 0.4453125 0.5171875 0.0265625 0.0875
0 0.52734375 0.5328125 0.04140625 0.05
0 0.57890625 0.58671875 0.03984375 0.0484375
0 0.63515625 0.63125 0.046875 0.053125
0 0.68984375 0.68046875 0.0421875 0.0578125
2 0.13359375 0.94140625 0.03203125 0.0640625
0 0.16484375 0.86328125 0.034375 0.0671875
0 0.2234375 0.7078125 0.03359375 0.071875
0 0.1921875 0.7921875 0.0359375 0.071875
3 0.28125 0.23828125 0.08203125 0.1140625
0 0.25546875 0.29765625 0.0359375 0.0609375
0 0.04765625 0.0390625 0.0375 0.0625