3 0.13203125 0.05546875 0.08515625 0.1109375
0 0.18984375 0.23671875 0.03671875 0.0671875
0 0.2875 0.3421875 0.04140625 0.059375
0 0.22109375 0.70703125 0.03203125 0.0703125
0 0.26953125 0.72890625 0.03984375 0.0765625
0 0.19140625 0.790625 0.0375 0.071875
0 0.1640625 0.865625 0.0328125 0.0625
2 0.1328125 0.9453125 0.03359375 0.065625
0 0.52578125 0.53203125 0.040625 0.0578125
3 0.56171875 0.67578125 0.05 0.0578125
0 0.57890625 0.5875 0.0359375 0.059375
0 0.63515625 0.63515625 0.04921875 0.0640625
0 0.68984375 0.678125 0.04375 0.05625