0 0.3734375 0.36015625 0.04375 0.0671875
0 0.3984375 0.478125 0.04375 0.0625
2 0.50546875 0.4609375 0.03359375 0.046875
0 0.534375 0.61171875 0.0421875 0.0515625
0 0.5828125 0.578125 0.0421875 0.053125
0 0.625 0.69375 0.040625 0.059375
0 0.74609375 0.80078125 0.03984375 0.0546875
0 0.978125 0.91015625 0.0421875 0.0515625
0 0.91015625 0.934375 0.046875 0.05625
3 0.20859375 0.221875 0.0328125 0.05
0 0.3 0.35078125 0.04296875 0.0640625
0 0.07734375 0.0484375 0.03984375 0.059375
3 0.16015625 0.08984375 0.04296875 0.0640625
3 0.5796875 0.0796875 0.0359375 0.0625
2 0.13671875 0.9375 0.03046875 0.071875
0 0.16484375 0.8578125 0.0328125 0.06875
0 0.22421875 0.7015625 0.03515625 0.075
0 0.19140625 0.78515625 0.03515625 0.0765625