3 0.5359375 0.159375 0.03671875 0.0625
3 0.20859375 0.15859375 0.04140625 0.0640625
3 0.17265625 0.17734375 0.03359375 0.0546875
0 0.26015625 0.2953125 0.0375 0.0625
0 0.35390625 0.42578125 0.04140625 0.0671875
0 0.45546875 0.44921875 0.046875 0.0546875
0 0.48984375 0.56875 0.04375 0.05625
0 0.571875 0.64921875 0.03984375 0.0515625
2 0.5828125 0.53515625 0.034375 0.0515625
2 0.134375 0.9390625 0.03203125 0.065625
0 0.6875 0.74765625 0.0390625 0.0515625
0 0.8296875 0.871875 0.04140625 0.053125
0 0.66953125 0.65390625 0.04296875 0.0609375
0 0.16484375 0.85859375 0.03046875 0.0609375
0 0.22421875 0.70390625 0.03359375 0.0734375
0 0.19453125 0.78828125 0.03515625 0.0765625
0 0.05390625 0.02265625 0.03984375 0.0453125