3 0.284375 0.325 0.03515625 0.059375
0 0.05 0.01796875 0.03046875 0.0359375
0 0.14140625 0.1328125 0.0390625 0.059375
0 0.22265625 0.1671875 0.04296875 0.06875
0 0.42734375 0.42109375 0.0390625 0.0515625
0 0.3921875 0.4640625 0.03984375 0.059375
0 0.4921875 0.575 0.04375 0.059375
0 0.63828125 0.69921875 0.04765625 0.0546875
0 0.8015625 0.76171875 0.04296875 0.0578125
0 0.7421875 0.7890625 0.04296875 0.053125
0 0.8796875 0.915625 0.0375 0.046875
2 0.134375 0.9390625 0.0296875 0.071875
0 0.22421875 0.70234375 0.03515625 0.0734375
0 0.19296875 0.78671875 0.0359375 0.0765625
0 0.165625 0.85703125 0.03203125 0.0609375
2 0.359375 0.30390625 0.03203125 0.0484375