5 0.44140625 0.43046875 0.078125 0.0984375
3 0.603125 0.5453125 0.04140625 0.05
3 0.56640625 0.56171875 0.04375 0.0515625
0 0.278125 0.74921875 0.0359375 0.0734375
0 0.371875 0.4375 0.0390625 0.053125
0 0.24453125 0.26796875 0.03515625 0.0515625
0 0.3078125 0.353125 0.03359375 0.053125
2 0.13359375 0.93515625 0.03359375 0.0671875
0 0.1640625 0.85625 0.0328125 0.06875
0 0.19296875 0.78515625 0.034375 0.0734375
0 0.22421875 0.70234375 0.03671875 0.0734375
0 0.05078125 0.015625 0.03515625 0.03125
0 0.1140625 0.1 0.040625 0.0625
0 0.1921875 0.19453125 0.0375 0.0640625