0 0.09296875 0.06484375 0.0375 0.0609375
0 0.1546875 0.15703125 0.0421875 0.0609375
0 0.25546875 0.28671875 0.04140625 0.0640625
5 0.328125 0.3015625 0.06875 0.10625
0 0.3265625 0.37890625 0.0359375 0.0546875
0 0.39921875 0.4734375 0.0328125 0.05
0 0.471875 0.5578125 0.03984375 0.059375
3 0.45859375 0.4640625 0.03984375 0.05
3 0.509375 0.46015625 0.0359375 0.0515625
2 0.13359375 0.9359375 0.03203125 0.065625
0 0.165625 0.85859375 0.03203125 0.0640625
0 0.1921875 0.7859375 0.0359375 0.075
0 0.2234375 0.69921875 0.03515625 0.0734375
0 0.98359375 0.9125 0.03203125 0.05