0 0.52578125 0.5328125 0.040625 0.05625
0 0.578125 0.58671875 0.0390625 0.0484375
0 0.63359375 0.63046875 0.046875 0.0578125
0 0.68828125 0.67890625 0.0421875 0.0515625
3 0.90625 0.9328125 0.0515625 0.065625
0 0.221875 0.70625 0.03359375 0.06875
0 0.1921875 0.78984375 0.0359375 0.0703125
0 0.1625 0.8640625 0.0328125 0.065625
2 0.13125 0.946875 0.028125 0.06875
0 0.1671875 0.17578125 0.0375 0.0609375
0 0.225 0.28828125 0.0390625 0.0671875
0 0.28671875 0.3421875 0.03671875 0.059375
0 0.5515625 0.0921875 0.03515625 0.065625