0 0.52578125 0.534375 0.0375 0.05
3 0.6 0.6984375 0.0515625 0.065625
0 0.20390625 0.259375 0.0421875 0.06875
0 0.28515625 0.34140625 0.0375 0.0640625
0 0.221875 0.7078125 0.03515625 0.078125
0 0.19140625 0.79296875 0.040625 0.0734375
0 0.16484375 0.86484375 0.03515625 0.0671875
0 0.22109375 0.84453125 0.03671875 0.0734375
2 0.13203125 0.94375 0.0328125 0.065625
0 0.58046875 0.58828125 0.0390625 0.0515625
0 0.63359375 0.63046875 0.04453125 0.0546875
0 0.6890625 0.67734375 0.04453125 0.0484375
3 0.10390625 0.02265625 0.053125 0.0453125