0 0.11796875 0.1203125 0.04375 0.059375
3 0.35625 0.3296875 0.090625 0.090625
3 0.46015625 0.33828125 0.03515625 0.0828125
0 0.52578125 0.15703125 0.03671875 0.0734375
0 0.5265625 0.53359375 0.0375 0.0546875
0 0.5796875 0.58515625 0.0390625 0.0484375
0 0.63515625 0.6296875 0.04609375 0.053125
0 0.68828125 0.6765625 0.04296875 0.053125
2 0.13359375 0.94296875 0.0296875 0.0671875
0 0.22265625 0.70625 0.03359375 0.075
0 0.19140625 0.78984375 0.03515625 0.0734375
0 0.16484375 0.8625 0.03203125 0.06875