3 0.3 0.27421875 0.03984375 0.0640625
3 0.48203125 0.290625 0.02265625 0.071875
2 0.7421875 0.67109375 0.0421875 0.0515625
3 0.11796875 0.09921875 0.03515625 0.0515625
5 0.14609375 0.065625 0.07421875 0.103125
0 0.18984375 0.2 0.04140625 0.06875
0 0.26796875 0.3125 0.0390625 0.065625
0 0.40390625 0.478125 0.040625 0.059375
0 0.4765625 0.56015625 0.040625 0.0578125
0 0.57578125 0.65078125 0.0390625 0.0546875
0 0.6234375 0.609375 0.04921875 0.05625
0 0.8484375 0.803125 0.046875 0.053125
0 0.68359375 0.7515625 0.04296875 0.05625
2 0.13359375 0.93984375 0.03359375 0.0640625
0 0.22421875 0.70234375 0.034375 0.0734375
0 0.1921875 0.7859375 0.034375 0.071875
0 0.16328125 0.8609375 0.03359375 0.065625