0 0.21328125 0.271875 0.03984375 0.0625
0 0.28515625 0.33984375 0.0375 0.0609375
0 0.525 0.53515625 0.0390625 0.0578125
0 0.57890625 0.58671875 0.040625 0.0484375
0 0.63515625 0.63125 0.04453125 0.059375
3 0.6453125 0.72734375 0.0515625 0.0640625
0 0.22265625 0.71015625 0.034375 0.0734375
0 0.165625 0.96953125 0.03203125 0.0578125
0 0.16328125 0.865625 0.034375 0.065625
0 0.19140625 0.790625 0.034375 0.071875
2 0.13203125 0.94765625 0.03359375 0.0671875
0 0.68828125 0.67734375 0.04140625 0.0546875
0 0.0671875 0.03203125 0.03984375 0.0640625