0 0.0390625 0.4390625 0.04375 0.046875
0 0.19453125 0.45390625 0.04140625 0.0421875
0 0.12265625 0.53671875 0.04296875 0.0421875
0 0.16484375 0.55625 0.0421875 0.046875
0 0.253125 0.63671875 0.04453125 0.0515625
0 0.22734375 0.3125 0.04296875 0.040625
0 0.27734375 0.34140625 0.03984375 0.0421875
0 0.3515625 0.38671875 0.0421875 0.0421875
0 0.0859375 0.23515625 0.04140625 0.0421875
0 0.0359375 0.20078125 0.04453125 0.0421875
0 0.52109375 0.75 0.046875 0.053125
0 0.79609375 0.5140625 0.03359375 0.065625
0 0.7734375 0.46015625 0.0234375 0.0734375
0 0.75 0.46875 0.0234375 0.0625
0 0.7453125 0.40546875 0.0265625 0.0703125
0 0.79765625 0.3390625 0.02890625 0.06875
0 0.77265625 0.2875 0.02578125 0.075
0 0.9203125 0.05390625 0.02734375 0.0703125
2 0.7984375 0.21796875 0.02578125 0.0640625
2 0.815625 0.12578125 0.0296875 0.0703125