0 0.4671875 0.86328125 0.02109375 0.0703125
0 0.446875 0.965625 0.0234375 0.065625
0 0.4140625 0.43671875 0.0203125 0.0671875
0 0.45703125 0.3578125 0.021875 0.06875
0 0.5328125 0.4109375 0.01953125 0.065625
0 0.54609375 0.33359375 0.02109375 0.0640625
0 0.5828125 0.0875 0.0203125 0.06875
0 0.53125 0.05546875 0.02265625 0.0734375
3 0.4921875 0.709375 0.02109375 0.065625
3 0.51171875 0.4921875 0.0265625 0.075
0 0.31640625 0.90703125 0.021875 0.0671875
0 0.27421875 0.96875 0.02265625 0.059375
0 0.296875 0.9796875 0.01875 0.0375
2 0.03125 0.14453125 0.04140625 0.0328125
0 0.053125 0.171875 0.03515625 0.059375
0 0.06796875 0.1921875 0.02890625 0.04375