0 0.71796875 0.7578125 0.040625 0.0375
0 0.7609375 0.6578125 0.034375 0.065625
0 0.7375 0.64609375 0.034375 0.0515625
0 0.74765625 0.58515625 0.03515625 0.0578125
0 0.81015625 0.56328125 0.034375 0.0609375
0 0.8 0.4984375 0.03515625 0.0625
0 0.946875 0.46484375 0.0375 0.0609375
2 0.8390625 0.45703125 0.03203125 0.0515625
2 0.87578125 0.3875 0.0390625 0.0625
0 0.4640625 0.73359375 0.03984375 0.0640625
0 0.39453125 0.278125 0.0359375 0.059375
0 0.3390625 0.17890625 0.034375 0.0546875
0 0.3 0.1140625 0.03359375 0.0625
0 0.184375 0.290625 0.03671875 0.0625
0 0.2453125 0.43203125 0.0375 0.0640625
0 0.1765625 0.1171875 0.040625 0.06875
0 0.1515625 0.23984375 0.0359375 0.0609375
0 0.04609375 0.05625 0.040625 0.06875
0 0.0578125 0.01875 0.0328125 0.0375