0 0.75234375 0.83671875 0.040625 0.0421875
0 0.5578125 0.8390625 0.04140625 0.0375
0 0.6125 0.78984375 0.04296875 0.0421875
0 0.37578125 0.73203125 0.04140625 0.0359375
0 0.06015625 0.8484375 0.04609375 0.0375
0 0.1390625 0.796875 0.04140625 0.0375
0 0.0796875 0.7140625 0.040625 0.034375
0 0.1375 0.5640625 0.04296875 0.0375
0 0.33984375 0.878125 0.04453125 0.040625
0 0.54140625 0.5265625 0.021875 0.0625
0 0.565625 0.5125 0.01953125 0.075
0 0.5328125 0.46640625 0.0203125 0.0703125
0 0.57578125 0.38671875 0.02109375 0.0703125
0 0.54609375 0.3421875 0.021875 0.071875
2 0.56484375 0.26953125 0.01953125 0.0609375
2 0.57265625 0.17265625 0.0203125 0.0734375
0 0.22578125 0.1046875 0.03359375 0.059375
4 0.98203125 0.9109375 0.034375 0.05
0 0.278125 0.02421875 0.04453125 0.0484375
0 0.24140625 0.08046875 0.02578125 0.0578125
3 0.2046875 0.13359375 0.02890625 0.0609375
0 0.184375 0.1453125 0.0234375 0.05625
0 0.11015625 0.18046875 0.02265625 0.0515625
0 0.01328125 0.01484375 0.02109375 0.0296875
3 0.06171875 0.18046875 0.0203125 0.0546875
0 0.0140625 0.1859375 0.01953125 0.05625