2 0.54375 0.95390625 0.0234375 0.0859375
0 0.51875 0.92578125 0.0203125 0.0765625
0 0.55703125 0.85625 0.02109375 0.071875
0 0.5296875 0.81875 0.021875 0.071875
0 0.71953125 0.5609375 0.04296875 0.0375
0 0.70078125 0.509375 0.03984375 0.0375
0 0.53359375 0.2578125 0.021875 0.06875
0 0.55703125 0.2421875 0.01953125 0.078125
0 0.52421875 0.19609375 0.01953125 0.0703125
0 0.56875 0.11484375 0.021875 0.0703125
0 0.53984375 0.0734375 0.0203125 0.071875
0 0.33203125 0.5984375 0.04453125 0.04375
0 0.13046875 0.2828125 0.0421875 0.0375
0 0.05234375 0.2578125 0.04140625 0.0375
0 0.04921875 0.55859375 0.0421875 0.0359375
1 0.09921875 0.390625 0.0671875 0.05
0 0.09140625 0.7515625 0.0390625 0.065625
2 0.55703125 0.01875 0.015625 0.0375