0 0.4796875 0.95234375 0.01953125 0.0703125
0 0.49609375 0.840625 0.01796875 0.06875
0 0.5046875 0.7234375 0.02265625 0.075
0 0.515625 0.62890625 0.0203125 0.0703125
0 0.5421875 0.671875 0.0203125 0.06875
0 0.51484375 0.878125 0.01953125 0.06875
0 0.54453125 0.921875 0.0203125 0.06875
2 0.528125 0.765625 0.021875 0.084375
0 0.6859375 0.375 0.04140625 0.0375
0 0.6875 0.33125 0.0375 0.0375
0 0.91953125 0.43125 0.04296875 0.040625
0 0.11953125 0.1 0.040625 0.040625
0 0.04140625 0.07578125 0.04140625 0.0421875
0 0.5421875 0.0734375 0.0203125 0.075
0 0.5203125 0.07734375 0.0203125 0.0671875
0 0.5109375 0.0265625 0.02109375 0.053125