2 0.51796875 0.15234375 0.01640625 0.0609375
2 0.52578125 0.0765625 0.01875 0.06875
0 0.80625 0.71015625 0.0390625 0.0359375
0 0.74765625 0.646875 0.0375 0.040625
0 0.66171875 0.621875 0.0390625 0.0375
0 0.66171875 0.6640625 0.04296875 0.040625
0 0.49140625 0.92734375 0.021875 0.0796875
0 0.5203125 0.96953125 0.02265625 0.0578125
0 0.290625 0.70078125 0.046875 0.0359375
0 0.515625 0.39609375 0.0203125 0.0703125
0 0.496875 0.37890625 0.02109375 0.0546875
0 0.4875 0.32890625 0.0203125 0.0609375
0 0.52578125 0.27265625 0.02109375 0.0640625
0 0.50078125 0.21640625 0.01953125 0.0640625
0 0.1109375 0.396875 0.0421875 0.0375
0 0.0359375 0.37421875 0.03671875 0.0328125