0 0.521875 0.9578125 0.021875 0.075
0 0.49453125 0.9140625 0.02265625 0.06875
0 0.4734375 0.87109375 0.021875 0.0703125
0 0.4828125 0.75390625 0.02265625 0.0765625
0 0.49375 0.65859375 0.021875 0.0703125
0 0.51953125 0.70625 0.02109375 0.071875
2 0.50546875 0.7984375 0.021875 0.084375
0 0.9671875 0.5078125 0.0390625 0.0375
0 0.84921875 0.4375 0.0390625 0.040625
0 0.6625 0.40703125 0.04140625 0.0359375
0 0.66328125 0.3625 0.0375 0.034375
0 0.2953125 0.44140625 0.04609375 0.0390625
0 0.10078125 0.13046875 0.04140625 0.0359375
0 0.025 0.1046875 0.0421875 0.040625
0 0.51953125 0.11484375 0.01953125 0.0765625
0 0.49765625 0.109375 0.02265625 0.0625
0 0.4890625 0.053125 0.02109375 0.065625
0 0.45859375 0.97265625 0.02265625 0.0515625