2 0.79765625 0.2296875 0.02265625 0.0625
2 0.81484375 0.13828125 0.02890625 0.0703125
0 0.82734375 0.4375 0.03046875 0.071875
0 0.796875 0.3484375 0.028125 0.075
0 0.77421875 0.46875 0.0234375 0.078125
0 0.75 0.478125 0.02578125 0.059375
0 0.74609375 0.4171875 0.02578125 0.06875
0 0.771875 0.29921875 0.025 0.0703125
0 0.51953125 0.76171875 0.04375 0.0515625
0 0.25234375 0.6453125 0.04453125 0.04375
0 0.27109375 0.50625 0.04375 0.04375
0 0.165625 0.565625 0.0421875 0.046875
0 0.12109375 0.54375 0.040625 0.0375
0 0.09609375 0.48203125 0.04609375 0.0453125
0 0.3515625 0.39453125 0.04140625 0.0421875
0 0.278125 0.346875 0.03984375 0.040625
0 0.22890625 0.31953125 0.0421875 0.0421875
0 0.0859375 0.24140625 0.04375 0.0421875
0 0.0375 0.2078125 0.03984375 0.04375
0 0.36484375 0.0140625 0.01640625 0.028125