2 0.11328125 0.68125 0.04921875 0.059375
0 0.15546875 0.73984375 0.03984375 0.0546875
0 0.18671875 0.709375 0.0390625 0.05625
0 0.1359375 0.64921875 0.04140625 0.0546875
0 0.08515625 0.5984375 0.0375 0.05
0 0.03046875 0.6453125 0.0375 0.046875
0 0.03671875 0.53203125 0.04140625 0.0546875
0 0.40703125 0.64140625 0.02578125 0.0734375
0 0.3734375 0.4734375 0.03046875 0.071875
0 0.6109375 0.265625 0.03046875 0.065625
0 0.5 0.034375 0.0328125 0.06875
0 0.6546875 0.146875 0.02734375 0.06875
0 0.68125 0.06640625 0.0296875 0.0671875
0 0.81796875 0.58984375 0.03671875 0.0421875
0 0.84375 0.7109375 0.040625 0.059375
0 0.8609375 0.7515625 0.03515625 0.053125
0 0.96015625 0.28984375 0.0421875 0.0546875
0 0.98125 0.225 0.0359375 0.05625
0 0.5109375 0.9421875 0.03515625 0.059375
0 0.47421875 0.934375 0.0328125 0.0625
0 0.47421875 0.97578125 0.040625 0.0453125
0 0.8265625 0.62734375 0.03046875 0.0359375
3 0.81015625 0.55078125 0.03984375 0.0421875
0 0.8234375 0.371875 0.03046875 0.0375
0 0.97890625 0.4546875 0.03671875 0.046875
0 0.978125 0.9265625 0.03203125 0.059375
0 0.86484375 0.18046875 0.0390625 0.0546875
0 0.890625 0.146875 0.02734375 0.040625
0 0.86171875 0.2203125 0.02734375 0.0375