3 0.49140625 0.66640625 0.04296875 0.0546875
3 0.37578125 0.59140625 0.03359375 0.0453125
0 0.7015625 0.86328125 0.03984375 0.0453125
0 0.57265625 0.7515625 0.034375 0.05
0 0.53203125 0.715625 0.0390625 0.046875
0 0.3328125 0.55390625 0.03203125 0.0421875
0 0.2953125 0.521875 0.03984375 0.046875
0 0.2375 0.46875 0.040625 0.053125
0 0.190625 0.428125 0.034375 0.040625
0 0.02421875 0.290625 0.03984375 0.05
0 0.04296875 0.08515625 0.0375 0.0484375
0 0.0671875 0.05390625 0.0375 0.0515625
0 0.2375 0.0375 0.03203125 0.040625
0 0.228125 0.01484375 0.03671875 0.0296875
0 0.2140625 0.1625 0.034375 0.040625
0 0.25390625 0.196875 0.0359375 0.04375
0 0.29609375 0.24921875 0.03671875 0.0453125
0 0.13828125 0.22265625 0.03984375 0.0484375
2 0.1984375 0.234375 0.0328125 0.0375
2 0.34453125 0.35625 0.03671875 0.046875
3 0.90390625 0.17578125 0.03046875 0.0453125
0 0.2421875 0.07265625 0.02890625 0.0390625
0 0.0296875 0.0234375 0.0328125 0.034375