0 0.52265625 0.934375 0.01875 0.06875
0 0.434375 0.91796875 0.0203125 0.0765625
0 0.46875 0.8421875 0.02109375 0.065625
0 0.50390625 0.73671875 0.0140625 0.0546875
0 0.54375 0.56328125 0.02734375 0.0484375
0 0.49375 0.54375 0.015625 0.05
0 0.50078125 0.44609375 0.015625 0.0515625
0 0.61796875 0.4671875 0.03515625 0.025
0 0.66875 0.4765625 0.0328125 0.025
0 0.61796875 0.4359375 0.03046875 0.025
0 0.67421875 0.4453125 0.03359375 0.03125
0 0.728125 0.453125 0.0328125 0.03125
0 0.78984375 0.46640625 0.03359375 0.0265625
0 0.45859375 0.43359375 0.0140625 0.0484375
0 0.48515625 0.3453125 0.015625 0.05
0 0.4375 0.35078125 0.025 0.0390625
0 0.4671875 0.25234375 0.01640625 0.0484375
0 0.5234375 0.20546875 0.01640625 0.0421875
0 0.16171875 0.3203125 0.0359375 0.03125
0 0.1015625 0.41328125 0.034375 0.0296875
0 0.1015625 0.3125 0.03046875 0.028125
0 0.0609375 0.30390625 0.03359375 0.0328125
2 0.5125 0.609375 0.01875 0.059375
2 0.48359375 0.184375 0.0109375 0.046875
2 0.48671875 0.12109375 0.01484375 0.0484375
0 0.0078125 0.48046875 0.01484375 0.0328125
0 0.08671875 0.01328125 0.01875 0.0265625
0 0.115625 0.0171875 0.0203125 0.034375
3 0.1015625 0.81328125 0.03046875 0.0421875
0 0.68125 0.75703125 0.0265625 0.0453125