3 0.33046875 0.19140625 0.02890625 0.0359375
2 0.52578125 0.32890625 0.01796875 0.0484375
2 0.540625 0.21640625 0.021875 0.0578125
0 0.4484375 0.7265625 0.02109375 0.059375
0 0.4984375 0.6046875 0.0203125 0.0625
0 0.56640625 0.68671875 0.01953125 0.0578125
0 0.565625 0.35625 0.021875 0.053125
0 0.8140625 0.3890625 0.034375 0.0375
0 0.8546875 0.3125 0.034375 0.034375
0 0.80859375 0.29453125 0.0328125 0.0328125
0 0.75625 0.27109375 0.0328125 0.0328125
0 0.74765625 0.303125 0.03046875 0.03125
0 0.7 0.28046875 0.034375 0.0328125
0 0.69921875 0.25 0.03203125 0.028125
0 0.56796875 0.17421875 0.01875 0.0546875
0 0.62578125 0.0984375 0.01484375 0.040625
0 0.609375 0.0578125 0.01484375 0.040625
0 0.36640625 0.1828125 0.0296875 0.03125
0 0.37421875 0.12421875 0.03046875 0.0265625
0 0.2421875 0.1296875 0.03359375 0.03125
0 0.246875 0.08671875 0.03046875 0.0265625
0 0.26171875 0.03984375 0.03046875 0.0328125
0 0.1265625 0.0890625 0.03359375 0.03125
0 0.1046875 0.15546875 0.03515625 0.0359375
0 0.2078125 0.0203125 0.03203125 0.03125
0 0.0390625 0.05 0.034375 0.034375
0 0.534375 0.93125 0.02265625 0.06875
0 0.4703125 0.97421875 0.02578125 0.0484375
0 0.7359375 0.56953125 0.02734375 0.0453125
3 0.1859375 0.47890625 0.021875 0.0390625
2 0.025 0.73359375 0.0421875 0.0328125
0 0.04375 0.76328125 0.03671875 0.0578125
0 0.0546875 0.78359375 0.0390625 0.0453125