3 0.715625 0.7625 0.0390625 0.046875
0 0.55703125 0.6328125 0.0421875 0.053125
0 0.4484375 0.43046875 0.0390625 0.0546875
0 0.73671875 0.7046875 0.04609375 0.053125
0 0.8609375 0.88828125 0.04765625 0.0609375
0 0.975 0.978125 0.0421875 0.040625
2 0.134375 0.93515625 0.0296875 0.0671875
0 0.165625 0.85546875 0.03203125 0.0640625
0 0.19453125 0.784375 0.03515625 0.071875
0 0.22421875 0.70390625 0.03515625 0.0734375
0 0.26328125 0.30234375 0.03515625 0.0578125
0 0.3828125 0.44921875 0.04140625 0.0578125
0 0.16953125 0.0984375 0.0328125 0.05
0 0.153125 0.1515625 0.03046875 0.046875