0 0.51875 0.9375 0.01875 0.065625
0 0.52578125 0.8296875 0.02109375 0.078125
0 0.53828125 0.725 0.01953125 0.071875
0 0.56328125 0.76875 0.02578125 0.06875
0 0.53984375 0.96875 0.02109375 0.059375
2 0.55078125 0.86015625 0.02265625 0.0796875
0 0.7078125 0.46875 0.04140625 0.034375
0 0.7078125 0.425 0.03671875 0.034375
0 0.540625 0.16875 0.02265625 0.065625
0 0.5640625 0.15625 0.01875 0.075
0 0.53203125 0.10859375 0.021875 0.0703125
0 0.575 0.03359375 0.02265625 0.0671875
0 0.1390625 0.1921875 0.04375 0.0375
0 0.0625 0.16875 0.04140625 0.0375
0 0.028125 0.7703125 0.0390625 0.065625
0 0.340625 0.50859375 0.04609375 0.0421875
0 0.54296875 0.01484375 0.01640625 0.0296875