0 0.24765625 0.81171875 0.01796875 0.0640625
0 0.22109375 0.78203125 0.01953125 0.0609375
0 0.2578125 0.71015625 0.0203125 0.0640625
0 0.26171875 0.6265625 0.01796875 0.05625
0 0.27734375 0.540625 0.01796875 0.059375
0 0.21953125 0.57890625 0.01640625 0.0578125
0 0.2421875 0.39140625 0.01796875 0.0515625
0 0.246875 0.3390625 0.0125 0.05
0 0.271875 0.11796875 0.01328125 0.0328125
0 0.27890625 0.08125 0.0125 0.040625
0 0.45625 0.95390625 0.04375 0.0296875
0 0.73828125 0.90390625 0.0421875 0.0296875
0 0.84140625 0.925 0.04296875 0.03125
0 0.8875 0.92265625 0.03984375 0.0359375
2 0.23359375 0.6984375 0.021875 0.071875
3 0.26015625 0.284375 0.01796875 0.05
3 0.26640625 0.1625 0.01328125 0.034375
3 0.7859375 0.39140625 0.01796875 0.0421875
0 0.77890625 0.29296875 0.0203125 0.0453125
0 0.28515625 0.0296875 0.01171875 0.0375
3 0.66875 0.28984375 0.0328125 0.0421875