3 0.50859375 0.490625 0.021875 0.071875
3 0.490625 0.7046875 0.01953125 0.0625
0 0.465625 0.85859375 0.02109375 0.0703125
0 0.44609375 0.96328125 0.02265625 0.0703125
0 0.53203125 0.40625 0.01953125 0.065625
0 0.54375 0.33125 0.02109375 0.065625
0 0.42734375 0.3328125 0.02109375 0.0625
0 0.4734375 0.225 0.02265625 0.071875
0 0.5140625 0.1640625 0.02578125 0.071875
0 0.5796875 0.084375 0.01875 0.065625
0 0.3140625 0.90390625 0.025 0.0765625
0 0.2703125 0.96796875 0.0234375 0.0609375
0 0.29453125 0.9796875 0.01640625 0.0375
2 0.02890625 0.13984375 0.04375 0.0296875
0 0.05390625 0.16875 0.0328125 0.05625
0 0.06484375 0.1875 0.02890625 0.05