0 0.715625 0.6984375 0.0390625 0.040625
0 0.8890625 0.79765625 0.0421875 0.0390625
0 0.1171875 0.74921875 0.03046875 0.0734375
0 0.2671875 0.7703125 0.046875 0.04375
0 0.1109375 0.56953125 0.04375 0.0390625
0 0.2953125 0.584375 0.04375 0.0375
0 0.51875 0.73984375 0.03984375 0.0390625
0 0.06484375 0.45078125 0.04375 0.0390625
0 0.47265625 0.4234375 0.021875 0.06875
0 0.49609375 0.40546875 0.02109375 0.0765625
0 0.46328125 0.36015625 0.02265625 0.0671875
0 0.50625 0.28203125 0.0203125 0.0734375
0 0.47578125 0.2390625 0.02109375 0.071875
2 0.4953125 0.16328125 0.01875 0.0609375
2 0.5015625 0.06953125 0.02265625 0.0703125
1 0.48671875 0.67109375 0.0625 0.0546875
0 0.903125 0.85703125 0.03984375 0.0421875
0 0.03359375 0.06171875 0.0234375 0.0578125
3 0.13125 0.02265625 0.02734375 0.0453125
0 0.1109375 0.02890625 0.021875 0.0515625