0 0.9421875 0.97734375 0.04296875 0.0421875
0 0.81953125 0.896875 0.04375 0.053125
0 0.60390625 0.765625 0.0421875 0.046875
0 0.39296875 0.803125 0.04765625 0.053125
0 0.453125 0.73046875 0.04375 0.0515625
0 0.12421875 0.684375 0.04375 0.05
0 0.14375 0.625 0.04296875 0.040625
0 0.0359375 0.60234375 0.04453125 0.0484375
0 0.2265625 0.43359375 0.040625 0.0421875
0 0.153125 0.38515625 0.040625 0.0453125
0 0.10234375 0.35859375 0.04609375 0.0421875
0 0.625 0.5171875 0.02578125 0.059375
0 0.6484375 0.5109375 0.0234375 0.071875
0 0.6203125 0.453125 0.02578125 0.06875
0 0.671875 0.3890625 0.0265625 0.071875
0 0.64765625 0.33984375 0.0265625 0.0734375
0 0.78515625 0.07578125 0.0234375 0.0703125
2 0.67265625 0.271875 0.02265625 0.059375
2 0.6890625 0.18046875 0.02578125 0.0703125
0 0.2359375 0.04609375 0.01875 0.0546875
3 0.18984375 0.0390625 0.02109375 0.05625
0 0.14375 0.025 0.02265625 0.05
0 0.31328125 0.03203125 0.02265625 0.0546875
3 0.334375 0.03046875 0.025 0.0609375
0 0.3609375 0.01875 0.025 0.0375