0 0.1953125 0.85859375 0.02109375 0.0828125
0 0.2578125 0.83828125 0.01796875 0.0765625
0 0.28984375 0.8765625 0.01875 0.075
0 0.29609375 0.74765625 0.0203125 0.0703125
0 0.259375 0.71015625 0.01484375 0.0765625
0 0.28203125 0.6875 0.0203125 0.065625
0 0.2296875 0.6640625 0.01640625 0.06875
0 0.271875 0.5046875 0.03515625 0.06875
0 0.675 0.54375 0.04296875 0.021875
0 0.75234375 0.54765625 0.03984375 0.0265625
0 0.80546875 0.54453125 0.0390625 0.0265625
0 0.80546875 0.4375 0.04140625 0.034375
0 0.58125 0.39453125 0.040625 0.0359375
0 0.45 0.28984375 0.0421875 0.0296875
0 0.72578125 0.25 0.040625 0.03125
0 0.82265625 0.27578125 0.0421875 0.0296875
0 0.86640625 0.27265625 0.0375 0.0296875
0 0.2390625 0.1296875 0.01796875 0.06875
0 0.209375 0.1 0.01953125 0.071875
0 0.24296875 0.02890625 0.01875 0.0578125
2 0.215625 0.02421875 0.02578125 0.0484375
0 0.95 0.5421875 0.034375 0.03125
0 0.73203125 0.91640625 0.0234375 0.0640625
0 0.82890625 0.8921875 0.01484375 0.05
0 0.84921875 0.88671875 0.0203125 0.0796875
0 0.8765625 0.89609375 0.0203125 0.0640625
0 0.6625 0.9734375 0.0265625 0.05