2 0.596875 0.246875 0.0203125 0.0625
2 0.60390625 0.15078125 0.02109375 0.0703125
0 0.57421875 0.50390625 0.021875 0.0640625
0 0.59609375 0.48984375 0.01953125 0.0765625
0 0.6078125 0.36328125 0.021875 0.0734375
0 0.578125 0.32109375 0.02109375 0.0703125
0 0.5640625 0.44375 0.02109375 0.06875
0 0.8578125 0.83515625 0.04140625 0.0390625
0 0.72421875 0.7921875 0.04375 0.040625
0 0.37421875 0.85703125 0.046875 0.0390625
0 0.50625 0.79296875 0.040625 0.0390625
0 0.49453125 0.72734375 0.0390625 0.0390625
0 0.09453125 0.82578125 0.046875 0.0359375
0 0.14453125 0.771875 0.04296875 0.034375
0 0.1703125 0.546875 0.0421875 0.034375
0 0.09296875 0.52109375 0.0421875 0.0359375
0 0.259375 0.08515625 0.03515625 0.0640625
0 0.278125 0.05625 0.028125 0.05625
0 0.31640625 0.0171875 0.03359375 0.034375
0 0.0265625 0.16015625 0.025 0.0703125
0 0.05078125 0.1609375 0.0203125 0.053125
0 0.1421875 0.16171875 0.0234375 0.0578125
0 0.21484375 0.1234375 0.02578125 0.053125
3 0.2390625 0.109375 0.02578125 0.0625
3 0.0953125 0.16640625 0.02109375 0.0671875
0 0.0109375 0.7765625 0.02109375 0.0375
0 0.0171875 0.665625 0.034375 0.03125
0 0.0390625 0.5109375 0.0375 0.034375