3 0.43515625 0.82734375 0.02734375 0.0609375
0 0.41484375 0.74375 0.02734375 0.059375
0 0.39765625 0.67890625 0.0328125 0.0703125
0 0.3734375 0.575 0.0296875 0.071875
0 0.34921875 0.48984375 0.0265625 0.0578125
0 0.49453125 0.4671875 0.02734375 0.06875
0 0.503125 0.371875 0.025 0.065625
0 0.47890625 0.37890625 0.0234375 0.0609375
0 0.46015625 0.309375 0.02578125 0.059375
0 0.515625 0.27109375 0.03515625 0.0390625
0 0.5234375 0.23828125 0.03203125 0.0421875
0 0.52578125 0.20625 0.03671875 0.0375
0 0.53046875 0.1671875 0.03671875 0.0375
0 0.38828125 0.06484375 0.02734375 0.0703125
0 0.27265625 0.20546875 0.0265625 0.0703125
0 0.2515625 0.1296875 0.0265625 0.065625
0 0.23359375 0.0515625 0.028125 0.06875
0 0.9734375 0.7140625 0.015625 0.071875