2 0.7171875 0.26015625 0.02578125 0.0609375
2 0.73359375 0.16953125 0.02578125 0.0703125
0 0.66796875 0.50859375 0.0234375 0.0703125
0 0.69296875 0.5 0.0234375 0.078125
0 0.66328125 0.44375 0.0265625 0.06875
0 0.715625 0.378125 0.0265625 0.06875
0 0.69140625 0.328125 0.0265625 0.071875
0 0.8125 0.15859375 0.02578125 0.0734375
0 0.728125 0.80390625 0.04140625 0.0453125
0 0.9375 0.93046875 0.046875 0.0515625
0 0.4375 0.79140625 0.04375 0.0515625
0 0.4203125 0.671875 0.0421875 0.046875
0 0.16875 0.67421875 0.04375 0.0484375
0 0.08125 0.5953125 0.04296875 0.046875
0 0.14921875 0.5921875 0.04296875 0.046875
0 0.27109375 0.425 0.0421875 0.04375
0 0.196875 0.37578125 0.03671875 0.0390625
0 0.14609375 0.34921875 0.040625 0.0390625
0 0.0390625 0.5734375 0.040625 0.046875
0 0.35625 0.02421875 0.02109375 0.0484375
0 0.28125 0.03515625 0.01640625 0.0484375
3 0.23671875 0.021875 0.015625 0.040625
3 0.38046875 0.0265625 0.0265625 0.053125
0 0.40703125 0.015625 0.0234375 0.03125
0 0.0125 0.271875 0.025 0.0375