0 0.23359375 0.93828125 0.02109375 0.0765625
0 0.2609375 0.96328125 0.02109375 0.0703125
0 0.271875 0.85625 0.01953125 0.06875
0 0.27578125 0.76484375 0.01796875 0.0609375
0 0.290625 0.67265625 0.01796875 0.0609375
0 0.2328125 0.71484375 0.01875 0.0640625
2 0.246875 0.8421875 0.0234375 0.078125
0 0.25546875 0.51875 0.01640625 0.053125
0 0.26171875 0.4625 0.015625 0.05
3 0.27421875 0.40625 0.01953125 0.05625
3 0.28046875 0.2796875 0.01484375 0.040625
0 0.2859375 0.23359375 0.0125 0.0390625
0 0.2921875 0.19609375 0.01328125 0.0390625
0 0.30390625 0.1 0.01328125 0.03125
3 0.79921875 0.49453125 0.01953125 0.0421875
0 0.78828125 0.3921875 0.01875 0.046875
3 0.6765625 0.396875 0.03515625 0.040625