0 0.46328125 0.9203125 0.0234375 0.065625
0 0.5109375 0.7921875 0.02109375 0.065625
0 0.5546875 0.70078125 0.0203125 0.0546875
0 0.5703125 0.96953125 0.021875 0.0578125
0 0.696875 0.5515625 0.03359375 0.03125
0 0.7453125 0.571875 0.03203125 0.028125
0 0.790625 0.64765625 0.0328125 0.0359375
0 0.8515625 0.58203125 0.0359375 0.0359375
0 0.80625 0.56328125 0.034375 0.0359375
0 0.75234375 0.54140625 0.034375 0.0328125
0 0.69765625 0.521875 0.03203125 0.03125
0 0.61328125 0.43203125 0.01328125 0.0390625
0 0.59453125 0.4 0.015625 0.04375
0 0.57890625 0.3640625 0.015625 0.040625
0 0.625 0.2171875 0.0125 0.034375
0 0.63828125 0.13984375 0.015625 0.0359375
0 0.60859375 0.0890625 0.0140625 0.034375
0 0.41953125 0.4140625 0.0296875 0.025
0 0.3515625 0.4484375 0.02890625 0.03125
0 0.22890625 0.39765625 0.03046875 0.0328125
0 0.3015625 0.3796875 0.02890625 0.028125
0 0.271875 0.3203125 0.0296875 0.03125
0 0.22109375 0.30078125 0.028125 0.0296875
0 0.18359375 0.28828125 0.0296875 0.0296875
0 0.10859375 0.35390625 0.03046875 0.0296875
0 0.11484375 0.428125 0.0328125 0.03125
0 0.0203125 0.31640625 0.0328125 0.0296875
0 0.08671875 0.25546875 0.02890625 0.0265625
0 0.0546875 0.2390625 0.028125 0.025
0 0.02421875 0.22890625 0.02734375 0.0265625
0 0.22734375 0.0359375 0.01875 0.0375
0 0.2515625 0.04375 0.015625 0.0375
2 0.5359375 0.53125 0.015625 0.046875
2 0.546875 0.43671875 0.01796875 0.0515625
2 0.63359375 0.28671875 0.01640625 0.0421875
3 0.3078125 0.45390625 0.028125 0.0296875
0 0.0046875 0.22109375 0.00859375 0.0234375
3 0.18125 0.75 0.02109375 0.04375
0 0.74140625 0.84375 0.028125 0.04375