3 0.2828125 0.528125 0.03046875 0.028125
2 0.54609375 0.5625 0.015625 0.046875
2 0.55546875 0.47421875 0.01640625 0.0484375
2 0.62421875 0.43359375 0.015625 0.0453125
0 0.47890625 0.93125 0.021875 0.059375
0 0.5234375 0.80234375 0.021875 0.0609375
0 0.54453125 0.8703125 0.02109375 0.065625
0 0.8546875 0.671875 0.03359375 0.034375
0 0.80859375 0.65234375 0.03515625 0.0359375
0 0.7546875 0.6296875 0.03203125 0.034375
0 0.74765625 0.66015625 0.03203125 0.0296875
0 0.6984375 0.6390625 0.034375 0.03125
0 0.69765625 0.60859375 0.03203125 0.0296875
0 0.60625 0.57578125 0.015625 0.0421875
0 0.584375 0.55234375 0.01640625 0.0453125
0 0.590625 0.3765625 0.01640625 0.04375
0 0.61484375 0.35703125 0.01328125 0.0359375
0 0.628125 0.275 0.0140625 0.034375
0 0.61484375 0.1453125 0.0125 0.028125
0 0.684375 0.05546875 0.0125 0.0265625
0 0.45859375 0.50859375 0.03046875 0.0265625
0 0.33203125 0.5265625 0.02890625 0.03125
0 0.3453125 0.4796875 0.0296875 0.025
0 0.27265625 0.4078125 0.028125 0.03125
0 0.221875 0.3875 0.0296875 0.028125
0 0.18671875 0.37421875 0.028125 0.0296875
0 0.21015625 0.4765625 0.03359375 0.034375
0 0.11640625 0.515625 0.03203125 0.028125
0 0.08125 0.42890625 0.02890625 0.0296875
0 0.09140625 0.3390625 0.02734375 0.028125
0 0.05859375 0.328125 0.028125 0.025
0 0.02890625 0.31640625 0.0265625 0.0265625
0 0.2328125 0.1265625 0.01640625 0.03125
0 0.25625 0.1328125 0.015625 0.034375
0 0.4609375 0.06875 0.0203125 0.01875
0 0.47265625 0.0453125 0.021875 0.01875
0 0.2859375 0.02734375 0.01328125 0.0296875
0 0.275 0.02265625 0.01328125 0.0265625
0 0.40625 0.03203125 0.01328125 0.0265625
3 0.1765625 0.8421875 0.0234375 0.04375
0 0.74375 0.9359375 0.0296875 0.059375