3 0.5671875 0.85078125 0.03359375 0.0484375
3 0.68515625 0.94453125 0.04375 0.0609375
0 0.52578125 0.80546875 0.03203125 0.0453125
0 0.4921875 0.7671875 0.0359375 0.053125
0 0.43828125 0.70546875 0.0390625 0.0546875
0 0.390625 0.66015625 0.03359375 0.0453125
0 0.50234375 0.49296875 0.03671875 0.0515625
0 0.4609375 0.43671875 0.034375 0.0484375
0 0.48046875 0.40859375 0.0359375 0.0515625
0 0.42578125 0.4015625 0.0328125 0.04375
0 0.46015625 0.3109375 0.03984375 0.046875
0 0.45546875 0.2765625 0.0328125 0.0375
0 0.4484375 0.24609375 0.0375 0.0421875
0 0.440625 0.2125 0.03359375 0.040625
0 0.284375 0.44140625 0.0390625 0.0515625
0 0.23671875 0.50546875 0.03671875 0.0546875
0 0.19453125 0.4625 0.0359375 0.053125
0 0.1546875 0.41796875 0.040625 0.0546875
0 0.09296875 0.35625 0.03984375 0.046875
0 0.05546875 0.31875 0.0375 0.053125