2 0.2765625 0.96796875 0.0203125 0.0609375
0 0.19140625 0.9671875 0.01953125 0.0625
0 0.25703125 0.83828125 0.01640625 0.0734375
0 0.290625 0.87421875 0.01953125 0.0765625
0 0.22734375 0.76640625 0.01640625 0.0734375
0 0.25859375 0.7078125 0.015625 0.071875
0 0.2796875 0.68828125 0.015625 0.0703125
0 0.2953125 0.74453125 0.01875 0.0671875
0 0.24921875 0.5703125 0.03046875 0.075
0 0.6734375 0.54296875 0.0421875 0.0265625
0 0.75234375 0.5453125 0.0390625 0.021875
0 0.803125 0.54609375 0.040625 0.0328125
0 0.509375 0.3984375 0.0390625 0.028125
0 0.95390625 0.54296875 0.040625 0.0234375
0 0.89453125 0.43828125 0.04140625 0.0328125
0 0.8671875 0.27734375 0.040625 0.0296875
0 0.821875 0.27734375 0.04140625 0.0296875
0 0.7234375 0.25 0.04296875 0.034375
0 0.44921875 0.2921875 0.04140625 0.034375
0 0.2390625 0.12890625 0.01796875 0.0703125
0 0.24453125 0.02890625 0.01953125 0.0578125
0 0.2109375 0.09921875 0.01875 0.0703125
2 0.21328125 0.021875 0.0203125 0.04375
0 0.875 0.89765625 0.01875 0.0703125
0 0.8484375 0.8875 0.01875 0.078125
0 0.825 0.8984375 0.015625 0.053125
3 0.7796875 0.903125 0.021875 0.05625
0 0.73203125 0.91796875 0.025 0.0546875
3 0.6390625 0.98203125 0.0328125 0.0328125
0 0.66171875 0.9765625 0.02578125 0.04375