0 0.85078125 0.8265625 0.03984375 0.0375
0 0.7546875 0.89296875 0.0421875 0.0390625
0 0.12265625 0.80546875 0.04296875 0.0515625
0 0.28359375 0.86015625 0.046875 0.0421875
0 0.32578125 0.77734375 0.0390625 0.0390625
0 0.30625 0.7109375 0.04375 0.0375
0 0.46953125 0.73203125 0.04140625 0.0421875
0 0.04375 0.64609375 0.04296875 0.0390625
0 0.0796875 0.54453125 0.04375 0.0390625
0 0.4890625 0.509375 0.021875 0.06875
0 0.5109375 0.49765625 0.02109375 0.0765625
0 0.4796875 0.45078125 0.02265625 0.0671875
0 0.521875 0.37109375 0.0203125 0.0734375
0 0.4921875 0.3265625 0.02109375 0.071875
2 0.5109375 0.25546875 0.01875 0.0609375
2 0.5171875 0.16015625 0.02265625 0.0703125
1 0.67734375 0.81640625 0.0625 0.0546875
0 0.16953125 0.084375 0.03046875 0.0625
3 0.00703125 0.159375 0.0140625 0.04375
0 0.0515625 0.159375 0.02109375 0.05
3 0.1484375 0.1109375 0.02734375 0.053125
0 0.1265625 0.12421875 0.01953125 0.0515625
0 0.18125 0.0578125 0.0234375 0.046875
0 0.2265625 0.01953125 0.03515625 0.0390625
0 0.01171875 0.834375 0.0234375 0.0375