0 0.48359375 0.86953125 0.01875 0.0765625
0 0.49375 0.796875 0.01796875 0.05625
0 0.465625 0.96875 0.02265625 0.059375
0 0.33125 0.91640625 0.02265625 0.0734375
0 0.4140625 0.54453125 0.02109375 0.0640625
0 0.453125 0.4890625 0.0234375 0.06875
0 0.5484375 0.41328125 0.0203125 0.0640625
0 0.5609375 0.3359375 0.02109375 0.065625
0 0.59765625 0.09375 0.0203125 0.065625
2 0.49296875 0.0796875 0.0203125 0.059375
3 0.50859375 0.7125 0.02109375 0.059375
3 0.5265625 0.49609375 0.02265625 0.0703125
0 0.28984375 0.97265625 0.01875 0.0515625
0 0.309375 0.984375 0.015625 0.028125
2 0.04375 0.14140625 0.0421875 0.0359375
0 0.06875 0.17890625 0.03203125 0.0515625
0 0.0828125 0.19296875 0.02890625 0.0546875