1 0.32265625 0.51953125 0.0625 0.0453125
0 0.48046875 0.87890625 0.021875 0.0765625
0 0.50859375 0.91953125 0.02109375 0.0734375
0 0.28359375 0.65859375 0.04140625 0.0421875
0 0.12109375 0.696875 0.0296875 0.071875
0 0.13828125 0.421875 0.04140625 0.0375
0 0.0765625 0.33828125 0.04375 0.0359375
0 0.740625 0.6953125 0.0359375 0.034375
0 0.77890625 0.646875 0.04140625 0.040625
0 0.6671875 0.5734375 0.03671875 0.0375
0 0.48515625 0.3125 0.021875 0.0625
0 0.50859375 0.29921875 0.01796875 0.0734375
0 0.475 0.253125 0.0203125 0.06875
0 0.51875 0.17421875 0.025 0.0703125
0 0.48984375 0.12890625 0.025 0.0703125
2 0.50859375 0.05703125 0.0203125 0.0609375
0 0.46875 0.971875 0.02109375 0.053125
0 0.496875 0.98359375 0.01796875 0.0296875