0 0.478125 0.18203125 0.01875 0.0734375
0 0.50703125 0.225 0.01875 0.06875
0 0.4625 0.3046875 0.02109375 0.071875
0 0.4734375 0.3640625 0.01953125 0.0625
0 0.4953125 0.34921875 0.0203125 0.0765625
0 0.98125 0.83203125 0.0359375 0.0390625
0 0.82421875 0.7171875 0.040625 0.040625
0 0.678125 0.63125 0.0390625 0.034375
0 0.62109375 0.7140625 0.0359375 0.034375
0 0.46640625 0.93125 0.0234375 0.071875
0 0.4953125 0.9671875 0.02109375 0.0625
0 0.1171875 0.71796875 0.01875 0.0703125
0 0.26796875 0.709375 0.04609375 0.040625
0 0.2109375 0.5 0.04140625 0.040625
0 0.06484375 0.39453125 0.04453125 0.0359375
0 0.021875 0.48828125 0.04296875 0.0421875
2 0.4953125 0.1078125 0.01953125 0.0625
1 0.39921875 0.59296875 0.06171875 0.0484375