0 0.3859375 0.665625 0.025 0.059375
0 0.37265625 0.59921875 0.0265625 0.0640625
0 0.35234375 0.490625 0.028125 0.075
0 0.3359375 0.4015625 0.02265625 0.0625
0 0.48046875 0.40546875 0.02265625 0.0734375
0 0.47109375 0.315625 0.01953125 0.0625
0 0.49609375 0.315625 0.02109375 0.06875
0 0.45703125 0.246875 0.0234375 0.059375
0 0.5125 0.21328125 0.03203125 0.0421875
0 0.5234375 0.18203125 0.03359375 0.0453125
0 0.52734375 0.153125 0.03359375 0.04375
0 0.53359375 0.11640625 0.03359375 0.0453125
0 0.275 0.10390625 0.02578125 0.0703125
0 0.25859375 0.02890625 0.028125 0.0578125
3 0.4 0.753125 0.02578125 0.065625
3 0.4546875 0.95625 0.0265625 0.075
0 0.40390625 0.01171875 0.02265625 0.0234375
0 0.9390625 0.74296875 0.01640625 0.0703125
2 0.96640625 0.74765625 0.03515625 0.0515625