0 0.48046875 0.88828125 0.02109375 0.0828125
0 0.4921875 0.79296875 0.02109375 0.0734375
0 0.51875 0.8375 0.02265625 0.075
2 0.503125 0.93671875 0.025 0.0890625
0 0.90703125 0.61171875 0.0390625 0.0359375
0 0.80546875 0.54296875 0.040625 0.0421875
0 0.66015625 0.5328125 0.0421875 0.0375
0 0.6609375 0.48984375 0.0375 0.0390625
0 0.29296875 0.56875 0.046875 0.034375
0 0.10546875 0.26171875 0.040625 0.0390625
0 0.03125 0.2375 0.0375 0.0375
0 0.51640625 0.25546875 0.01953125 0.0703125
0 0.49609375 0.24296875 0.0203125 0.0578125
0 0.48671875 0.18984375 0.01953125 0.0640625
0 0.528125 0.121875 0.021875 0.06875
0 0.50234375 0.07265625 0.0203125 0.0703125
2 0.51875 0.01875 0.0203125 0.0375