0 0.64375 0.9671875 0.04140625 0.046875
0 0.5765625 0.92578125 0.0375 0.0421875
0 0.54921875 0.97734375 0.04453125 0.0421875
0 0.54140625 0.9390625 0.03515625 0.04375
0 0.434375 0.78046875 0.02109375 0.0734375
0 0.37265625 0.5390625 0.02265625 0.071875
0 0.859375 0.54375 0.0375 0.0625
0 0.8828125 0.5734375 0.03046875 0.059375
0 0.8203125 0.43984375 0.0359375 0.0484375
0 0.91171875 0.08515625 0.04296875 0.0421875
0 0.9703125 0.1296875 0.04375 0.05
0 0.92421875 0.01875 0.040625 0.0375
0 0.8046875 0.02578125 0.04609375 0.0453125
0 0.5703125 0.225 0.021875 0.071875
0 0.5953125 0.09140625 0.02109375 0.0734375
0 0.42890625 0.053125 0.02578125 0.078125
0 0.22890625 0.85859375 0.0421875 0.0453125
0 0.203125 0.903125 0.040625 0.046875
0 0.1703125 0.825 0.0421875 0.040625
0 0.11484375 0.8015625 0.0375 0.040625
0 0.06796875 0.875 0.040625 0.04375
0 0.0578125 0.76171875 0.04609375 0.0421875
2 0.153125 0.86875 0.05078125 0.05
0 0.984375 0.0234375 0.02890625 0.0375
0 0.95703125 0.2375 0.03671875 0.040625
0 0.79140625 0.23046875 0.03046875 0.0296875
0 0.79921875 0.31796875 0.02109375 0.0234375
0 0.80859375 0.35859375 0.02109375 0.0296875
3 0.8046875 0.40703125 0.0375 0.0515625
0 0.8328125 0.47578125 0.03203125 0.0515625
0 0.80859375 0.065625 0.02578125 0.034375