2 0.5125 0.90625 0.02109375 0.08125
2 0.5234375 0.06328125 0.015625 0.0546875
0 0.48046875 0.959375 0.0203125 0.06875
0 0.49296875 0.82265625 0.0203125 0.0765625
0 0.52890625 0.79921875 0.02109375 0.0703125
0 0.5109375 0.64609375 0.02109375 0.0671875
0 0.846875 0.54921875 0.0375 0.0359375
0 0.7203125 0.55078125 0.03515625 0.0296875
0 0.7265625 0.5078125 0.0375 0.0375
0 0.66171875 0.49140625 0.0359375 0.0328125
0 0.6625 0.53046875 0.0390625 0.0328125
0 0.5109375 0.37421875 0.0203125 0.0640625
0 0.50234375 0.2765625 0.01953125 0.053125
0 0.49453125 0.221875 0.01953125 0.05625
0 0.53046875 0.178125 0.02109375 0.059375
0 0.50625 0.1390625 0.01875 0.059375
0 0.1359375 0.28046875 0.0375 0.0328125
0 0.06796875 0.25859375 0.03671875 0.0296875
0 0.01953125 0.24921875 0.03671875 0.0328125