2 0.53671875 0.0265625 0.01875 0.053125
0 0.51796875 0.09296875 0.02109375 0.0734375
0 0.5484375 0.13515625 0.021875 0.0703125
0 0.503125 0.215625 0.02265625 0.06875
0 0.51328125 0.2765625 0.021875 0.065625
0 0.53671875 0.26015625 0.01953125 0.0765625
0 0.8734375 0.68984375 0.0359375 0.0359375
0 0.76015625 0.5953125 0.040625 0.0375
0 0.684375 0.53359375 0.0375 0.0359375
0 0.49765625 0.9453125 0.01953125 0.075
0 0.53671875 0.878125 0.02109375 0.075
0 0.50859375 0.83828125 0.0234375 0.0703125
0 0.31328125 0.61875 0.0421875 0.04375
0 0.08203125 0.36015625 0.04140625 0.0390625
0 0.10625 0.30078125 0.040625 0.0390625
0 0.025 0.57890625 0.040625 0.0359375
0 0.028125 0.27421875 0.0390625 0.0359375
1 0.26171875 0.45703125 0.06328125 0.0453125
2 0.5234375 0.96171875 0.025 0.0734375
0 0.1328125 0.68828125 0.03359375 0.0640625