0 0.49609375 0.853125 0.01875 0.065625
0 0.5109375 0.97421875 0.02265625 0.0484375
0 0.53984375 0.76015625 0.021875 0.0640625
0 0.50859375 0.71796875 0.02109375 0.0671875
0 0.48515625 0.6671875 0.0203125 0.06875
0 0.9 0.628125 0.0375 0.04375
0 0.778125 0.57890625 0.0375 0.0359375
0 0.71015625 0.59765625 0.0359375 0.0296875
0 0.71796875 0.55859375 0.0359375 0.0328125
0 0.65546875 0.54140625 0.0359375 0.0328125
0 0.65625 0.57890625 0.0375 0.0328125
0 0.53515625 0.4875 0.01875 0.05625
0 0.4953125 0.41328125 0.01875 0.0484375
0 0.490625 0.3515625 0.01796875 0.05
0 0.52578125 0.31796875 0.01953125 0.0515625
0 0.50625 0.2578125 0.015625 0.053125
0 0.02578125 0.43828125 0.0359375 0.0328125
0 0.0625 0.3328125 0.03359375 0.034375
0 0.10625 0.34296875 0.034375 0.0328125
0 0.16875 0.35859375 0.0359375 0.0359375
2 0.52265625 0.86328125 0.02109375 0.0765625
2 0.5234375 0.190625 0.015625 0.046875
2 0.52890625 0.13203125 0.01640625 0.0546875
0 0.3140625 0.0203125 0.02734375 0.028125
0 0.715625 0.92421875 0.01875 0.0484375