2 0.60625 0.3796875 0.01640625 0.05
2 0.559375 0.29453125 0.0140625 0.0453125
2 0.56875 0.209375 0.01640625 0.046875
0 0.565625 0.88046875 0.01875 0.0640625
0 0.51875 0.83203125 0.02265625 0.0640625
0 0.50234375 0.6 0.0203125 0.05
0 0.53984375 0.49296875 0.02109375 0.0546875
0 0.56015625 0.51875 0.01953125 0.053125
0 0.58671875 0.515625 0.01640625 0.046875
0 0.7 0.52578125 0.03359375 0.0296875
0 0.69453125 0.46640625 0.03359375 0.0328125
0 0.69453125 0.4359375 0.03046875 0.028125
0 0.75 0.4578125 0.03203125 0.03125
0 0.74296875 0.4875 0.03203125 0.03125
0 0.80390625 0.48046875 0.03515625 0.0359375
0 0.8484375 0.49921875 0.03515625 0.0359375
0 0.73515625 0.759375 0.0265625 0.04375
0 0.51484375 0.31953125 0.028125 0.0359375
0 0.41796875 0.32578125 0.03046875 0.0234375
0 0.2875 0.334375 0.0296875 0.03125
0 0.26796875 0.228125 0.02734375 0.03125
0 0.21328125 0.20703125 0.03046875 0.0328125
0 0.17734375 0.1953125 0.02734375 0.028125
0 0.08046875 0.15703125 0.02890625 0.0265625
0 0.04609375 0.14140625 0.025 0.0265625
0 0.01484375 0.13125 0.0265625 0.025
0 0.1578125 0.28046875 0.03359375 0.0359375
0 0.1109375 0.33828125 0.0328125 0.0296875
0 0.6 0.2859375 0.0140625 0.0375
0 0.6109375 0.2 0.0140625 0.040625
0 0.615625 0.05703125 0.0140625 0.0390625
3 0.228125 0.3296875 0.028125 0.034375
0 0.009375 0.22109375 0.01875 0.0265625
3 0.18046875 0.66015625 0.025 0.0515625
0 0.02265625 0.96015625 0.04453125 0.0546875
2 0.01328125 0.9265625 0.0265625 0.028125