0 0.53203125 0.90859375 0.021875 0.0671875
0 0.4921875 0.8109375 0.0203125 0.05625
0 0.53359375 0.69140625 0.01953125 0.0578125
0 0.57421875 0.58125 0.01640625 0.046875
0 0.5984375 0.59453125 0.015625 0.0453125
0 0.69765625 0.59921875 0.034375 0.0328125
0 0.74609375 0.62109375 0.03359375 0.0296875
0 0.69765625 0.56875 0.03046875 0.03125
0 0.753125 0.5890625 0.0328125 0.03125
0 0.80546875 0.61328125 0.03515625 0.0359375
0 0.85234375 0.63125 0.03671875 0.0375
0 0.60703125 0.36640625 0.01328125 0.0390625
0 0.61953125 0.2828125 0.0140625 0.040625
0 0.6015625 0.26015625 0.0140625 0.0421875
0 0.6234375 0.06484375 0.0140625 0.0328125
0 0.67265625 0.053125 0.01328125 0.03125
2 0.5515625 0.4734375 0.01484375 0.046875
2 0.5625 0.384375 0.01796875 0.05
2 0.61484375 0.453125 0.01875 0.05
0 0.490625 0.46328125 0.02890625 0.0296875
0 0.38515625 0.45 0.02890625 0.025
0 0.3109375 0.47578125 0.02890625 0.0296875
0 0.27265625 0.3625 0.03203125 0.03125
0 0.22109375 0.3453125 0.02890625 0.028125
0 0.18515625 0.32890625 0.02890625 0.0296875
0 0.0890625 0.29453125 0.02734375 0.0296875
0 0.0578125 0.2796875 0.02734375 0.025
0 0.0265625 0.27109375 0.028125 0.0234375
0 0.04609375 0.371875 0.03046875 0.028125
0 0.1875 0.425 0.03359375 0.034375
0 0.11484375 0.47421875 0.03359375 0.0328125
0 0.23046875 0.07421875 0.015625 0.0359375
0 0.25390625 0.0828125 0.01640625 0.034375
0 0.46171875 0.01875 0.02109375 0.021875
3 0.25703125 0.4765625 0.02890625 0.03125
0 0.240625 0.0328125 0.01640625 0.03125
0 0.27421875 0.040625 0.01640625 0.028125
0 0.41953125 0.09921875 0.01796875 0.0296875
3 0.17734375 0.803125 0.02265625 0.046875
0 0.74375 0.90078125 0.02734375 0.0484375