0 0.5125 0.93046875 0.0203125 0.0765625
0 0.55 0.8640625 0.021875 0.075
0 0.5234375 0.825 0.01953125 0.071875
0 0.696875 0.5171875 0.0390625 0.034375
0 0.7390625 0.57265625 0.0421875 0.0390625
0 0.52734375 0.2609375 0.02109375 0.0625
0 0.5515625 0.246875 0.02109375 0.075
0 0.51875 0.2 0.02109375 0.06875
0 0.56171875 0.12109375 0.02109375 0.0703125
0 0.53203125 0.078125 0.02265625 0.071875
0 0.12265625 0.2859375 0.04140625 0.0375
0 0.04453125 0.26015625 0.0421875 0.0359375
0 0.015625 0.3234375 0.03125 0.040625
1 0.18515625 0.41796875 0.0640625 0.0453125
2 0.53671875 0.95625 0.02734375 0.084375
0 0.03828125 0.56484375 0.0359375 0.0421875
0 0.328125 0.6046875 0.040625 0.034375
0 0.11953125 0.71328125 0.0421875 0.0609375
0 0.98671875 0.7109375 0.02578125 0.0375
2 0.55 0.0171875 0.0203125 0.034375