0 0.515625 0.94765625 0.0203125 0.0671875
0 0.47578125 0.78203125 0.02109375 0.0703125
0 0.50234375 0.79375 0.01796875 0.059375
0 0.54765625 0.728125 0.0234375 0.053125
0 0.51640625 0.6671875 0.01875 0.059375
0 0.87109375 0.62109375 0.03671875 0.0421875
0 0.7703125 0.5859375 0.034375 0.03125
0 0.7140625 0.56953125 0.03671875 0.0359375
0 0.70625 0.6046875 0.03515625 0.03125
0 0.6546875 0.58828125 0.03515625 0.0359375
0 0.653125 0.55234375 0.034375 0.0328125
0 0.49453125 0.45625 0.01640625 0.05
0 0.5421875 0.4265625 0.01640625 0.05
0 0.4875 0.39296875 0.021875 0.0484375
0 0.5234375 0.36484375 0.01640625 0.0484375
0 0.50625 0.2921875 0.015625 0.053125
0 0.3234375 0.0609375 0.02578125 0.028125
0 0.0125 0.53515625 0.025 0.0390625
0 0.0671875 0.459375 0.03359375 0.03125
0 0.07734375 0.35234375 0.0359375 0.0296875
0 0.1203125 0.36328125 0.034375 0.0296875
0 0.1796875 0.37890625 0.03359375 0.0359375
2 0.5265625 0.8296875 0.02109375 0.075
2 0.52265625 0.22578125 0.0140625 0.0453125
2 0.528125 0.1671875 0.01484375 0.05
0 0.11328125 0.0328125 0.0203125 0.04375
0 0.1421875 0.04140625 0.01953125 0.0390625
0 0.7125 0.9234375 0.021875 0.04375