0 0.11875 0.05234375 0.03359375 0.0671875
0 0.14609375 0.11328125 0.0296875 0.0546875
0 0.19296875 0.20703125 0.0359375 0.0640625
0 0.22265625 0.275 0.03203125 0.0625
0 0.253125 0.3390625 0.0296875 0.065625
0 0.2578125 0.2015625 0.0328125 0.0625
0 0.36796875 0.57890625 0.02578125 0.0546875
0 0.40390625 0.65 0.03515625 0.0625
0 0.4421875 0.740625 0.03359375 0.065625
0 0.4671875 0.79765625 0.028125 0.0515625
0 0.34453125 0.153125 0.03359375 0.0625
0 0.45 0.35625 0.03046875 0.05
0 0.4765625 0.4109375 0.028125 0.05625
0 0.5046875 0.48984375 0.03203125 0.0640625
0 0.49921875 0.3984375 0.0296875 0.0625
0 0.49921875 0.29375 0.0359375 0.03125
0 0.49921875 0.2578125 0.034375 0.03125
0 0.50078125 0.22578125 0.0390625 0.0265625
0 0.4984375 0.1875 0.03515625 0.03125
3 0.49765625 0.86484375 0.028125 0.0609375