0 0.47890625 0.92734375 0.021875 0.0828125
0 0.51875 0.8765625 0.021875 0.075
0 0.490625 0.83203125 0.02265625 0.0765625
0 0.85078125 0.63203125 0.03671875 0.0359375
0 0.77109375 0.56484375 0.040625 0.0421875
0 0.66015625 0.571875 0.0421875 0.0375
0 0.66015625 0.5265625 0.03984375 0.0375
2 0.50390625 0.96328125 0.0265625 0.0703125
0 0.2921875 0.6078125 0.04609375 0.0375
0 0.10703125 0.303125 0.03984375 0.0375
0 0.03359375 0.2796875 0.0390625 0.034375
0 0.515625 0.3 0.01875 0.071875
0 0.4953125 0.28671875 0.02109375 0.0609375
0 0.52734375 0.17265625 0.02109375 0.0640625
0 0.48671875 0.23203125 0.02109375 0.0640625
0 0.5015625 0.11640625 0.02109375 0.0671875
2 0.51796875 0.053125 0.0203125 0.059375