0 0.06796875 0.25078125 0.04296875 0.0453125
0 0.21015625 0.32890625 0.0421875 0.0484375
0 0.259375 0.35703125 0.04140625 0.0390625
0 0.33359375 0.40390625 0.04375 0.0421875
0 0.3296875 0.5609375 0.0421875 0.046875
0 0.23359375 0.65546875 0.04453125 0.0484375
0 0.14453125 0.57578125 0.04296875 0.0453125
0 0.12734375 0.52109375 0.04453125 0.0484375
0 0.10234375 0.55234375 0.04140625 0.0484375
0 0.5015625 0.76875 0.04375 0.05
0 0.94921875 0.88125 0.04375 0.046875
0 0.73046875 0.48671875 0.02734375 0.0640625
0 0.75625 0.4796875 0.0265625 0.071875
0 0.72734375 0.42421875 0.0265625 0.0671875
0 0.77890625 0.359375 0.02734375 0.071875
0 0.834375 0.34296875 0.02734375 0.0703125
0 0.7546875 0.30625 0.02578125 0.06875
2 0.7796875 0.240625 0.02578125 0.0625
2 0.79609375 0.14609375 0.02890625 0.0703125
0 0.34765625 0.02109375 0.021875 0.0421875
3 0.4484375 0.01953125 0.0234375 0.0390625
0 0.02109375 0.21953125 0.03359375 0.0390625