2 0.53125 0.7390625 0.01953125 0.06875
2 0.52265625 0.21640625 0.0140625 0.0453125
2 0.52890625 0.1578125 0.0140625 0.046875
0 0.5203125 0.85546875 0.01796875 0.0640625
0 0.4625 0.85703125 0.02109375 0.0734375
0 0.51171875 0.6828125 0.01484375 0.05625
0 0.5578125 0.6578125 0.0265625 0.05
0 0.5234375 0.5671875 0.01640625 0.05625
0 0.478125 0.9734375 0.02109375 0.05
0 0.84453125 0.5703125 0.03515625 0.0375
0 0.76484375 0.546875 0.03515625 0.034375
0 0.71015625 0.5296875 0.0359375 0.03125
0 0.703125 0.5640625 0.034375 0.028125
0 0.65234375 0.54921875 0.03671875 0.0296875
0 0.65078125 0.51484375 0.034375 0.0265625
0 0.490625 0.4578125 0.015625 0.046875
0 0.48125 0.3828125 0.021875 0.04375
0 0.52109375 0.36953125 0.01484375 0.0484375
0 0.5515625 0.328125 0.01640625 0.046875
0 0.50703125 0.2828125 0.01640625 0.04375
0 0.02265625 0.49296875 0.0390625 0.0328125
0 0.1046875 0.43203125 0.03203125 0.0328125
0 0.190625 0.34921875 0.03359375 0.0296875
0 0.13203125 0.3328125 0.0328125 0.028125
0 0.09140625 0.32421875 0.03203125 0.0265625
0 0.1546875 0.03046875 0.01796875 0.0421875
0 0.12734375 0.02265625 0.01953125 0.0359375
0 0.70859375 0.8640625 0.0265625 0.046875
3 0.1125 0.84921875 0.0265625 0.0484375