2 0.5234375 0.20078125 0.0140625 0.0484375
2 0.528125 0.1421875 0.01640625 0.053125
2 0.51875 0.94453125 0.0234375 0.0828125
0 0.49140625 0.9609375 0.01875 0.065625
0 0.50390625 0.81953125 0.0203125 0.0703125
0 0.4953125 0.61328125 0.02265625 0.0640625
0 0.52578125 0.6 0.0203125 0.0625
0 0.93828125 0.69375 0.0390625 0.040625
0 0.79296875 0.621875 0.0375 0.0375
0 0.7140625 0.63984375 0.0359375 0.0296875
0 0.721875 0.59921875 0.0359375 0.0390625
0 0.659375 0.6203125 0.03671875 0.034375
0 0.65859375 0.58203125 0.034375 0.0328125
0 0.159375 0.3890625 0.03515625 0.034375
0 0.09375 0.3703125 0.03515625 0.03125
0 0.05 0.35859375 0.034375 0.0328125
0 0.5 0.41953125 0.01640625 0.0515625
0 0.49453125 0.353125 0.01796875 0.053125
0 0.52734375 0.31953125 0.01953125 0.0546875
0 0.50625 0.271875 0.01875 0.053125
0 0.30703125 0.02578125 0.02578125 0.0328125