0 0.26875 0.903125 0.01953125 0.065625
0 0.22421875 0.85 0.01796875 0.06875
0 0.28359375 0.80703125 0.021875 0.0703125
0 0.25234375 0.64609375 0.01640625 0.0578125
0 0.25859375 0.590625 0.015625 0.05625
0 0.2859375 0.3609375 0.01484375 0.040625
0 0.29296875 0.32578125 0.0140625 0.0421875
0 0.30703125 0.23046875 0.0109375 0.0328125
0 0.3234375 0.10546875 0.0109375 0.0328125
0 0.3265625 0.07578125 0.00859375 0.0265625
0 0.3328125 0.04609375 0.0109375 0.0328125
0 0.40546875 0.08828125 0.0109375 0.0296875
0 0.40859375 0.06015625 0.009375 0.0265625
3 0.2734375 0.53203125 0.01875 0.0515625
3 0.28125 0.40625 0.01328125 0.0375
3 0.7984375 0.62890625 0.01640625 0.0484375
3 0.67265625 0.52734375 0.03359375 0.0421875
0 0.7859375 0.5234375 0.01875 0.05
2 0.23515625 0.96796875 0.02578125 0.0609375
0 0.95390625 0.08203125 0.01640625 0.0390625