0 0.51328125 0.88515625 0.01875 0.0640625
0 0.5328125 0.921875 0.01953125 0.06875
0 0.5609375 0.9640625 0.01953125 0.06875
0 0.52109375 0.77109375 0.021875 0.0734375
0 0.5328125 0.671875 0.02109375 0.071875
0 0.559375 0.715625 0.01953125 0.071875
2 0.54453125 0.8078125 0.0234375 0.084375
0 0.70234375 0.4171875 0.04296875 0.0375
0 0.70390625 0.37421875 0.0390625 0.0328125
0 0.98359375 0.4984375 0.03203125 0.04375
0 0.334375 0.45390625 0.04609375 0.0421875
0 0.1359375 0.14375 0.040625 0.040625
0 0.0578125 0.11953125 0.0421875 0.0390625
0 0.5359375 0.1171875 0.02109375 0.0625
0 0.55859375 0.10703125 0.0203125 0.0734375
0 0.52734375 0.05859375 0.01953125 0.0671875
0 0.0140625 0.10546875 0.028125 0.0265625
0 0.4984375 0.97734375 0.021875 0.0421875