0 0.38515625 0.94140625 0.0359375 0.0703125
0 0.43203125 0.85859375 0.03203125 0.0640625
0 0.46015625 0.8046875 0.02890625 0.05625
0 0.39140625 0.71171875 0.03515625 0.0640625
0 0.37109375 0.67421875 0.03203125 0.0578125
0 0.28515625 0.775 0.03359375 0.059375
0 0.2421875 0.83515625 0.03359375 0.0546875
0 0.2125 0.89140625 0.02578125 0.0609375
0 0.15078125 0.81015625 0.01640625 0.0640625
0 0.13203125 0.81484375 0.01484375 0.0703125
0 0.1109375 0.821875 0.01796875 0.065625
0 0.6078125 0.50859375 0.0328125 0.0609375
0 0.63984375 0.45390625 0.03046875 0.0546875
0 0.58828125 0.334375 0.03203125 0.065625
0 0.734375 0.26328125 0.0296875 0.0578125
2 0.63515625 0.165625 0.03359375 0.0625
2 0.5515625 0.3546875 0.02734375 0.05625
3 0.49453125 0.74375 0.03203125 0.05625
3 0.5671875 0.56953125 0.034375 0.0703125
0 0.171875 0.8125 0.01796875 0.05625