0 0.484375 0.91796875 0.01953125 0.0796875
0 0.4984375 0.78671875 0.021875 0.0734375
0 0.52109375 0.87421875 0.0203125 0.0734375
0 0.93984375 0.63515625 0.0390625 0.0421875
0 0.728125 0.59453125 0.0375 0.0328125
0 0.72890625 0.5484375 0.0375 0.0375
0 0.6625 0.571875 0.040625 0.0375
0 0.66171875 0.5296875 0.03515625 0.03125
0 0.04765625 0.2875 0.03671875 0.034375
0 0.1203125 0.309375 0.03984375 0.0375
0 0.5171875 0.321875 0.01796875 0.06875
0 0.49921875 0.29609375 0.02109375 0.0578125
0 0.48984375 0.2453125 0.01953125 0.059375
0 0.528125 0.19609375 0.01875 0.0609375
0 0.50234375 0.146875 0.0203125 0.0625
2 0.5203125 0.078125 0.01640625 0.05625
2 0.5078125 0.96328125 0.025 0.0703125
0 0.2984375 0.60390625 0.04765625 0.0359375
0 0.009375 0.2765625 0.01875 0.034375
2 0.52578125 0.0171875 0.015625 0.034375