2 0.975 0.615625 0.0421875 0.05
0 0.09140625 0.95390625 0.04140625 0.0546875
0 0.375 0.61171875 0.0390625 0.0484375
0 0.25 0.33671875 0.0328125 0.0421875
0 0.2671875 0.42265625 0.0359375 0.0453125
0 0.30703125 0.3546875 0.03359375 0.040625
0 0.3125 0.38984375 0.0375 0.0421875
0 0.3203125 0.41953125 0.02890625 0.0421875
0 0.48671875 0.11484375 0.021875 0.0515625
0 0.51328125 0.08984375 0.0203125 0.0515625
0 0.66953125 0.5046875 0.03671875 0.040625
0 0.61328125 0.93984375 0.03984375 0.0515625
0 0.859375 0.42890625 0.034375 0.0390625
0 0.91875 0.66015625 0.0375 0.0453125
0 0.978125 0.46875 0.0359375 0.04375