4 0.59375 0.41484375 0.10078125 0.0609375
2 0.60390625 0.46640625 0.053125 0.0421875
3 0.7078125 0.4390625 0.053125 0.040625
3 0.3328125 0.67578125 0.01875 0.0671875
3 0.2140625 0.01953125 0.0390625 0.0390625
0 0.2953125 0.040625 0.0203125 0.065625
0 0.26953125 0.07578125 0.021875 0.0734375
0 0.25234375 0.21875 0.01953125 0.071875
0 0.303125 0.2328125 0.0203125 0.071875
0 0.34140625 0.28671875 0.0203125 0.0703125
0 0.31875 0.32734375 0.02109375 0.0640625
0 0.396875 0.6359375 0.01640625 0.06875
0 0.4140625 0.8671875 0.01875 0.071875
0 0.4203125 0.9671875 0.01953125 0.0625
0 0.38046875 0.8140625 0.01875 0.06875
0 0.19140625 0.65546875 0.040625 0.0328125
0 0.17890625 0.61328125 0.0421875 0.0359375
0 0.0328125 0.69296875 0.04453125 0.0390625
0 0.03984375 0.75078125 0.0421875 0.0359375
0 0.5140625 0.43203125 0.03984375 0.0390625
0 0.5234375 0.47734375 0.04140625 0.0328125