3 0.33515625 0.78828125 0.03203125 0.0265625
3 0.459375 0.76875 0.04375 0.03125
0 0.134375 0.77578125 0.0328125 0.0234375
0 0.18515625 0.7765625 0.04296875 0.028125
0 0.24765625 0.7828125 0.0390625 0.03125
0 0.28828125 0.78515625 0.03046875 0.0296875
0 0.34375 0.696875 0.0390625 0.028125
0 0.509375 0.78046875 0.03515625 0.0296875
0 0.55390625 0.7859375 0.0359375 0.03125
0 0.625 0.684375 0.03984375 0.034375
0 0.70078125 0.784375 0.0375 0.034375
3 0.98828125 0.38203125 0.015625 0.0640625
0 0.18671875 0.53515625 0.03984375 0.0328125
0 0.1375 0.51953125 0.03359375 0.0265625
0 0.09453125 0.52109375 0.0328125 0.0328125
0 0.07109375 0.37421875 0.02890625 0.0515625
0 0.084375 0.39375 0.0265625 0.05
0 0.0546875 0.34765625 0.02734375 0.0484375