2 0.24375 0.5671875 0.03203125 0.03125
0 0.0578125 0.625 0.0390625 0.028125
0 0.190625 0.53359375 0.0390625 0.0296875
0 0.17578125 0.61953125 0.040625 0.0328125
0 0.05078125 0.94296875 0.046875 0.0296875
0 0.11171875 0.93671875 0.0390625 0.0328125
0 0.20234375 0.92734375 0.04609375 0.0265625
0 0.39609375 0.91953125 0.0390625 0.0296875
0 0.4390625 0.915625 0.04140625 0.03125
0 0.49453125 0.91328125 0.040625 0.0328125
0 0.54140625 0.91171875 0.04375 0.0296875
0 0.6515625 0.91015625 0.0421875 0.0328125
0 0.5 0.5765625 0.0359375 0.05
0 0.47578125 0.4671875 0.0390625 0.028125
0 0.40546875 0.23046875 0.03671875 0.0265625
0 0.45625 0.25703125 0.0296875 0.0296875
0 0.45546875 0.225 0.0359375 0.03125
0 0.45546875 0.18671875 0.0328125 0.0234375
0 0.96015625 0.84140625 0.04296875 0.0421875
2 0.25390625 0.92265625 0.0421875 0.0328125
0 0.403125 0.140625 0.0328125 0.028125
0 0.6703125 0.04375 0.015625 0.059375
0 0.703125 0.0328125 0.0203125 0.05625