0 0.18359375 0.9546875 0.040625 0.046875
0 0.228125 0.93359375 0.0390625 0.0484375
0 0.36640625 0.85390625 0.04140625 0.0453125
0 0.396875 0.76953125 0.0390625 0.0453125
0 0.47421875 0.67890625 0.0375 0.0453125
0 0.56640625 0.20859375 0.025 0.0734375
0 0.584375 0.31171875 0.021875 0.0671875
0 0.51484375 0.253125 0.0234375 0.078125
3 0.425 0.04296875 0.03984375 0.0484375
3 0.56953125 0.35234375 0.025 0.0640625
3 0.13359375 0.96796875 0.046875 0.0484375
0 0.03671875 0.97734375 0.0421875 0.0421875
0 0.6703125 0.915625 0.02109375 0.06875
0 0.7203125 0.90234375 0.02265625 0.0671875
0 0.753125 0.909375 0.02265625 0.075
0 0.7296875 0.78828125 0.02265625 0.0734375
0 0.69375 0.74765625 0.0265625 0.0734375
0 0.79453125 0.3875 0.040625 0.04375
0 0.834375 0.41328125 0.0390625 0.0390625
4 0.94921875 0.29921875 0.09921875 0.0890625
0 0.76875 0.98359375 0.01953125 0.0296875