2 0.35546875 0.17421875 0.0265625 0.0453125
0 0.16015625 0.1625 0.03359375 0.046875
0 0.3046875 0.2015625 0.028125 0.046875
0 0.33125 0.18828125 0.03046875 0.0453125
0 0.22421875 0.39296875 0.03515625 0.0609375
0 0.259375 0.4515625 0.03203125 0.053125
0 0.31484375 0.54453125 0.0296875 0.0515625
0 0.43984375 0.7671875 0.034375 0.059375
0 0.471875 0.8203125 0.034375 0.065625
0 0.509375 0.890625 0.03515625 0.065625
0 0.54140625 0.9484375 0.0359375 0.0625
0 0.6671875 0.54609375 0.0390625 0.0609375
0 0.7078125 0.28828125 0.034375 0.0546875
0 0.7375 0.365625 0.02890625 0.04375
0 0.74765625 0.33828125 0.03359375 0.0578125
0 0.76328125 0.3140625 0.03203125 0.046875
0 0.740625 0.21640625 0.03359375 0.0484375
0 0.4015625 0.30546875 0.034375 0.0578125
2 0.34765625 0.60390625 0.0328125 0.0609375
0 0.0125 0.015625 0.025 0.03125
0 0.03203125 0.0484375 0.0265625 0.04375
0 0.009375 0.32734375 0.01875 0.0453125