3 0.51484375 0.77421875 0.03203125 0.0296875
3 0.6390625 0.7546875 0.04453125 0.040625
0 0.690625 0.76875 0.0390625 0.03125
0 0.73515625 0.771875 0.0375 0.028125
0 0.88359375 0.771875 0.0375 0.03125
0 0.60703125 0.6734375 0.0390625 0.034375
0 0.46484375 0.77265625 0.0328125 0.0296875
0 0.42578125 0.77109375 0.0375 0.0265625
0 0.36171875 0.765625 0.04375 0.034375
0 0.31015625 0.765625 0.03359375 0.028125
0 0.28125 0.678125 0.040625 0.03125
0 0.13515625 0.76328125 0.0390625 0.0296875
0 0.08984375 0.7640625 0.0390625 0.028125
0 0.04140625 0.76015625 0.040625 0.0296875
0 0.11796875 0.51953125 0.03671875 0.0296875
0 0.2703125 0.509375 0.03359375 0.034375
0 0.31171875 0.509375 0.0359375 0.025
0 0.36328125 0.521875 0.0390625 0.028125
0 0.31875 0.46640625 0.03203125 0.0234375
0 0.27578125 0.3984375 0.03203125 0.0625
0 0.26171875 0.37734375 0.02890625 0.0515625
0 0.2484375 0.35703125 0.0328125 0.0578125
0 0.23203125 0.334375 0.028125 0.05625