0 0.46328125 0.96875 0.025 0.059375
0 0.38515625 0.59296875 0.02265625 0.0578125
0 0.371875 0.5234375 0.025 0.06875
0 0.35234375 0.41640625 0.02890625 0.0703125
0 0.334375 0.32890625 0.0234375 0.0578125
0 0.48046875 0.33359375 0.02265625 0.0703125
0 0.49375 0.2390625 0.02265625 0.065625
0 0.4703125 0.2421875 0.025 0.0625
0 0.45625 0.17109375 0.02734375 0.0546875
0 0.51484375 0.14140625 0.0390625 0.0484375
0 0.521875 0.11015625 0.03515625 0.0421875
0 0.5265625 0.078125 0.03671875 0.04375
0 0.5328125 0.04140625 0.03515625 0.0421875
3 0.4 0.67578125 0.0234375 0.0578125
3 0.45234375 0.88203125 0.0265625 0.0765625
2 0.965625 0.67109375 0.034375 0.0546875
2 0.91875 0.66171875 0.01875 0.0671875
0 0.9359375 0.66484375 0.01953125 0.0671875
0 0.27421875 0.0328125 0.02734375 0.065625