0 0.465625 0.80078125 0.025 0.0671875
0 0.4515625 0.721875 0.0234375 0.06875
0 0.375 0.3484375 0.02109375 0.05625
0 0.3609375 0.28203125 0.02734375 0.0703125
0 0.3421875 0.17109375 0.02734375 0.0765625
0 0.32421875 0.08203125 0.0234375 0.0609375
0 0.47109375 0.09140625 0.02734375 0.0703125
3 0.4421875 0.63046875 0.02890625 0.0765625
3 0.3875 0.43203125 0.02265625 0.0609375
0 0.46328125 0.0171875 0.0203125 0.034375
2 0.94921875 0.43828125 0.0328125 0.0546875
0 0.921875 0.43203125 0.0234375 0.0640625