2 0.82265625 0.32734375 0.05859375 0.0609375
3 0.2953125 0.11328125 0.04375 0.0515625
3 0.93046875 0.2484375 0.05546875 0.059375
4 0.76640625 0.30859375 0.1046875 0.1015625
0 0.6828125 0.4203125 0.0390625 0.04375
0 0.65859375 0.38828125 0.0390625 0.0453125
0 0.64140625 0.9015625 0.02578125 0.06875
0 0.60625 0.89140625 0.02578125 0.0671875
0 0.6078125 0.76953125 0.02578125 0.0671875
0 0.54609375 0.63671875 0.028125 0.0703125
0 0.2578125 0.91640625 0.03671875 0.0484375
0 0.346875 0.7859375 0.040625 0.046875
0 0.365625 0.72265625 0.040625 0.0484375
0 0.07890625 0.98046875 0.0421875 0.0359375
0 0.4484375 0.34765625 0.025 0.0640625
0 0.42578125 0.253125 0.02734375 0.071875
0 0.3765625 0.30234375 0.0265625 0.0703125
0 0.371875 0.0296875 0.02734375 0.059375
0 0.34140625 0.0203125 0.0234375 0.040625
3 0.46328125 0.48359375 0.02578125 0.0640625
0 0.659375 0.9765625 0.02265625 0.04375