0 0.1359375 0.45390625 0.0296875 0.0703125
0 0.04375 0.9421875 0.02265625 0.08125
0 0.27265625 0.68515625 0.04375 0.0296875
0 0.3265625 0.6875 0.03984375 0.034375
0 0.41484375 0.68984375 0.0390625 0.0296875
0 0.23359375 0.428125 0.034375 0.021875
0 0.26328125 0.3796875 0.04453125 0.040625
0 0.32421875 0.2984375 0.0375 0.03125
0 0.3796875 0.39453125 0.040625 0.0328125
0 0.4578125 0.4015625 0.0375 0.034375
0 0.53203125 0.40234375 0.0421875 0.0328125
2 0.27890625 0.33984375 0.03359375 0.0328125
0 0.6765625 0.275 0.040625 0.03125
0 0.5984375 0.7 0.0390625 0.028125
0 0.640625 0.7015625 0.0421875 0.034375
0 0.69453125 0.7078125 0.03671875 0.028125
0 0.7390625 0.71171875 0.04140625 0.0328125
0 0.83984375 0.71875 0.040625 0.03125
2 0.465625 0.69453125 0.0375 0.0359375
0 0.615625 0.02578125 0.02265625 0.0328125
0 0.65625 0.01953125 0.0375 0.0328125
0 0.659375 0.05859375 0.0328125 0.0265625