0 0.7015625 0.83515625 0.0359375 0.0546875
0 0.8328125 0.884375 0.0375 0.059375
0 0.68125 0.50625 0.02890625 0.05625
0 0.70703125 0.52265625 0.03203125 0.0609375
0 0.709375 0.44375 0.0296875 0.059375
0 0.73671875 0.38125 0.02890625 0.053125
0 0.7390625 0.29140625 0.02734375 0.0546875
0 0.809375 0.134375 0.02578125 0.053125
0 0.83203125 0.0875 0.02265625 0.046875
0 0.85390625 0.1765625 0.028125 0.053125
0 0.9421875 0.04375 0.02578125 0.046875
3 0.8609375 0.0421875 0.03046875 0.05625
2 0.478125 0.5203125 0.03046875 0.04375
0 0.55625 0.67578125 0.034375 0.0515625
0 0.40625 0.4234375 0.034375 0.05
0 0.32578125 0.3265625 0.03203125 0.046875
0 0.14453125 0.24453125 0.03046875 0.0546875
0 0.23359375 0.05859375 0.03046875 0.0484375