2 0.28984375 0.33671875 0.03046875 0.0296875
0 0.071875 0.9375 0.02265625 0.078125
0 0.29609375 0.68359375 0.0421875 0.0328125
0 0.2921875 0.58359375 0.04296875 0.0421875
0 0.2359375 0.4390625 0.03515625 0.040625
0 0.24609375 0.38046875 0.040625 0.0328125
0 0.33203125 0.29609375 0.0375 0.0328125
0 0.38515625 0.390625 0.040625 0.034375
0 0.46953125 0.39609375 0.0375 0.0296875
0 0.5328125 0.39921875 0.040625 0.0296875
0 0.35234375 0.6859375 0.03984375 0.03125
0 0.43984375 0.6875 0.0375 0.028125
0 0.621875 0.696875 0.0375 0.03125
0 0.66484375 0.69765625 0.0421875 0.0328125
0 0.71953125 0.70390625 0.040625 0.0296875
0 0.76484375 0.70625 0.04140625 0.03125
0 0.86875 0.71484375 0.03515625 0.0265625
0 0.7 0.27109375 0.03984375 0.0328125
0 0.6359375 0.02109375 0.0265625 0.0359375
0 0.68046875 0.05078125 0.03515625 0.0265625
0 0.678125 0.01484375 0.0390625 0.0296875
2 0.48984375 0.68828125 0.040625 0.0328125