0 0.0234375 0.85390625 0.034375 0.0296875
0 0.07265625 0.84921875 0.04609375 0.0359375
0 0.1375 0.84375 0.03984375 0.034375
0 0.1765625 0.84140625 0.03203125 0.0296875
0 0.39609375 0.80390625 0.0359375 0.0328125
0 0.440625 0.7984375 0.03515625 0.03125
0 0.38125 0.72734375 0.04140625 0.0328125
0 0.58515625 0.7765625 0.0375 0.03125
0 0.6109375 0.67109375 0.0375 0.0328125
0 0.928125 0.96796875 0.0203125 0.0609375
0 0.9515625 0.8671875 0.01953125 0.06875
0 0.921875 0.84453125 0.025 0.0796875
0 0.9 0.7453125 0.0296875 0.065625
0 0.8625 0.228125 0.0203125 0.071875
0 0.8671875 0.3359375 0.01953125 0.071875
3 0.846875 0.3359375 0.01953125 0.065625
3 0.34453125 0.7984375 0.04453125 0.03125
3 0.22421875 0.83671875 0.0359375 0.0296875