2 0.36796875 0.1640625 0.0265625 0.046875
0 0.18125 0.13515625 0.03203125 0.0515625
0 0.23515625 0.37890625 0.0328125 0.0546875
0 0.26875 0.43828125 0.02734375 0.0546875
0 0.3234375 0.534375 0.03046875 0.05625
0 0.4453125 0.75859375 0.03046875 0.0578125
0 0.475 0.8140625 0.0359375 0.06875
0 0.51328125 0.8875 0.03515625 0.065625
0 0.5453125 0.946875 0.03671875 0.059375
0 0.67421875 0.5484375 0.03984375 0.059375
0 0.746875 0.37421875 0.0328125 0.0484375
0 0.71875 0.29296875 0.0375 0.0546875
0 0.75859375 0.34375 0.034375 0.05625
0 0.77421875 0.31875 0.03203125 0.05
0 0.01484375 0.309375 0.0296875 0.053125
0 0.3140625 0.18671875 0.0265625 0.0453125
0 0.34375 0.178125 0.02734375 0.05
0 0.41328125 0.30078125 0.03359375 0.0546875
0 0.0484375 0.0296875 0.03046875 0.053125
2 0.3546875 0.5921875 0.0328125 0.0625
0 0.753125 0.2203125 0.0328125 0.04375