0 0.4765625 0.96484375 0.0265625 0.0671875
0 0.4625 0.8875 0.02265625 0.0625
0 0.3859375 0.51328125 0.02265625 0.0578125
0 0.371875 0.44453125 0.02578125 0.0671875
0 0.3515625 0.334375 0.02890625 0.075
0 0.33359375 0.2453125 0.02265625 0.059375
0 0.478125 0.253125 0.02578125 0.071875
0 0.49375 0.159375 0.021875 0.065625
0 0.4703125 0.1609375 0.0234375 0.065625
0 0.45546875 0.0890625 0.02734375 0.053125
0 0.51328125 0.06015625 0.03984375 0.0484375
0 0.52109375 0.02890625 0.0328125 0.0390625
3 0.39765625 0.59296875 0.021875 0.0578125
3 0.45234375 0.7984375 0.0265625 0.075
2 0.96328125 0.58984375 0.034375 0.0546875
2 0.91484375 0.5828125 0.021875 0.065625
0 0.934375 0.58515625 0.01953125 0.0671875