0 0.03828125 0.69140625 0.03046875 0.0734375
0 0.46953125 0.6453125 0.03046875 0.04375
0 0.45546875 0.68046875 0.0375 0.0484375
0 0.4390625 0.74921875 0.0359375 0.0453125
0 0.43359375 0.78515625 0.03671875 0.0484375
0 0.56484375 0.7328125 0.0375 0.040625
0 0.5984375 0.53046875 0.02734375 0.0703125
0 0.6359375 0.575 0.02109375 0.059375
0 0.76875 0.71953125 0.03515625 0.0609375
0 0.38515625 0.975 0.04609375 0.046875
0 0.509375 0.9640625 0.040625 0.053125
0 0.62578125 0.05 0.0328125 0.05
0 0.69765625 0.09453125 0.034375 0.0515625
0 0.790625 0.75625 0.0375 0.0625
0 0.82109375 0.83359375 0.03515625 0.0484375
0 0.83125 0.87265625 0.040625 0.0546875
3 0.8484375 0.9140625 0.0421875 0.053125
0 0.85234375 0.959375 0.040625 0.04375