0 0.49453125 0.90546875 0.02265625 0.0703125
0 0.45546875 0.8671875 0.0234375 0.06875
0 0.45703125 0.7125 0.0203125 0.06875
0 0.55625 0.4609375 0.0375 0.040625
0 0.540625 0.4234375 0.03671875 0.04375
0 0.05078125 0.86640625 0.04609375 0.0484375
0 0.1125 0.8921875 0.03984375 0.04375
0 0.2421875 0.75390625 0.03984375 0.0390625
0 0.23125 0.71171875 0.040625 0.0453125
0 0.38203125 0.45625 0.025 0.071875
0 0.33515625 0.36875 0.02265625 0.0625
0 0.3140625 0.2671875 0.0203125 0.071875
0 0.28125 0.08203125 0.02265625 0.0671875
0 0.25546875 0.09296875 0.0234375 0.0703125
0 0.26171875 0.29609375 0.025 0.0671875
3 0.37109375 0.63125 0.0234375 0.065625
3 0.2 0.103125 0.04375 0.053125
3 0.7546875 0.353125 0.05390625 0.053125
2 0.65234375 0.4140625 0.05703125 0.05625
4 0.6234375 0.37421875 0.103125 0.0921875
0 0.50546875 0.978125 0.01953125 0.040625