2 0.27421875 0.2453125 0.028125 0.04375
0 0.0578125 0.3171875 0.0390625 0.05
0 0.24296875 0.30859375 0.03046875 0.0421875
0 0.246875 0.265625 0.03359375 0.046875
0 0.1609375 0.50546875 0.0390625 0.0546875
0 0.2015625 0.55390625 0.034375 0.0515625
0 0.2703125 0.628125 0.034375 0.05
0 0.3328125 0.359375 0.03671875 0.05
0 0.6171875 0.50390625 0.03984375 0.0515625
0 0.4203125 0.8015625 0.0375 0.05625
0 0.45703125 0.84296875 0.0375 0.0578125
0 0.50390625 0.8984375 0.0375 0.05625
0 0.540625 0.94375 0.0390625 0.05625
0 0.62890625 0.23984375 0.03671875 0.0453125
0 0.66484375 0.30703125 0.03203125 0.0390625
0 0.6734375 0.2765625 0.03515625 0.05
0 0.68359375 0.246875 0.03203125 0.040625
0 0.6546875 0.16171875 0.0359375 0.0421875
2 0.30859375 0.67265625 0.0390625 0.0515625
0 0.93125 0.3171875 0.0296875 0.059375
0 0.96328125 0.33828125 0.0265625 0.0640625