0 0.41796875 0.6109375 0.028125 0.071875
0 0.51953125 0.67890625 0.02734375 0.0703125
0 0.5390625 0.6921875 0.0234375 0.0625
0 0.57578125 0.71953125 0.0296875 0.0703125
0 0.59453125 0.74375 0.01953125 0.05
0 0.42421875 0.82421875 0.0265625 0.0671875
0 0.38515625 0.80078125 0.025 0.0703125
0 0.2875 0.728125 0.02265625 0.053125
0 0.31015625 0.72578125 0.02578125 0.0703125
3 0.32734375 0.74296875 0.0296875 0.0703125
0 0.3453125 0.76875 0.02890625 0.078125
0 0.36640625 0.7875 0.02265625 0.065625
0 0.31015625 0.86328125 0.02578125 0.0671875
0 0.328125 0.8796875 0.02578125 0.06875
0 0.55 0.925 0.025 0.071875
0 0.5625 0.04609375 0.0359375 0.0359375
0 0.67265625 0.98046875 0.04296875 0.0359375