2 0.94609375 0.4609375 0.04140625 0.05625
0 0.08984375 0.93203125 0.04296875 0.0546875
0 0.2109375 0.3015625 0.034375 0.04375
0 0.23359375 0.38671875 0.03671875 0.0484375
0 0.27109375 0.3125 0.034375 0.05
0 0.27890625 0.34609375 0.0390625 0.0453125
0 0.28828125 0.3765625 0.03203125 0.046875
0 0.353125 0.5546875 0.0375 0.053125
0 0.47265625 0.94765625 0.03984375 0.0546875
0 0.5125 0.9125 0.0390625 0.053125
0 0.60859375 0.82734375 0.03515625 0.0515625
0 0.74921875 0.315625 0.0359375 0.05
0 0.91484375 0.23046875 0.034375 0.0390625
0 0.8921875 0.5140625 0.03515625 0.05
0 0.97578125 0.384375 0.0359375 0.05
0 0.94296875 0.3171875 0.03671875 0.04375
0 0.43828125 0.04140625 0.021875 0.0515625
0 0.4640625 0.0203125 0.02265625 0.040625
0 0.41796875 0.98046875 0.04453125 0.0359375