2 0.075 0.33203125 0.03203125 0.0296875
0 0.034375 0.42109375 0.0390625 0.0296875
0 0.0609375 0.37578125 0.03984375 0.0296875
0 0.18828125 0.29609375 0.0390625 0.0328125
0 0.1734375 0.3859375 0.03984375 0.034375
0 0.05625 0.67578125 0.04375 0.0296875
0 0.1140625 0.68125 0.0375 0.03125
0 0.1984375 0.68203125 0.04140625 0.0296875
0 0.3453125 0.39921875 0.0375 0.0359375
0 0.3828125 0.69453125 0.03984375 0.0296875
0 0.42734375 0.696875 0.0375 0.034375
0 0.4796875 0.7 0.0390625 0.03125
0 0.52578125 0.70546875 0.040625 0.0296875
0 0.6265625 0.7171875 0.03984375 0.03125
0 0.6234375 0.4203125 0.040625 0.03125
0 0.475 0.27109375 0.040625 0.0296875
0 0.46328125 0.0484375 0.03046875 0.025
0 0.46328125 0.01640625 0.03515625 0.0328125
0 0.41328125 0.01875 0.0390625 0.03125
0 0.9796875 0.690625 0.03984375 0.034375
2 0.25 0.68984375 0.040625 0.0359375