2 0.97890625 0.34609375 0.040625 0.0515625
0 0.1125 0.6390625 0.040625 0.046875
0 0.11640625 0.96171875 0.03984375 0.0421875
0 0.38203125 0.7859375 0.03515625 0.046875
0 0.42265625 0.75546875 0.03515625 0.0421875
0 0.47265625 0.7265625 0.0375 0.046875
0 0.51328125 0.70234375 0.0375 0.0421875
0 0.38359375 0.39453125 0.04140625 0.0421875
0 0.37890625 0.32734375 0.0375 0.0515625
0 0.5640625 0.35390625 0.034375 0.0453125
0 0.26640625 0.134375 0.03984375 0.05
0 0.31328125 0.0984375 0.0359375 0.046875
0 0.32265625 0.13125 0.0328125 0.04375
0 0.30625 0.06015625 0.03515625 0.0453125
0 0.6125 0.6390625 0.03671875 0.040625
0 0.85625 0.17109375 0.0375 0.0453125
0 0.91953125 0.3890625 0.04140625 0.04375
0 0.2015625 0.90625 0.04296875 0.053125
2 0.25078125 0.87109375 0.04453125 0.0515625
0 0.009375 0.703125 0.01875 0.03125
2 0.0109375 0.653125 0.02109375 0.040625
0 0.24453125 0.040625 0.03671875 0.046875