2 0.11171875 0.32734375 0.03203125 0.0296875
0 0.071875 0.4140625 0.0359375 0.028125
0 0.0984375 0.37265625 0.03984375 0.0296875
0 0.17421875 0.2859375 0.0375 0.03125
0 0.2109375 0.3828125 0.0390625 0.034375
0 0.09609375 0.67421875 0.04375 0.0328125
0 0.15234375 0.67890625 0.03984375 0.0296875
0 0.24140625 0.68046875 0.0359375 0.0296875
0 0.32265625 0.3921875 0.03671875 0.03125
0 0.42734375 0.69453125 0.0359375 0.0328125
0 0.4671875 0.69609375 0.0375 0.0265625
0 0.51875 0.40859375 0.04140625 0.0328125
0 0.51328125 0.2703125 0.0375 0.025
0 0.52109375 0.7015625 0.0375 0.03125
0 0.5640625 0.70390625 0.0390625 0.0296875
0 0.66640625 0.7171875 0.0421875 0.034375
0 0.45078125 0.0171875 0.0375 0.03125
0 0.50234375 0.015625 0.03515625 0.03125
0 0.5015625 0.05078125 0.0328125 0.0296875
2 0.29140625 0.68515625 0.04609375 0.0390625