2 0.9765625 0.50390625 0.04453125 0.0609375
0 0.10546875 0.79765625 0.04296875 0.0484375
0 0.37890625 0.48046875 0.0390625 0.0484375
0 0.44140625 0.5140625 0.03984375 0.046875
0 0.62421875 0.4671875 0.03671875 0.046875
0 0.27109375 0.29296875 0.0390625 0.0421875
0 0.31328125 0.225 0.02890625 0.04375
0 0.31875 0.25859375 0.0390625 0.0421875
0 0.32421875 0.2890625 0.03046875 0.040625
0 0.37890625 0.94921875 0.0390625 0.0453125
0 0.42109375 0.91953125 0.0390625 0.0453125
0 0.47265625 0.8875 0.03984375 0.046875
0 0.51640625 0.86015625 0.04375 0.0515625
0 0.6140625 0.796875 0.03671875 0.046875
0 0.91875 0.540625 0.0390625 0.04375
0 0.89609375 0.3 0.0390625 0.046875
0 0.9828125 0.353125 0.0328125 0.040625
0 0.25234375 0.20234375 0.03046875 0.0390625