0 0.3421875 0.89375 0.01953125 0.075
0 0.35234375 0.77578125 0.021875 0.0703125
0 0.3234375 0.71484375 0.015625 0.0703125
0 0.36796875 0.51640625 0.01953125 0.0671875
0 0.328125 0.26015625 0.015625 0.0671875
0 0.31875 0.17890625 0.02890625 0.0734375
0 0.36640625 0.075 0.01953125 0.071875
0 0.2796875 0.10625 0.01953125 0.065625
0 0.31328125 0.0359375 0.01953125 0.065625
0 0.1640625 0.5109375 0.04140625 0.034375
0 0.153125 0.4625 0.0421875 0.0375
0 0.040625 0.48359375 0.04375 0.0359375
0 0.50390625 0.434375 0.0375 0.034375
0 0.50859375 0.4796875 0.0390625 0.034375
4 0.58515625 0.44765625 0.10234375 0.0640625
2 0.57734375 0.50390625 0.0546875 0.0421875
3 0.29140625 0.7015625 0.01796875 0.06875
3 0.67578125 0.525 0.053125 0.040625
0 0.91484375 0.0390625 0.01875 0.065625
0 0.95625 0.06015625 0.0203125 0.0734375
0 0.3375 0.98359375 0.01796875 0.0296875
0 0.01171875 0.53203125 0.0234375 0.0359375