0 0.484375 0.49375 0.02578125 0.05625
0 0.4421875 0.51796875 0.028125 0.0671875
0 0.5109375 0.6875 0.03515625 0.053125
0 0.41484375 0.775 0.03046875 0.046875
0 0.41875 0.81875 0.03984375 0.05625
0 0.4421875 0.88359375 0.0359375 0.0515625
0 0.45234375 0.91796875 0.04140625 0.0546875
0 0.578125 0.91015625 0.03515625 0.0515625
0 0.621875 0.4046875 0.01875 0.065625
0 0.646875 0.396875 0.01875 0.071875
0 0.696875 0.40234375 0.01640625 0.0609375
0 0.71875 0.41640625 0.015625 0.0640625
3 0.74375 0.41953125 0.01953125 0.0640625
0 0.76328125 0.43828125 0.0234375 0.0640625
0 0.784375 0.459375 0.02734375 0.071875
0 0.83046875 0.5140625 0.0390625 0.06875
3 0.86328125 0.57890625 0.0359375 0.0578125
0 0.896875 0.64140625 0.04296875 0.0546875
0 0.9078125 0.6765625 0.040625 0.053125
0 0.9203125 0.7234375 0.034375 0.053125
0 0.81171875 0.7703125 0.03984375 0.053125
0 0.8375 0.83515625 0.03671875 0.0453125
0 0.7171875 0.7171875 0.03984375 0.053125
0 0.753125 0.809375 0.0421875 0.05625
0 0.790625 0.9109375 0.04375 0.059375
0 0.675 0.9703125 0.0359375 0.05
0 0.60390625 0.97265625 0.040625 0.0515625
0 0.409375 0.053125 0.034375 0.046875
0 0.47734375 0.01640625 0.0390625 0.0328125