2 0.278125 0.365625 0.0296875 0.03125
0 0.07578125 0.965625 0.01953125 0.065625
0 0.2328125 0.4796875 0.0359375 0.053125
0 0.21953125 0.4078125 0.0375 0.034375
0 0.32421875 0.32265625 0.0375 0.0296875
0 0.37734375 0.41875 0.0390625 0.03125
0 0.35703125 0.62734375 0.0421875 0.0359375
0 0.3015625 0.71328125 0.0421875 0.0296875
0 0.35546875 0.7171875 0.03984375 0.03125
0 0.44609375 0.71796875 0.040625 0.0296875
0 0.46796875 0.42421875 0.0390625 0.0328125
0 0.534375 0.42578125 0.03984375 0.0296875
0 0.628125 0.72734375 0.0390625 0.0296875
0 0.671875 0.73125 0.0375 0.03125
0 0.725 0.73515625 0.0375 0.0328125
0 0.7703125 0.7390625 0.03984375 0.034375
0 0.7046875 0.296875 0.03984375 0.028125
0 0.8734375 0.74453125 0.040625 0.0296875
0 0.68515625 0.03984375 0.03515625 0.0296875
0 0.6859375 0.07578125 0.03515625 0.0296875
2 0.4953125 0.721875 0.04140625 0.034375
0 0.68125 0.01015625 0.0390625 0.0203125
0 0.64140625 0.04765625 0.0234375 0.0296875