2 0.6109375 0.8578125 0.03359375 0.05625
3 0.90859375 0.30703125 0.0296875 0.0484375
3 0.95625 0.19609375 0.021875 0.0359375
0 0.7296875 0.740625 0.03203125 0.059375
0 0.70234375 0.72109375 0.03203125 0.0546875
0 0.7359375 0.6640625 0.03359375 0.05625
0 0.765625 0.60703125 0.03046875 0.0546875
0 0.77421875 0.51953125 0.0296875 0.0546875
0 0.91796875 0.4640625 0.0265625 0.046875
0 0.85234375 0.3828125 0.028125 0.046875
0 0.87734375 0.34375 0.0234375 0.04375
0 0.95234375 0.3328125 0.02890625 0.046875
0 0.565625 0.86640625 0.03359375 0.0578125
0 0.53046875 0.7296875 0.034375 0.059375
0 0.44765625 0.61015625 0.0296875 0.0515625
0 0.24296875 0.20390625 0.025 0.0484375
0 0.3 0.18828125 0.0265625 0.0453125
0 0.2 0.340625 0.028125 0.05625