3 0.171875 0.88671875 0.03515625 0.0359375
3 0.28984375 0.83046875 0.04296875 0.0390625
3 0.7765625 0.3140625 0.01953125 0.065625
0 0.7859375 0.2046875 0.0234375 0.075
0 0.79609375 0.3125 0.01953125 0.06875
0 0.9109375 0.9625 0.0234375 0.071875
0 0.87890625 0.9421875 0.0203125 0.071875
0 0.89765625 0.8328125 0.021875 0.06875
0 0.86875 0.81484375 0.021875 0.0765625
0 0.83203125 0.7765625 0.02265625 0.065625
0 0.53203125 0.7859375 0.03984375 0.0375
0 0.590625 0.665625 0.03984375 0.0375
0 0.396875 0.740625 0.040625 0.03125
0 0.3875 0.82265625 0.0390625 0.0328125
0 0.3421875 0.834375 0.03671875 0.034375
0 0.12421875 0.89296875 0.03359375 0.0328125
0 0.084375 0.903125 0.040625 0.0375
0 0.02265625 0.9140625 0.0453125 0.046875