0 0.08984375 0.26640625 0.0265625 0.0609375
0 0.13984375 0.34140625 0.03515625 0.0515625
0 0.090625 0.54765625 0.025 0.0484375
0 0.36171875 0.8609375 0.034375 0.06875
0 0.44765625 0.7234375 0.0296875 0.065625
0 0.49296875 0.64921875 0.02890625 0.0671875
0 0.51484375 0.63359375 0.025 0.0515625
0 0.46328125 0.7015625 0.028125 0.0625
0 0.57890625 0.7859375 0.03203125 0.059375
0 0.4734375 0.94921875 0.03046875 0.0671875
0 0.4375 0.984375 0.0265625 0.028125
0 0.659375 0.6296875 0.034375 0.05625
0 0.6828125 0.69921875 0.03046875 0.0546875
0 0.7546875 0.07265625 0.02578125 0.0578125
0 0.8125 0.1703125 0.03203125 0.059375
0 0.771875 0.94296875 0.0421875 0.0453125
0 0.7828125 0.98046875 0.04453125 0.0359375