4 0.50234375 0.74453125 0.08125 0.1578125
3 0.43984375 0.79609375 0.04375 0.0859375
2 0.48359375 0.69609375 0.04296875 0.0890625
0 0.52734375 0.60859375 0.03046875 0.0640625
0 0.553125 0.6265625 0.03203125 0.0625
0 0.69921875 0.41796875 0.03515625 0.0546875
3 0.92890625 0.56484375 0.04609375 0.0390625
0 0.82421875 0.4625 0.034375 0.059375
0 0.559375 0.26640625 0.03515625 0.0484375
0 0.68984375 0.08515625 0.0328125 0.0609375
0 0.715625 0.103125 0.0328125 0.065625
0 0.72265625 0.025 0.03515625 0.05
2 0.41484375 0.02421875 0.034375 0.0484375