0 0.11640625 0.6015625 0.040625 0.0375
0 0.05234375 0.95390625 0.046875 0.0453125
0 0.109375 0.92109375 0.03984375 0.0359375
0 0.19765625 0.875 0.0390625 0.04375
0 0.3796875 0.775 0.034375 0.040625
0 0.421875 0.7515625 0.0359375 0.04375
0 0.4734375 0.7265625 0.0390625 0.0375
0 0.5125 0.70390625 0.03515625 0.0390625
0 0.33671875 0.41328125 0.03984375 0.0390625
0 0.390625 0.31796875 0.0390625 0.0484375
0 0.5140625 0.3953125 0.0359375 0.04375
0 0.28515625 0.1140625 0.0375 0.040625
0 0.33359375 0.084375 0.0390625 0.040625
0 0.340625 0.11796875 0.03203125 0.0359375
0 0.3265625 0.04765625 0.03671875 0.0453125
0 0.61328125 0.6546875 0.0359375 0.040625
0 0.93046875 0.43203125 0.0390625 0.0421875
0 0.821875 0.23359375 0.03984375 0.0453125
0 0.2640625 0.0234375 0.03359375 0.040625
2 0.24609375 0.8453125 0.04453125 0.046875
2 0.98515625 0.403125 0.028125 0.05
0 0.01171875 0.65 0.02265625 0.0375
2 0.01171875 0.60390625 0.0234375 0.0421875