2 0.02578125 0.49140625 0.03515625 0.0359375
0 0.04296875 0.840625 0.04609375 0.034375
0 0.10234375 0.8234375 0.03984375 0.03125
0 0.19296875 0.79765625 0.040625 0.0328125
0 0.1328125 0.5125 0.0421875 0.034375
0 0.01796875 0.53828125 0.03515625 0.0390625
0 0.30546875 0.3859375 0.0390625 0.03125
0 0.421875 0.29921875 0.0375 0.0359375
0 0.48046875 0.4171875 0.03515625 0.0375
0 0.37578125 0.74453125 0.034375 0.0359375
0 0.4203125 0.7328125 0.03671875 0.034375
0 0.471875 0.71875 0.03984375 0.0375
0 0.515625 0.70859375 0.03984375 0.0328125
0 0.61640625 0.6828125 0.03515625 0.03125
0 0.3328125 0.06953125 0.0375 0.0359375
0 0.38203125 0.05078125 0.034375 0.0296875
0 0.3859375 0.08828125 0.03359375 0.0390625
0 0.803125 0.33125 0.04296875 0.0375
0 0.9546875 0.5390625 0.04453125 0.053125
0 0.3796875 0.01640625 0.03359375 0.0328125
2 0.240625 0.7828125 0.04765625 0.040625