2 0.2015625 0.34375 0.03046875 0.0375
0 0.10703125 0.64296875 0.04140625 0.0453125
0 0.15625 0.6765625 0.03671875 0.040625
0 0.23359375 0.7265625 0.03359375 0.040625
0 0.4046875 0.840625 0.0375 0.04375
0 0.16953125 0.36953125 0.03671875 0.0421875
0 0.21953125 0.44453125 0.0328125 0.0390625
0 0.2671875 0.43359375 0.0375 0.0421875
0 0.565625 0.478125 0.0390625 0.040625
0 0.54765625 0.2171875 0.0375 0.040625
0 0.5890625 0.27109375 0.03203125 0.0328125
0 0.59609375 0.2359375 0.03671875 0.0375
0 0.565625 0.13125 0.03203125 0.0375
0 0.603125 0.2046875 0.0328125 0.034375
0 0.44609375 0.86796875 0.03984375 0.0453125
0 0.49609375 0.90703125 0.03984375 0.0515625
0 0.540625 0.934375 0.040625 0.04375
0 0.840625 0.19609375 0.0203125 0.0578125
0 0.8765625 0.20390625 0.021875 0.0546875
2 0.28046875 0.753125 0.04375 0.053125