0 0.303125 0.89140625 0.0390625 0.0390625
0 0.34609375 0.871875 0.0359375 0.034375
0 0.415625 0.76328125 0.03984375 0.0390625
0 0.48671875 0.803125 0.03984375 0.04375
0 0.565625 0.65625 0.03984375 0.040625
0 0.87421875 0.9046875 0.02265625 0.075
0 0.840625 0.88515625 0.02265625 0.0671875
0 0.853125 0.77421875 0.02109375 0.0734375
0 0.8234375 0.76328125 0.02578125 0.0734375
0 0.78125 0.79140625 0.01796875 0.0734375
0 0.92890625 0.37421875 0.040625 0.0390625
0 0.71875 0.28125 0.0203125 0.065625
0 0.70234375 0.1765625 0.0234375 0.075
0 0.65078125 0.21640625 0.01953125 0.0828125
3 0.13671875 0.98046875 0.034375 0.0359375
3 0.253125 0.90078125 0.04375 0.0453125
3 0.6984375 0.28515625 0.0203125 0.0703125