3 0.18828125 0.928125 0.046875 0.05
3 0.63359375 0.31171875 0.0234375 0.0703125
0 0.6375 0.19453125 0.02578125 0.0765625
0 0.58515625 0.23828125 0.0234375 0.0828125
0 0.653125 0.30078125 0.021875 0.0671875
0 0.8625 0.3921875 0.0421875 0.040625
0 0.9203125 0.4109375 0.0390625 0.040625
0 0.81015625 0.9171875 0.025 0.078125
0 0.7890625 0.790625 0.02265625 0.065625
0 0.75859375 0.771875 0.02734375 0.075
0 0.77734375 0.903125 0.02265625 0.06875
0 0.721875 0.86171875 0.01875 0.0734375
0 0.5234375 0.6671875 0.0390625 0.04375
0 0.409375 0.76484375 0.03984375 0.0390625
0 0.425 0.8234375 0.0375 0.04375
0 0.284375 0.89609375 0.03671875 0.0421875
0 0.23984375 0.91484375 0.0359375 0.0421875