0 0.54375 0.765625 0.02265625 0.071875
0 0.5203125 0.790625 0.025 0.071875
0 0.31875 0.5328125 0.03984375 0.04375
0 0.346875 0.62421875 0.0390625 0.0421875
0 0.38203125 0.54296875 0.03515625 0.0390625
0 0.4625 0.528125 0.03671875 0.04375
0 0.52890625 0.52734375 0.0375 0.0421875
0 0.5328125 0.43359375 0.03671875 0.0390625
0 0.5578125 0.3875 0.03515625 0.03125
0 0.63515625 0.36484375 0.03671875 0.0359375
0 0.721875 0.40625 0.03359375 0.034375
0 0.865625 0.4015625 0.03671875 0.0375
0 0.85078125 0.125 0.040625 0.040625
0 0.93828125 0.103125 0.03984375 0.0375
0 0.9734375 0.08203125 0.034375 0.0328125
3 0.71484375 0.209375 0.025 0.065625
2 0.8171875 0.2375 0.034375 0.04375
2 0.53515625 0.9125 0.0328125 0.1
4 0.56875 0.90703125 0.04921875 0.1828125
0 0.365625 0.18125 0.02265625 0.071875
0 0.4 0.228125 0.0234375 0.06875
0 0.378125 0.265625 0.02109375 0.065625
0 0.490625 0.32890625 0.0375 0.0453125
0 0.61640625 0.28984375 0.03671875 0.0421875
0 0.31171875 0.0421875 0.025 0.0625
0 0.95390625 0.80703125 0.028125 0.0421875
3 0.9390625 0.8328125 0.03203125 0.05
0 0.9328125 0.88046875 0.02890625 0.0421875
0 0.93046875 0.9203125 0.025 0.034375