3 0.60703125 0.76640625 0.034375 0.0328125
3 0.734375 0.7484375 0.04375 0.03125
0 0.01953125 0.7515625 0.0390625 0.034375
0 0.06171875 0.75078125 0.040625 0.0296875
0 0.13203125 0.75078125 0.03984375 0.0296875
0 0.18046875 0.75703125 0.0375 0.0265625
0 0.22734375 0.753125 0.0375 0.028125
0 0.2046875 0.66171875 0.04140625 0.0328125
0 0.209375 0.51015625 0.0375 0.0265625
0 0.3640625 0.50078125 0.03359375 0.0296875
0 0.403125 0.4984375 0.0359375 0.025
0 0.45546875 0.5125 0.0390625 0.03125
0 0.4109375 0.45859375 0.03984375 0.0296875
0 0.36875 0.38984375 0.0296875 0.0578125
0 0.35390625 0.36875 0.028125 0.05625
0 0.33984375 0.346875 0.0296875 0.0625
0 0.32265625 0.325 0.03046875 0.05625
0 0.403125 0.7546875 0.03515625 0.03125
0 0.45546875 0.75546875 0.04140625 0.0328125
0 0.51796875 0.76015625 0.0390625 0.0328125
0 0.553125 0.6625 0.040625 0.034375
0 0.559375 0.759375 0.03203125 0.03125
0 0.7859375 0.76328125 0.0375 0.0296875
0 0.83046875 0.76484375 0.0390625 0.0328125
0 0.98046875 0.7671875 0.0375 0.034375