2 0.98046875 0.66171875 0.0375 0.0515625
0 0.09375 0.96796875 0.04375 0.0484375
0 0.3796875 0.64296875 0.0359375 0.0484375
0 0.2734375 0.45390625 0.0390625 0.0453125
0 0.3296875 0.453125 0.02890625 0.04375
0 0.32109375 0.42265625 0.0375 0.0390625
0 0.31640625 0.3875 0.03203125 0.040625
0 0.49765625 0.6390625 0.0359375 0.040625
0 0.6875 0.58828125 0.03515625 0.0421875
0 0.6171875 0.96796875 0.0359375 0.0453125
0 0.9234375 0.7046875 0.0390625 0.04375
0 0.9359375 0.43671875 0.0390625 0.0390625
0 0.25703125 0.36640625 0.0328125 0.0359375
0 0.4953125 0.15625 0.02109375 0.05625
0 0.52265625 0.1328125 0.0203125 0.05