2 0.8140625 0.71015625 0.04140625 0.0734375
0 0.7453125 0.8828125 0.034375 0.065625
0 0.77421875 0.93671875 0.03203125 0.0734375
0 0.859375 0.80390625 0.03046875 0.0671875
0 0.459375 0.5671875 0.0296875 0.071875
0 0.48046875 0.5390625 0.02578125 0.053125
0 0.390625 0.60625 0.01953125 0.06875
0 0.26796875 0.58515625 0.02265625 0.0640625
0 0.240625 0.35390625 0.028125 0.0640625
0 0.16953125 0.496875 0.03515625 0.059375
0 0.209375 0.3171875 0.028125 0.0625
0 0.2359375 0.2265625 0.0328125 0.065625
0 0.2828125 0.28046875 0.0328125 0.0671875
0 0.33359375 0.33125 0.028125 0.059375
0 0.58046875 0.359375 0.03203125 0.046875
0 0.6078125 0.30546875 0.03046875 0.0515625
0 0.5109375 0.21875 0.02578125 0.0625
0 0.56875 0.0875 0.02578125 0.053125
0 0.55625 0.0625 0.02890625 0.059375
0 0.5234375 0.02890625 0.02890625 0.0515625
0 0.50625 0.02109375 0.0296875 0.0421875
0 0.4109375 0.09375 0.028125 0.05625
0 0.3796875 0.06328125 0.03203125 0.0609375
0 0.3640625 0.04296875 0.0296875 0.0484375
0 0.3234375 0.10703125 0.03203125 0.0609375
0 0.309375 0.08671875 0.028125 0.0578125
0 0.34765625 0.025 0.03515625 0.05
0 0.190625 0.51484375 0.02578125 0.0515625
3 0.2265625 0.5484375 0.0296875 0.059375
0 0.31953125 0.60078125 0.01640625 0.0421875
0 0.34453125 0.60703125 0.01484375 0.0578125
3 0.36640625 0.61640625 0.02265625 0.0671875
0 0.4109375 0.5953125 0.01953125 0.0625
0 0.15234375 0.4625 0.02890625 0.05625