4 0.85859375 0.30625 0.109375 0.096875
2 0.928125 0.32265625 0.06328125 0.0671875
3 0.36328125 0.07578125 0.040625 0.0515625
3 0.5125 0.4109375 0.02578125 0.065625
0 0.69453125 0.90546875 0.025 0.0734375
0 0.6234375 0.96640625 0.0234375 0.0640625
0 0.66328125 0.90078125 0.025 0.0703125
0 0.66953125 0.7859375 0.02578125 0.071875
0 0.621875 0.7 0.0265625 0.071875
0 0.05859375 0.97578125 0.04375 0.0453125
0 0.171875 0.96953125 0.04140625 0.0453125
0 0.31015625 0.8828125 0.0375 0.04375
0 0.3734375 0.77421875 0.04140625 0.0453125
0 0.4203125 0.69609375 0.040625 0.0484375
0 0.4453125 0.27265625 0.02734375 0.0703125
0 0.4953125 0.22734375 0.02578125 0.0734375
0 0.515625 0.32578125 0.0234375 0.0671875
0 0.728125 0.38828125 0.0375 0.0453125
0 0.75703125 0.4203125 0.0390625 0.046875
0 0.7109375 0.98125 0.021875 0.034375