2 0.23671875 0.29296875 0.02890625 0.0421875
0 0.13203125 0.5734375 0.0421875 0.053125
0 0.17734375 0.6125 0.0359375 0.046875
0 0.2515625 0.67421875 0.0390625 0.0453125
0 0.4125 0.8203125 0.03671875 0.05
0 0.45234375 0.8578125 0.03671875 0.05
0 0.01640625 0.403125 0.0328125 0.053125
0 0.2078125 0.31171875 0.034375 0.0390625
0 0.22578125 0.375 0.0328125 0.040625
0 0.29921875 0.39453125 0.03671875 0.0421875
0 0.49921875 0.9015625 0.0390625 0.05625
0 0.53984375 0.9390625 0.0421875 0.05
0 0.590625 0.4890625 0.03984375 0.046875
0 0.58828125 0.22578125 0.03671875 0.0421875
0 0.62734375 0.28828125 0.03046875 0.0359375
0 0.63359375 0.25546875 0.0375 0.0453125
0 0.64375 0.2234375 0.0328125 0.0375
0 0.88515625 0.25390625 0.0203125 0.0609375
0 0.9203125 0.26953125 0.025 0.0578125
2 0.29296875 0.71171875 0.0375 0.0484375
0 0.609375 0.14609375 0.03359375 0.0453125