3 0.65546875 0.759375 0.034375 0.028125
3 0.784375 0.7375 0.04375 0.03125
0 0.83359375 0.75390625 0.03671875 0.0328125
0 0.88125 0.75625 0.0390625 0.034375
0 0.60625 0.75390625 0.03203125 0.0296875
0 0.56484375 0.75 0.0421875 0.03125
0 0.50234375 0.74765625 0.040625 0.0328125
0 0.44921875 0.74609375 0.03359375 0.0265625
0 0.45234375 0.65078125 0.0390625 0.0296875
0 0.50234375 0.50078125 0.0390625 0.0296875
0 0.45 0.4890625 0.03515625 0.025
0 0.41015625 0.48984375 0.03203125 0.0265625
0 0.45859375 0.4453125 0.040625 0.028125
0 0.41484375 0.38125 0.03046875 0.05625
0 0.4 0.35546875 0.03046875 0.0546875
0 0.3859375 0.33671875 0.0328125 0.0578125
0 0.36875 0.3125 0.028125 0.053125
0 0.2734375 0.7421875 0.0390625 0.034375
0 0.22578125 0.74296875 0.0390625 0.0296875
0 0.17890625 0.73984375 0.03984375 0.0265625
0 0.10625 0.7421875 0.0390625 0.03125
0 0.06328125 0.74453125 0.040625 0.0328125
0 0.078125 0.65078125 0.03984375 0.0296875
0 0.00625 0.75234375 0.0125 0.0296875