0 0.046875 0.7515625 0.04296875 0.03125
0 0.08984375 0.746875 0.03671875 0.028125
0 0.14921875 0.65859375 0.040625 0.0296875
0 0.16171875 0.7453125 0.03984375 0.028125
0 0.2109375 0.74921875 0.03671875 0.0296875
0 0.25703125 0.7484375 0.040625 0.028125
0 0.434375 0.75 0.03046875 0.025
0 0.4859375 0.75 0.03984375 0.025
0 0.51015625 0.6578125 0.0390625 0.03125
0 0.55 0.7578125 0.03984375 0.028125
0 0.58984375 0.75859375 0.03359375 0.0328125
0 0.81796875 0.75625 0.03671875 0.03125
0 0.86484375 0.76171875 0.0375 0.0328125
0 0.48515625 0.50859375 0.0390625 0.0296875
0 0.43515625 0.49375 0.03359375 0.028125
0 0.39375 0.49375 0.03046875 0.028125
0 0.44375 0.4515625 0.0375 0.03125
0 0.39765625 0.38671875 0.0328125 0.0578125
0 0.38359375 0.36328125 0.02890625 0.0515625
0 0.36953125 0.34140625 0.03046875 0.0609375
0 0.353125 0.31640625 0.03046875 0.0578125
0 0.23828125 0.50390625 0.03671875 0.0296875
3 0.63984375 0.76484375 0.034375 0.0296875
3 0.7671875 0.7421875 0.04453125 0.034375