0 0.46953125 0.83828125 0.0234375 0.0671875
0 0.45625 0.76171875 0.021875 0.0640625
0 0.378125 0.3875 0.021875 0.059375
0 0.36484375 0.3203125 0.02734375 0.06875
0 0.346875 0.209375 0.0265625 0.078125
0 0.328125 0.12109375 0.02109375 0.0609375
0 0.4734375 0.12734375 0.02265625 0.0703125
0 0.4640625 0.0359375 0.0203125 0.059375
3 0.3921875 0.46875 0.02265625 0.05625
3 0.4453125 0.6703125 0.02734375 0.075
2 0.95546875 0.46875 0.03359375 0.05625
2 0.90859375 0.4609375 0.01875 0.0625
0 0.925 0.46484375 0.02109375 0.0671875