3 0.41171875 0.56328125 0.02890625 0.0671875
3 0.2328125 0.1328125 0.04375 0.04375
3 0.82734375 0.2828125 0.053125 0.059375
2 0.72421875 0.36484375 0.05859375 0.0640625
4 0.68125 0.3359375 0.10390625 0.103125
0 0.61015625 0.44140625 0.0375 0.0453125
0 0.590625 0.40546875 0.0375 0.0453125
0 0.57109375 0.9078125 0.0265625 0.071875
0 0.5328125 0.88828125 0.02578125 0.0671875
0 0.53125 0.74921875 0.025 0.0640625
0 0.4578125 0.56484375 0.02578125 0.0671875
0 0.38125 0.37109375 0.02578125 0.0640625
0 0.3578125 0.2734375 0.02890625 0.075
0 0.30859375 0.321875 0.02578125 0.06875
0 0.3109375 0.07421875 0.02578125 0.0671875
0 0.27890625 0.06796875 0.02734375 0.0703125
0 0.29765625 0.74140625 0.03984375 0.0515625
0 0.29765625 0.78828125 0.03984375 0.0421875
0 0.071875 0.96015625 0.0421875 0.0515625
0 0.1875 0.93671875 0.0390625 0.0484375
0 0.58828125 0.9765625 0.025 0.04375