2 0.209375 0.5703125 0.0296875 0.034375
0 0.05703125 0.62421875 0.0390625 0.0296875
0 0.12734375 0.53984375 0.03671875 0.0265625
0 0.05 0.9421875 0.0484375 0.028125
0 0.10859375 0.9359375 0.04140625 0.025
0 0.20390625 0.9296875 0.0375 0.028125
0 0.39375 0.91953125 0.0375 0.0296875
0 0.43828125 0.91640625 0.0421875 0.0328125
0 0.49375 0.91484375 0.03984375 0.0296875
0 0.54140625 0.91328125 0.0421875 0.0296875
0 0.65 0.9140625 0.0421875 0.03125
0 0.4640625 0.60390625 0.03671875 0.0453125
0 0.47421875 0.46875 0.03984375 0.028125
0 0.4046875 0.2328125 0.03515625 0.028125
0 0.45390625 0.2234375 0.03515625 0.025
0 0.45546875 0.2578125 0.03046875 0.03125
0 0.45390625 0.1859375 0.03046875 0.028125
0 0.66953125 0.04453125 0.015625 0.0546875
0 0.7015625 0.034375 0.01484375 0.05
0 0.17265625 0.61796875 0.04140625 0.0328125
0 0.98046875 0.83984375 0.0375 0.0359375
2 0.253125 0.925 0.046875 0.03125
0 0.40234375 0.14140625 0.0328125 0.0296875