0 0.515625 0.04921875 0.034375 0.0296875
0 0.590625 0.040625 0.0375 0.0375
0 0.521875 0.490625 0.015625 0.071875
0 0.5640625 0.5 0.01640625 0.059375
0 0.8859375 0.07578125 0.0375 0.0359375
2 0.96796875 0.01484375 0.04609375 0.0296875
0 0.7140625 0.52890625 0.0234375 0.0671875
0 0.73984375 0.54296875 0.028125 0.0671875
0 0.784375 0.5875 0.0265625 0.0625
0 0.8015625 0.6125 0.03046875 0.065625
3 0.82421875 0.63828125 0.034375 0.0640625
0 0.83828125 0.671875 0.03359375 0.0625
0 0.85 0.71328125 0.02578125 0.0421875
0 0.8828125 0.79609375 0.040625 0.0515625
3 0.90078125 0.88203125 0.040625 0.0421875
0 0.91640625 0.971875 0.04609375 0.034375
0 0.7265625 0.88984375 0.04375 0.0328125
0 0.4328125 0.8546875 0.04296875 0.034375
0 0.4296875 0.7390625 0.04296875 0.0375
0 0.540625 0.70078125 0.0375 0.0328125
0 0.54765625 0.9484375 0.04140625 0.0375
0 0.434375 0.69765625 0.03359375 0.0296875