2 0.1703125 0.403125 0.0296875 0.034375
0 0.08515625 0.71953125 0.04453125 0.0421875
0 0.1375 0.7421875 0.0390625 0.0375
0 0.221875 0.77890625 0.0375 0.0390625
0 0.134375 0.4296875 0.0359375 0.034375
0 0.22734375 0.51484375 0.034375 0.0390625
0 0.2375 0.47734375 0.03671875 0.0390625
0 0.39921875 0.86015625 0.0375 0.0421875
0 0.44296875 0.88203125 0.03984375 0.0390625
0 0.4953125 0.9078125 0.040625 0.04375
0 0.53984375 0.93046875 0.04375 0.0453125
0 0.64609375 0.97890625 0.04375 0.0390625
0 0.53984375 0.4703125 0.0390625 0.040625
0 0.5078125 0.2140625 0.0359375 0.0375
0 0.51953125 0.125 0.0328125 0.03125
0 0.55234375 0.259375 0.0296875 0.03125
0 0.55546875 0.2265625 0.03671875 0.0375
0 0.56171875 0.19296875 0.0328125 0.0265625
0 0.06640625 0.178125 0.0203125 0.059375
2 0.26796875 0.79609375 0.04296875 0.0453125
0 0.7953125 0.14375 0.01875 0.059375
0 0.828125 0.14921875 0.01796875 0.0578125