2 0.2953125 0.33828125 0.0328125 0.0328125
0 0.334375 0.29453125 0.0359375 0.0328125
0 0.2640625 0.378125 0.0375 0.028125
0 0.23359375 0.55703125 0.04296875 0.0484375
0 0.24140625 0.43203125 0.0359375 0.0359375
0 0.38984375 0.38984375 0.03984375 0.0328125
0 0.46953125 0.39296875 0.0359375 0.0296875
0 0.53359375 0.3953125 0.040625 0.028125
0 0.065625 0.93125 0.02265625 0.078125
0 0.29296875 0.68046875 0.04453125 0.0296875
0 0.34765625 0.68359375 0.04140625 0.0296875
0 0.43515625 0.68359375 0.034375 0.0296875
0 0.6171875 0.69296875 0.0359375 0.0265625
0 0.66015625 0.696875 0.040625 0.028125
0 0.71484375 0.7 0.0375 0.028125
0 0.75859375 0.703125 0.03984375 0.03125
0 0.69453125 0.26796875 0.0390625 0.0296875
0 0.6765625 0.05078125 0.03359375 0.0296875
0 0.8609375 0.71171875 0.04140625 0.0296875
2 0.4859375 0.68984375 0.03984375 0.0328125
0 0.6359375 0.01875 0.01875 0.028125
0 0.675 0.01640625 0.0359375 0.0296875