0 0.075 0.29296875 0.01953125 0.0703125
0 0.19765625 0.42578125 0.03515625 0.0265625
0 0.34296875 0.3921875 0.0390625 0.03125
0 0.42109375 0.3984375 0.03515625 0.03125
0 0.2328125 0.684375 0.0421875 0.028125
0 0.2890625 0.6875 0.04140625 0.034375
0 0.3765625 0.68828125 0.03984375 0.0265625
0 0.2265625 0.38046875 0.03984375 0.0265625
0 0.290625 0.29609375 0.03671875 0.0296875
0 0.525 0.403125 0.040625 0.03125
2 0.2421875 0.33671875 0.03203125 0.0296875
0 0.621875 0.05625 0.03046875 0.034375
0 0.63984375 0.2734375 0.0375 0.03125
0 0.559375 0.6984375 0.03671875 0.03125
0 0.60234375 0.70234375 0.040625 0.0359375
0 0.65546875 0.70625 0.0390625 0.03125
0 0.70078125 0.71015625 0.040625 0.0296875
0 0.8046875 0.7171875 0.0359375 0.025
2 0.42890625 0.69140625 0.0375 0.0359375
0 0.0078125 0.93671875 0.01484375 0.0796875
0 0.58125 0.025 0.02265625 0.034375
0 0.62421875 0.02109375 0.0375 0.0359375