2 0.1515625 0.5734375 0.03359375 0.028125
0 0.03046875 0.54140625 0.03984375 0.0296875
0 0.05703125 0.62265625 0.03671875 0.0296875
0 0.17109375 0.6203125 0.04140625 0.034375
0 0.37109375 0.63671875 0.0375 0.0328125
0 0.4734375 0.4671875 0.040625 0.028125
0 0.40390625 0.2328125 0.03671875 0.028125
0 0.45390625 0.2578125 0.03046875 0.03125
0 0.45390625 0.22421875 0.03671875 0.0296875
0 0.4515625 0.18828125 0.03671875 0.0265625
0 0.403125 0.1421875 0.03203125 0.028125
0 0.66953125 0.04453125 0.01640625 0.0578125
0 0.7015625 0.0375 0.01484375 0.053125
0 0.0484375 0.940625 0.04765625 0.034375
0 0.10859375 0.9359375 0.04296875 0.03125
0 0.2 0.928125 0.04296875 0.03125
0 0.3921875 0.91875 0.040625 0.03125
0 0.4375 0.91640625 0.04375 0.0359375
0 0.49375 0.915625 0.040625 0.03125
0 0.5375 0.9125 0.0421875 0.03125
0 0.64765625 0.9109375 0.04375 0.028125
2 0.25078125 0.92265625 0.04296875 0.0328125
0 0.99296875 0.8421875 0.0125 0.034375