2 0.75390625 0.71796875 0.03515625 0.0390625
3 0.8640625 0.68359375 0.0359375 0.0578125
0 0.7734375 0.8671875 0.0390625 0.0375
0 0.7453125 0.8046875 0.040625 0.040625
0 0.59140625 0.78359375 0.0421875 0.0421875
0 0.62890625 0.715625 0.0359375 0.040625
0 0.63046875 0.67890625 0.0359375 0.0421875
0 0.5328125 0.65 0.03671875 0.034375
0 0.4671875 0.678125 0.034375 0.03125
0 0.54140625 0.43671875 0.0203125 0.0609375
0 0.5671875 0.42578125 0.02109375 0.0609375
0 0.609375 0.38515625 0.01484375 0.0609375
0 0.5515625 0.36328125 0.02109375 0.0640625
0 0.565625 0.2625 0.01640625 0.059375
0 0.54453125 0.20703125 0.01875 0.0609375
0 0.571875 0.02421875 0.01875 0.0484375
0 0.746875 0.66328125 0.0375 0.0390625
0 0.209375 0.5390625 0.040625 0.040625