2 0.05078125 0.390625 0.03359375 0.03125
0 0.04296875 0.7375 0.04375 0.028125
0 0.103125 0.73515625 0.040625 0.0296875
0 0.19140625 0.7265625 0.03671875 0.028125
0 0.0390625 0.434375 0.040625 0.028125
0 0.01640625 0.48203125 0.0328125 0.0359375
0 0.153125 0.43203125 0.040625 0.0328125
0 0.278125 0.34453125 0.0375 0.0265625
0 0.3765625 0.7171875 0.03671875 0.028125
0 0.41953125 0.7140625 0.03671875 0.028125
0 0.4734375 0.7109375 0.0375 0.028125
0 0.51640625 0.7109375 0.03984375 0.025
0 0.61875 0.7078125 0.03984375 0.028125
0 0.446875 0.41875 0.03671875 0.03125
0 0.4515625 0.28203125 0.0390625 0.0265625
0 0.3796875 0.0375 0.0359375 0.028125
0 0.43046875 0.03046875 0.03671875 0.0234375
0 0.43203125 0.06484375 0.0296875 0.0328125
0 0.775 0.4015625 0.0421875 0.034375
0 0.96875 0.64375 0.04140625 0.03125
2 0.240625 0.725 0.040625 0.034375