0 0.9375 0.76953125 0.03984375 0.0359375
0 0.7875 0.77109375 0.03984375 0.0328125
0 0.74140625 0.76640625 0.0390625 0.0296875
0 0.58671875 0.6671875 0.040625 0.034375
0 0.5171875 0.76796875 0.03203125 0.0296875
0 0.47734375 0.76484375 0.0375 0.0296875
0 0.41328125 0.76015625 0.0421875 0.0328125
0 0.3609375 0.7609375 0.0328125 0.028125
0 0.18515625 0.75859375 0.04140625 0.0328125
0 0.13828125 0.759375 0.0375 0.028125
0 0.0921875 0.75859375 0.03984375 0.0359375
0 0.24921875 0.67265625 0.040625 0.0296875
0 0.3640625 0.5046875 0.034375 0.025
0 0.4140625 0.51875 0.03671875 0.03125
0 0.32109375 0.503125 0.0328125 0.028125
0 0.16875 0.51328125 0.040625 0.0265625
0 0.021875 0.75625 0.04296875 0.03125
0 0.32734375 0.396875 0.03046875 0.05625
0 0.3703125 0.4625 0.0390625 0.034375
0 0.3125 0.371875 0.03203125 0.053125
0 0.29921875 0.353125 0.03359375 0.059375
0 0.28203125 0.328125 0.028125 0.053125
3 0.5640625 0.77109375 0.034375 0.0296875
3 0.69140625 0.75234375 0.04375 0.0328125