3 0.81015625 0.115625 0.0265625 0.05
2 0.6984375 0.87578125 0.03515625 0.0515625
0 0.78203125 0.1625 0.02578125 0.053125
0 0.7640625 0.2078125 0.021875 0.046875
0 0.77734375 0.42734375 0.02578125 0.0546875
0 0.70078125 0.3640625 0.0265625 0.059375
0 0.7015625 0.45390625 0.02890625 0.0609375
0 0.67578125 0.51875 0.0296875 0.059375
0 0.67890625 0.5890625 0.03046875 0.059375
0 0.65078125 0.58203125 0.028125 0.0609375
0 0.67890625 0.915625 0.03671875 0.053125
0 0.81171875 0.95625 0.0375 0.059375
0 0.596875 0.76875 0.0375 0.05625
0 0.53203125 0.7625 0.0328125 0.05
0 0.49765625 0.67421875 0.03515625 0.0484375
0 0.10703125 0.34921875 0.0328125 0.0546875
0 0.2265625 0.33046875 0.03046875 0.0484375
0 0.19609375 0.16171875 0.03359375 0.0515625
3 0.06953125 0.08359375 0.02578125 0.0421875