0 0.096875 0.81171875 0.0359375 0.0359375
0 0.19296875 0.77890625 0.03984375 0.0296875
0 0.140625 0.56875 0.0390625 0.034375
0 0.04453125 0.7703125 0.0421875 0.040625
0 0.31875 0.81640625 0.040625 0.0359375
0 0.371875 0.7953125 0.0390625 0.040625
0 0.29921875 0.509375 0.03984375 0.0375
0 0.340625 0.4484375 0.0390625 0.0375
0 0.42578125 0.678125 0.034375 0.0375
0 0.459375 0.76015625 0.0375 0.0421875
0 0.640625 0.69375 0.0359375 0.034375
0 0.6828125 0.6796875 0.03984375 0.0375
0 0.73359375 0.6625 0.03671875 0.0375
0 0.77734375 0.64921875 0.0390625 0.0359375
0 0.66015625 0.246875 0.040625 0.0375
0 0.7671875 0.35078125 0.04140625 0.0390625
0 0.6140625 0.03828125 0.03046875 0.0296875
0 0.9734375 0.1953125 0.04296875 0.0375
0 0.8796875 0.61328125 0.0359375 0.0328125
2 0.51015625 0.7421875 0.0390625 0.040625
0 0.5625 0.02421875 0.034375 0.0265625
0 0.6078125 0.01015625 0.0375 0.0203125