2 0.39453125 0.50390625 0.03671875 0.0515625
0 0.1875 0.61171875 0.03984375 0.0328125
0 0.3078125 0.55625 0.03515625 0.034375
0 0.4046875 0.35390625 0.0125 0.0390625
0 0.47109375 0.77890625 0.02265625 0.0671875
0 0.48359375 0.86875 0.02109375 0.0625
0 0.4 0.3109375 0.01484375 0.046875
0 0.40625 0.26640625 0.01328125 0.0421875
0 0.4890625 0.0578125 0.01484375 0.0375
0 0.4625 0.02890625 0.01640625 0.0359375
0 0.58125 0.3078125 0.01640625 0.05
0 0.359375 0.0765625 0.015625 0.040625
0 0.38203125 0.2078125 0.015625 0.040625
0 0.3890625 0.2515625 0.01875 0.0375
0 0.04375 0.66640625 0.0359375 0.0328125
0 0.53984375 0.13828125 0.015625 0.0328125