2 0.18046875 0.375 0.03671875 0.08125
0 0.11015625 0.20390625 0.03046875 0.0484375
0 0.16484375 0.1375 0.03203125 0.046875
0 0.1046875 0.05703125 0.03203125 0.0484375
0 0.11328125 0.53515625 0.0359375 0.0640625
0 0.35859375 0.5625 0.0375 0.059375
0 0.39921875 0.61875 0.03671875 0.05
0 0.4671875 0.71171875 0.03203125 0.0453125
0 0.6171875 0.9234375 0.03359375 0.05625
0 0.65625 0.97578125 0.0359375 0.0453125
0 0.83203125 0.64375 0.0421875 0.05625
0 0.934375 0.95390625 0.04609375 0.0640625
0 0.890625 0.4375 0.0375 0.046875
0 0.9015625 0.40390625 0.03671875 0.0484375
0 0.915625 0.36796875 0.03359375 0.0546875
0 0.8875 0.26640625 0.0328125 0.0484375
0 0.08203125 0.1640625 0.0359375 0.053125
0 0.06640625 0.1 0.0328125 0.053125
0 0.01875 0.7328125 0.0375 0.075
0 0.040625 0.10703125 0.0296875 0.0484375
0 0.0125 0.0625 0.025 0.05
0 0.86171875 0.3578125 0.02890625 0.046875
2 0.50859375 0.76796875 0.0359375 0.0546875