2 0.58984375 0.20625 0.06875 0.109375
0 0.3578125 0.44453125 0.03203125 0.0546875
0 0.21796875 0.7421875 0.03984375 0.065625
0 0.14921875 0.89140625 0.0421875 0.0640625
0 0.44609375 0.8703125 0.03359375 0.053125
0 0.48046875 0.81484375 0.03203125 0.0546875
0 0.521875 0.75859375 0.0375 0.0609375
0 0.5546875 0.7109375 0.03515625 0.059375
0 0.63046875 0.6015625 0.03359375 0.05625
0 0.21953125 0.32421875 0.0359375 0.0515625
0 0.259375 0.271875 0.03359375 0.053125
1 0.06796875 0.97421875 0.0515625 0.0484375
0 0.0234375 0.9828125 0.03203125 0.03125
0 0.18359375 0.25390625 0.03359375 0.0546875
0 0.24765625 0.2359375 0.03046875 0.046875
0 0.271875 0.29296875 0.02734375 0.0484375