2 0.1875 0.33828125 0.03203125 0.0296875
0 0.1453125 0.425 0.0328125 0.025
0 0.1734375 0.38125 0.0375 0.028125
0 0.2390625 0.296875 0.0359375 0.03125
0 0.2875 0.390625 0.0390625 0.034375
0 0.375 0.4 0.0359375 0.03125
0 0.17421875 0.684375 0.04375 0.028125
0 0.23125 0.6875 0.04140625 0.03125
0 0.31953125 0.6921875 0.0375 0.025
0 0.02578125 0.1171875 0.01640625 0.071875
0 0.52265625 0.4109375 0.0421875 0.034375
0 0.58671875 0.2765625 0.03984375 0.03125
0 0.50390625 0.70390625 0.0359375 0.0265625
0 0.54609375 0.70390625 0.0390625 0.0328125
0 0.6 0.7109375 0.03671875 0.03125
0 0.64375 0.71484375 0.03984375 0.0296875
0 0.74609375 0.72421875 0.0375 0.0265625
0 0.571875 0.0234375 0.0359375 0.03125
0 0.57421875 0.05859375 0.0296875 0.0265625
0 0.52265625 0.0296875 0.03046875 0.034375
2 0.36953125 0.69453125 0.040625 0.0296875