2 0.5546875 0.26015625 0.0671875 0.1109375
0 0.14921875 0.88671875 0.04453125 0.0703125
0 0.19375 0.77421875 0.04140625 0.0671875
0 0.44765625 0.86796875 0.03203125 0.0578125
0 0.48125 0.81875 0.0359375 0.059375
0 0.5234375 0.76015625 0.034375 0.0609375
0 0.55703125 0.7109375 0.0359375 0.05625
0 0.6359375 0.6046875 0.03359375 0.05625
0 0.36015625 0.4484375 0.0359375 0.059375
0 0.22265625 0.32265625 0.0375 0.0515625
0 0.26328125 0.27109375 0.034375 0.0515625
0 0.27734375 0.29453125 0.028125 0.0484375
0 0.2484375 0.2390625 0.03046875 0.05
0 0.1875 0.25 0.0359375 0.059375
1 0.06953125 0.97578125 0.05390625 0.0453125
0 0.021875 0.98203125 0.034375 0.0328125