0 0.1203125 0.3140625 0.0390625 0.034375
0 0.296875 0.3140625 0.04453125 0.040625
0 0.065625 0.87578125 0.0265625 0.0796875
0 0.30703125 0.68515625 0.04296875 0.0390625
0 0.3609375 0.70234375 0.03984375 0.0328125
0 0.44609375 0.72421875 0.034375 0.0328125
0 0.56484375 0.65546875 0.03515625 0.0390625
0 0.6296875 0.7859375 0.0421875 0.0375
0 0.65859375 0.72578125 0.03671875 0.0390625
0 0.74296875 0.3765625 0.04140625 0.0375
0 0.74765625 0.0734375 0.03671875 0.028125
0 0.74453125 0.1140625 0.0375 0.034375
0 0.7421875 0.15 0.034375 0.03125
0 0.83984375 0.5546875 0.04453125 0.040625
0 0.8 0.7296875 0.046875 0.053125
0 0.67265625 0.80078125 0.0421875 0.0359375
0 0.728125 0.82265625 0.04140625 0.0359375
0 0.77265625 0.83984375 0.04296875 0.0421875
0 0.8734375 0.871875 0.04375 0.028125
0 0.9609375 0.8390625 0.03984375 0.0375
0 0.7015625 0.109375 0.01953125 0.034375
0 0.69765625 0.0109375 0.0375 0.021875
2 0.4984375 0.74453125 0.04140625 0.0421875
0 0.05546875 0.1859375 0.04453125 0.04375
0 0.9875 0.0171875 0.0203125 0.034375