2 0.13203125 0.5390625 0.03359375 0.08125
0 0.0140625 0.23828125 0.028125 0.0421875
0 0.084375 0.29296875 0.0375 0.0421875
0 0.03984375 0.38671875 0.03671875 0.0421875
0 0.01171875 0.36484375 0.0234375 0.0390625
0 0.09140625 0.715625 0.0296875 0.071875
0 0.33828125 0.621875 0.03984375 0.05
0 0.3890625 0.65546875 0.040625 0.0453125
0 0.46796875 0.7140625 0.0359375 0.046875
0 0.603125 0.48515625 0.04140625 0.0484375
0 0.64375 0.84453125 0.03671875 0.0484375
0 0.684375 0.87421875 0.0421875 0.0546875
0 0.73828125 0.91484375 0.04140625 0.0515625
0 0.7828125 0.95 0.0421875 0.05625
0 0.9171875 0.65078125 0.040625 0.0453125
0 0.80625 0.4796875 0.04375 0.046875
0 0.8046875 0.09296875 0.03671875 0.0390625
0 0.84609375 0.18125 0.0390625 0.040625
0 0.83984375 0.2171875 0.0359375 0.0375
0 0.8328125 0.25390625 0.034375 0.0359375
0 0.79453125 0.19453125 0.028125 0.0390625
2 0.515625 0.746875 0.03984375 0.046875
0 0.025 0.959375 0.03359375 0.078125
0 0.16171875 0.05078125 0.040625 0.0484375