0 0.50234375 0.80859375 0.03515625 0.0484375
0 0.6375 0.83203125 0.03671875 0.0453125
0 0.6765625 0.80078125 0.03984375 0.0546875
0 0.68828125 0.69609375 0.03984375 0.0546875
0 0.72421875 0.75625 0.0390625 0.046875
0 0.06484375 0.9734375 0.04296875 0.05
0 0.5890625 0.38515625 0.0390625 0.0484375
0 0.440625 0.14140625 0.03203125 0.0421875
0 0.49921875 0.15234375 0.03359375 0.0453125
0 0.50859375 0.184375 0.034375 0.040625
0 0.51953125 0.2125 0.028125 0.04375
0 0.76328125 0.7203125 0.03984375 0.05
0 0.78125 0.58046875 0.03046875 0.0390625
0 0.85234375 0.6421875 0.03515625 0.046875
2 0.515625 0.94375 0.0375 0.053125
0 0.465625 0.97890625 0.0375 0.0390625
0 0.465625 0.2171875 0.0359375 0.03125