2 0.44921875 0.50078125 0.0375 0.0515625
0 0.24375 0.5671875 0.03671875 0.03125
0 0.10703125 0.59921875 0.0375 0.0296875
0 0.3625 0.53515625 0.03671875 0.0265625
0 0.509375 0.7875 0.02109375 0.071875
0 0.51796875 0.878125 0.01875 0.059375
0 0.46796875 0.3515625 0.01328125 0.040625
0 0.4734375 0.2625 0.0140625 0.034375
0 0.45390625 0.20546875 0.01484375 0.0390625
0 0.64609375 0.3328125 0.01640625 0.05
0 0.49765625 0.0484375 0.0109375 0.0375
0 0.43828125 0.07421875 0.01328125 0.0390625
0 0.45703125 0.24375 0.0109375 0.0375
0 0.4640625 0.30703125 0.01796875 0.0515625
0 0.61328125 0.159375 0.01328125 0.04375
0 0.55703125 0.0125 0.01328125 0.025
0 0.04765625 0.61640625 0.040625 0.0265625