0 0.3578125 0.62890625 0.040625 0.0328125
0 0.34453125 0.81484375 0.0375 0.0421875
0 0.3140625 0.9578125 0.040625 0.028125
0 0.37265625 0.94453125 0.03671875 0.0296875
0 0.4625 0.9265625 0.0359375 0.028125
0 0.5546875 0.81953125 0.0375 0.0328125
0 0.65 0.7640625 0.03203125 0.0375
0 0.65078125 0.8921875 0.0390625 0.03125
0 0.69765625 0.8828125 0.03984375 0.034375
0 0.753125 0.871875 0.040625 0.034375
0 0.79765625 0.86640625 0.034375 0.0390625
0 0.903125 0.8515625 0.0390625 0.040625
0 0.90859375 0.653125 0.04140625 0.0375
0 0.69140625 0.4390625 0.040625 0.03125
0 0.5921875 0.11484375 0.03203125 0.0328125
0 0.64765625 0.15703125 0.0375 0.0328125
0 0.65 0.1921875 0.03671875 0.028125
0 0.653125 0.22734375 0.0359375 0.0359375
2 0.51328125 0.91953125 0.04296875 0.0390625