0 0.021875 0.58046875 0.03984375 0.0390625
0 0.31328125 0.50234375 0.040625 0.0359375
0 0.3546875 0.7046875 0.03359375 0.040625
0 0.30703125 0.81171875 0.04296875 0.0390625
0 0.3640625 0.79765625 0.03984375 0.0390625
0 0.49375 0.621875 0.03984375 0.034375
0 0.45859375 0.6859375 0.0359375 0.034375
0 0.45078125 0.7671875 0.0375 0.03125
0 0.63203125 0.7125 0.0359375 0.03125
0 0.67578125 0.7015625 0.03984375 0.034375
0 0.725 0.61328125 0.0390625 0.0328125
0 0.521875 0.3734375 0.040625 0.04375
0 0.66171875 0.26484375 0.040625 0.0421875
0 0.61953125 0.0546875 0.03203125 0.040625
0 0.72734375 0.68671875 0.03671875 0.0328125
0 0.76953125 0.67421875 0.0390625 0.0359375
0 0.8734375 0.64765625 0.03203125 0.0359375
2 0.5015625 0.75078125 0.03671875 0.0453125
0 0.61328125 0.0203125 0.0375 0.040625
0 0.56796875 0.0375 0.034375 0.03125