1 0.28203125 0.48359375 0.05703125 0.0640625
2 0.509375 0.52109375 0.07734375 0.0828125
3 0.2625 0.51875 0.0328125 0.040625
0 0.0515625 0.25 0.0359375 0.0375
0 0.26640625 0.43046875 0.0328125 0.0390625
0 0.3296875 0.46640625 0.0390625 0.0421875
0 0.3625 0.5265625 0.040625 0.05
0 0.63828125 0.56640625 0.04140625 0.0421875
0 0.68125 0.32265625 0.03515625 0.0390625
0 0.67734375 0.35546875 0.034375 0.0359375
0 0.91796875 0.2671875 0.02109375 0.053125
0 0.953125 0.2765625 0.01796875 0.053125
0 0.51796875 0.93359375 0.0390625 0.0421875
0 0.5625 0.9625 0.0359375 0.046875
0 0.21328125 0.75390625 0.04296875 0.0484375
0 0.6484375 0.21953125 0.028125 0.0328125
0 0.6359375 0.303125 0.03359375 0.040625
0 0.68515625 0.28515625 0.03359375 0.0359375
0 0.3453125 0.82734375 0.034375 0.0421875
2 0.390625 0.8546875 0.0375 0.046875
0 0.26328125 0.7828125 0.0359375 0.053125