2 0.11875 0.5703125 0.03671875 0.084375
0 0.01484375 0.5265625 0.0296875 0.028125
0 0.0796875 0.94140625 0.025 0.0796875
0 0.3140625 0.725 0.04296875 0.034375
0 0.37109375 0.73671875 0.040625 0.0328125
0 0.45625 0.7515625 0.034375 0.03125
0 0.64375 0.79921875 0.0375 0.0390625
0 0.6859375 0.809375 0.04140625 0.0375
0 0.74140625 0.82265625 0.040625 0.0390625
0 0.7875 0.834375 0.0421875 0.040625
0 0.89453125 0.8625 0.03984375 0.03125
0 0.74296875 0.37578125 0.040625 0.0359375
0 0.68671875 0.01328125 0.0359375 0.0265625
0 0.73828125 0.07578125 0.0375 0.0296875
0 0.7359375 0.11484375 0.0359375 0.0328125
0 0.73515625 0.15078125 0.0359375 0.0296875
0 0.05703125 0.24765625 0.04609375 0.0421875
2 0.5078125 0.76328125 0.03984375 0.0421875
0 0.68984375 0.1109375 0.0296875 0.03125