0 0.31875 0.2484375 0.040625 0.046875
0 0.034375 0.34765625 0.0375 0.0484375
0 0.14765625 0.29921875 0.0359375 0.0453125
0 0.25625 0.434375 0.0390625 0.046875
0 0.0859375 0.67734375 0.03046875 0.0765625
0 0.02265625 0.91640625 0.02890625 0.0796875
0 0.33359375 0.5890625 0.04140625 0.053125
0 0.384375 0.628125 0.040625 0.05
0 0.4625 0.6 0.0484375 0.05625
0 0.4625 0.68203125 0.03046875 0.0421875
0 0.6359375 0.81640625 0.03359375 0.0421875
0 0.67734375 0.85234375 0.0421875 0.0453125
0 0.72734375 0.88984375 0.03671875 0.0484375
0 0.77109375 0.92890625 0.0421875 0.0515625
0 0.80703125 0.56640625 0.040625 0.0453125
0 0.8 0.4546875 0.040625 0.04375
0 0.8296875 0.234375 0.0375 0.034375
0 0.83671875 0.1984375 0.0375 0.05
0 0.84453125 0.16171875 0.03671875 0.0328125
0 0.8046875 0.07421875 0.0359375 0.0390625
0 0.4546875 0.3734375 0.0390625 0.05
0 0.01015625 0.32109375 0.0203125 0.0390625
0 0.159375 0.02109375 0.04140625 0.0421875
0 0.7921875 0.17421875 0.034375 0.0453125
2 0.509375 0.72421875 0.04375 0.0546875