1 0.35859375 0.41484375 0.05546875 0.0734375
2 0.55078125 0.515625 0.07421875 0.103125
3 0.334375 0.440625 0.03203125 0.04375
0 0.259375 0.64609375 0.03671875 0.0515625
0 0.375 0.76953125 0.034375 0.0484375
0 0.5296875 0.94609375 0.03515625 0.0515625
0 0.66484375 0.6328125 0.0421875 0.04375
0 0.4296875 0.48984375 0.0375 0.0546875
0 0.40390625 0.4140625 0.03203125 0.046875
0 0.76640625 0.40390625 0.034375 0.0484375
0 0.759375 0.4375 0.03203125 0.040625
0 0.01875 0.67109375 0.0375 0.0640625
0 0.01796875 0.365625 0.02734375 0.040625
0 0.084375 0.26015625 0.03359375 0.0453125
2 0.03046875 0.2859375 0.0609375 0.10625
0 0.16875 0.1125 0.03046875 0.0375
0 0.30625 0.6921875 0.028125 0.053125
2 0.41484375 0.81328125 0.04140625 0.0578125
0 0.3484375 0.3609375 0.03359375 0.053125
0 0.77578125 0.36796875 0.0359375 0.0390625
0 0.7265625 0.36875 0.028125 0.040625
0 0.74609375 0.284375 0.025 0.0375
0 0.5703125 0.97890625 0.0375 0.0390625