2 0.3109375 0.43984375 0.03984375 0.0609375
0 0.225 0.51015625 0.03671875 0.0390625
0 0.1046875 0.60546875 0.03515625 0.0421875
0 0.29921875 0.1859375 0.01484375 0.04375
0 0.2984375 0.23359375 0.01796875 0.0453125
0 0.30859375 0.278125 0.01484375 0.046875
0 0.41171875 0.69140625 0.02578125 0.0671875
0 0.4984375 0.84140625 0.0234375 0.0671875
0 0.54765625 0.9078125 0.028125 0.06875
0 0.3765625 0.03671875 0.01953125 0.0390625
0 0.409375 0.075 0.01484375 0.0375
0 0.4828125 0.1890625 0.02109375 0.053125
0 0.4359375 0.7703125 0.021875 0.065625
0 0.47265625 0.9046875 0.025 0.071875
2 0.49140625 0.9734375 0.025 0.05
0 0.23671875 0.0125 0.01640625 0.025
0 0.42578125 0.02578125 0.01796875 0.0421875
0 0.2703125 0.13046875 0.01875 0.0453125
0 0.28203125 0.178125 0.0203125 0.046875
0 0.97265625 0.83125 0.03203125 0.05625
0 0.92734375 0.890625 0.02890625 0.06875
0 0.9640625 0.9625 0.0359375 0.0625
0 0.946875 0.984375 0.025 0.028125
0 0.9828125 0.953125 0.0328125 0.075