2 0.12109375 0.5390625 0.03515625 0.08125
0 0.3140625 0.7375 0.04140625 0.028125
0 0.36875 0.74609375 0.03671875 0.0265625
0 0.453125 0.75625 0.0375 0.021875
0 0.640625 0.78828125 0.0359375 0.0328125
0 0.6875 0.79765625 0.0390625 0.0296875
0 0.7421875 0.8078125 0.0390625 0.03125
0 0.784375 0.81484375 0.0390625 0.0390625
0 0.89296875 0.8375 0.04296875 0.03125
0 0.734375 0.3625 0.0421875 0.034375
0 0.72109375 0.1359375 0.03359375 0.03125
0 0.721875 0.1046875 0.03984375 0.03125
0 0.721875 0.06171875 0.03515625 0.0265625
0 0.08203125 0.96328125 0.02265625 0.0703125
2 0.5078125 0.76640625 0.03671875 0.0359375
0 0.040625 0.27734375 0.04296875 0.0328125
0 0.0109375 0.5609375 0.02109375 0.0375
0 0.66875 0.00859375 0.0359375 0.0171875
0 0.67890625 0.0984375 0.0234375 0.03125