2 0.11953125 0.5609375 0.03671875 0.084375
0 0.0765625 0.8703125 0.028125 0.078125
0 0.0265625 0.45234375 0.0390625 0.0296875
0 0.31953125 0.69453125 0.0421875 0.0390625
0 0.3734375 0.71640625 0.03671875 0.0328125
0 0.45703125 0.7453125 0.03359375 0.03125
0 0.64140625 0.81953125 0.0375 0.0359375
0 0.68515625 0.8375 0.040625 0.034375
0 0.7375 0.859375 0.04140625 0.0375
0 0.78515625 0.88203125 0.03984375 0.0359375
0 0.89375 0.9265625 0.03984375 0.04375
0 0.76171875 0.4109375 0.04140625 0.0375
0 0.7640625 0.18359375 0.0328125 0.0328125
0 0.765625 0.14765625 0.0375 0.0328125
0 0.76953125 0.11015625 0.03515625 0.0359375
0 0.72109375 0.0390625 0.03359375 0.025
0 0.0828125 0.1890625 0.03984375 0.040625
2 0.5109375 0.76640625 0.04453125 0.0359375
0 0.00625 0.5640625 0.0125 0.028125
0 0.71796875 0.140625 0.034375 0.0375