1 0.121875 0.59140625 0.0640625 0.0484375
2 0.5046875 0.440625 0.078125 0.0625
3 0.11171875 0.64296875 0.0390625 0.0328125
0 0.1203125 0.90390625 0.046875 0.0359375
0 0.459375 0.8265625 0.03671875 0.03125
0 0.50234375 0.81875 0.040625 0.034375
0 0.09296875 0.55390625 0.0375 0.0359375
0 0.184375 0.534375 0.040625 0.025
0 0.2171875 0.57109375 0.040625 0.0359375
0 0.55625 0.80546875 0.0375 0.0328125
0 0.5984375 0.79765625 0.0390625 0.0328125
0 0.69921875 0.77734375 0.03671875 0.0296875
0 0.50390625 0.38984375 0.03671875 0.0328125
0 0.17890625 0.89296875 0.03984375 0.0390625
0 0.27109375 0.87109375 0.04453125 0.0359375
2 0.3234375 0.8609375 0.04140625 0.046875
0 0.4203125 0.0796875 0.0359375 0.025
0 0.42734375 0.1734375 0.0375 0.0375
0 0.471875 0.1171875 0.0375 0.04375
0 0.475 0.1578125 0.03671875 0.03125
0 0.478125 0.1859375 0.02890625 0.0375