2 0.26953125 0.40078125 0.03984375 0.0640625
0 0.06640625 0.59609375 0.03984375 0.0484375
0 0.18828125 0.4890625 0.0390625 0.04375
0 0.3859375 0.63671875 0.028125 0.0640625
0 0.43828125 0.65703125 0.0265625 0.0578125
0 0.4921875 0.721875 0.0265625 0.05625
0 0.4109375 0.715625 0.0234375 0.053125
0 0.45390625 0.8390625 0.028125 0.065625
0 0.259375 0.23984375 0.02109375 0.0453125
0 0.24609375 0.1984375 0.0234375 0.05
0 0.24609375 0.14765625 0.02109375 0.0421875
0 0.2125 0.096875 0.02109375 0.046875
0 0.3421875 0.04765625 0.02109375 0.0421875
0 0.38046875 0.08515625 0.02109375 0.0390625
0 0.43359375 0.12578125 0.025 0.0453125
0 0.8921875 0.75390625 0.03203125 0.0578125
0 0.91484375 0.85234375 0.03515625 0.0578125
0 0.93046875 0.82578125 0.03515625 0.0734375
0 0.228125 0.1421875 0.01953125 0.046875
2 0.4796875 0.9140625 0.03203125 0.078125
0 0.93515625 0.69296875 0.02578125 0.0484375
0 0.9484375 0.8015625 0.034375 0.059375
0 0.8125 0.98359375 0.02578125 0.0296875