1 0.071875 0.61953125 0.065625 0.0984375
0 0.0671875 0.56484375 0.03671875 0.0609375
0 0.17578125 0.478125 0.04453125 0.06875
0 0.16640625 0.884375 0.0421875 0.0625
0 0.2140625 0.81875 0.03359375 0.059375
0 0.2828125 0.72109375 0.03671875 0.0546875
3 0.28515625 0.38671875 0.03515625 0.0609375
0 0.42890625 0.515625 0.03203125 0.053125
0 0.4609375 0.46640625 0.034375 0.0546875
0 0.5015625 0.4140625 0.034375 0.059375
0 0.53515625 0.3671875 0.034375 0.0625
0 0.3328125 0.08671875 0.0359375 0.0609375
0 0.41875 0.09140625 0.0375 0.0640625
0 0.615625 0.2546875 0.03359375 0.053125
2 0.3203125 0.665625 0.0359375 0.0625