0 0.78203125 0.39140625 0.04140625 0.0390625
0 0.4984375 0.62109375 0.0421875 0.0421875
0 0.41484375 0.52890625 0.0390625 0.0421875
0 0.2484375 0.40078125 0.03984375 0.0453125
0 0.1171875 0.421875 0.03984375 0.034375
0 0.1140625 0.37265625 0.0328125 0.0328125
0 0.15078125 0.253125 0.0375 0.0375
0 0.09296875 0.18984375 0.034375 0.0359375
0 0.08671875 0.76953125 0.028125 0.0765625
0 0.328125 0.625 0.04140625 0.04375
0 0.38125 0.65234375 0.03984375 0.0390625
0 0.46328125 0.6890625 0.03359375 0.0375
0 0.64453125 0.7859375 0.0359375 0.04375
0 0.6875 0.80703125 0.0375 0.0421875
0 0.740625 0.83671875 0.0421875 0.0421875
0 0.78515625 0.86171875 0.03984375 0.0390625
0 0.88984375 0.9171875 0.0421875 0.034375
0 0.7265625 0.75234375 0.046875 0.0515625
0 0.7953125 0.16171875 0.03515625 0.0359375
0 0.79765625 0.1234375 0.03984375 0.0375
0 0.8046875 0.08671875 0.03984375 0.0296875
0 0.5015625 0.35625 0.0359375 0.0375
0 0.75703125 0.01484375 0.0359375 0.0296875
0 0.75390625 0.11015625 0.028125 0.0390625
2 0.515625 0.71640625 0.040625 0.0390625
0 0.015625 0.44921875 0.03125 0.0453125
0 0.11171875 0.08671875 0.040625 0.0421875