0 0.2078125 0.753125 0.04140625 0.046875
0 0.425 0.82734375 0.03984375 0.0484375
0 0.62578125 0.76640625 0.0359375 0.0484375
0 0.7234375 0.6828125 0.03046875 0.05
0 0.63984375 0.39453125 0.03984375 0.0453125
0 0.51171875 0.11171875 0.03515625 0.0453125
0 0.58671875 0.20078125 0.0375 0.0453125
0 0.57109375 0.134375 0.0359375 0.05
0 0.57734375 0.16796875 0.03515625 0.0453125
0 0.465625 0.94453125 0.04296875 0.0421875
0 0.646875 0.846875 0.0359375 0.046875
0 0.6890625 0.82265625 0.04296875 0.0453125
0 0.740625 0.79375 0.03671875 0.040625
0 0.7828125 0.7734375 0.0421875 0.04375
0 0.88046875 0.725 0.0375 0.046875
0 0.97265625 0.4796875 0.04140625 0.040625
0 0.534375 0.19375 0.02890625 0.028125
2 0.51640625 0.9171875 0.0390625 0.05625
0 0.378125 0.9859375 0.04140625 0.025