0 0.390625 0.23515625 0.03046875 0.0484375
0 0.45234375 0.2296875 0.03203125 0.04375
0 0.4625 0.26171875 0.03515625 0.0453125
0 0.47265625 0.28984375 0.02890625 0.0484375
0 0.5546875 0.44765625 0.03984375 0.0515625
0 0.57265625 0.79453125 0.0328125 0.0453125
0 0.628125 0.88671875 0.03515625 0.0421875
0 0.6671875 0.83984375 0.03671875 0.0609375
0 0.74296875 0.6546875 0.03515625 0.053125
0 0.7078125 0.78515625 0.0359375 0.0484375
0 0.74765625 0.74375 0.03515625 0.05625
0 0.82734375 0.64765625 0.03203125 0.0515625
0 0.83203125 0.521875 0.03203125 0.046875