0 0.09375 0.7703125 0.0328125 0.06875
0 0.0671875 0.43046875 0.040625 0.0234375
0 0.2296875 0.5875 0.01953125 0.0625
0 0.29375 0.44375 0.0390625 0.034375
0 0.2578125 0.340625 0.0359375 0.03125
0 0.41796875 0.44921875 0.03515625 0.0265625
0 0.309375 0.74375 0.040625 0.03125
0 0.36484375 0.74609375 0.0390625 0.0265625
0 0.45390625 0.7453125 0.03671875 0.028125
0 0.5921875 0.68359375 0.04296875 0.0359375
0 0.51875 0.45078125 0.04140625 0.0296875
0 0.63828125 0.75546875 0.0375 0.0265625
0 0.68203125 0.76015625 0.0375 0.0265625
0 0.73515625 0.7609375 0.03671875 0.028125
0 0.78046875 0.7640625 0.03984375 0.03125
0 0.88515625 0.77265625 0.0375 0.0265625
0 0.79453125 0.41484375 0.0421875 0.0296875
0 0.71484375 0.321875 0.03984375 0.03125
3 0.196875 0.39140625 0.0296875 0.0328125
0 0.69375 0.06484375 0.03515625 0.0296875
0 0.6953125 0.103125 0.03359375 0.03125
0 0.69375 0.02734375 0.0359375 0.0296875
2 0.50625 0.75078125 0.03984375 0.0328125