2 0.228125 0.3828125 0.0375 0.065625
0 0.14765625 0.48359375 0.04140625 0.0484375
0 0.4328125 0.5875 0.02734375 0.05625
0 0.3578125 0.6046875 0.028125 0.0625
0 0.43203125 0.78828125 0.02890625 0.0640625
0 0.58515625 0.95546875 0.034375 0.0640625
0 0.8 0.90078125 0.03984375 0.0734375
0 0.896875 0.70390625 0.034375 0.0671875
0 0.3546875 0.11015625 0.021875 0.0421875
0 0.37734375 0.0796875 0.025 0.046875
0 0.3109375 0.07109375 0.0234375 0.0453125
0 0.20703125 0.2234375 0.0203125 0.04375
0 0.18828125 0.1265625 0.01953125 0.040625
0 0.18984375 0.17734375 0.02265625 0.0484375
0 0.371875 0.51484375 0.02265625 0.0546875
2 0.459375 0.8625 0.034375 0.05625
0 0.3859375 0.67265625 0.028125 0.0609375
0 0.0265625 0.61328125 0.0390625 0.0546875
0 0.14921875 0.0765625 0.0203125 0.046875
0 0.165625 0.12421875 0.021875 0.0515625
0 0.89765625 0.57265625 0.02265625 0.0421875
0 0.85546875 0.634375 0.03515625 0.0625
0 0.91484375 0.67734375 0.03203125 0.0578125
0 0.88515625 0.728125 0.02890625 0.05