0 0.0890625 0.6078125 0.034375 0.071875
0 0.01484375 0.8296875 0.02890625 0.071875
0 0.05703125 0.2703125 0.0375 0.046875
0 0.021875 0.2375 0.034375 0.046875
0 0.31328125 0.44921875 0.04140625 0.0578125
0 0.3375 0.56328125 0.0390625 0.0546875
0 0.38515625 0.60703125 0.03515625 0.0515625
0 0.46015625 0.34140625 0.0390625 0.0515625
0 0.459375 0.67890625 0.03046875 0.0484375
0 0.6421875 0.53203125 0.03984375 0.0515625
0 0.625 0.84375 0.03515625 0.053125
0 0.6640625 0.88359375 0.0390625 0.0546875
0 0.7140625 0.93203125 0.03984375 0.0578125
0 0.753125 0.971875 0.03984375 0.053125
0 0.74140625 0.83515625 0.0421875 0.0578125
0 0.81015625 0.51484375 0.040625 0.0515625
0 0.85078125 0.29609375 0.0359375 0.0390625
0 0.859375 0.2609375 0.0375 0.04375
0 0.86953125 0.225 0.03984375 0.05
0 0.1296875 0.25546875 0.04140625 0.0546875
0 0.009375 0.184375 0.01875 0.0375
0 0.0109375 0.08203125 0.021875 0.0359375
2 0.5046875 0.72421875 0.0390625 0.0578125
0 0.8328125 0.12578125 0.0359375 0.0453125
0 0.81640625 0.2296875 0.0265625 0.046875