2 0.0125 0.43515625 0.025 0.0796875
0 0.2140625 0.509375 0.04140625 0.046875
0 0.21875 0.3796875 0.03515625 0.0375
0 0.34453125 0.415625 0.0390625 0.040625
0 0.3421875 0.5921875 0.03984375 0.04375
0 0.19453125 0.18671875 0.03515625 0.0390625
0 0.271875 0.19140625 0.0328125 0.0328125
0 0.053125 0.2625 0.034375 0.040625
0 0.14609375 0.11875 0.03515625 0.04375
0 0.66953125 0.36015625 0.03671875 0.0390625
0 0.51328125 0.7125 0.03359375 0.034375
0 0.55390625 0.7421875 0.034375 0.040625
0 0.6015625 0.778125 0.03671875 0.04375
0 0.64375 0.8125 0.04140625 0.046875
0 0.74609375 0.88671875 0.0421875 0.0421875
0 0.69453125 0.1484375 0.02734375 0.034375
0 0.69765625 0.1125 0.0328125 0.0375
0 0.95078125 0.0828125 0.025 0.065625
0 0.98359375 0.09140625 0.0203125 0.0578125
0 0.26328125 0.54140625 0.034375 0.0453125
2 0.3875 0.6265625 0.0421875 0.05
0 0.6546875 0.0921875 0.0296875 0.040625
0 0.7046875 0.08125 0.03515625 0.034375