2 0.22109375 0.29453125 0.03984375 0.0765625
0 0.0375 0.5859375 0.040625 0.0625
0 0.14765625 0.421875 0.03984375 0.05625
0 0.1515625 0.05078125 0.034375 0.0609375
0 0.17421875 0.09921875 0.03046875 0.0546875
0 0.2328125 0.04921875 0.0296875 0.0546875
0 0.38046875 0.51875 0.03515625 0.065625
0 0.415625 0.5875 0.03359375 0.059375
0 0.47265625 0.6984375 0.02734375 0.05625
0 0.60234375 0.959375 0.0328125 0.065625
0 0.84375 0.74921875 0.040625 0.0671875
0 0.93515625 0.38671875 0.03671875 0.0546875
0 0.9234375 0.559375 0.03671875 0.053125
0 0.9390625 0.52890625 0.0359375 0.0640625
0 0.95625 0.50078125 0.03515625 0.0578125
0 0.8578125 0.96953125 0.04453125 0.0578125
2 0.5078125 0.7703125 0.03515625 0.071875
0 0.90078125 0.46875 0.028125 0.053125