0 0.45859375 0.71484375 0.0359375 0.0609375
0 0.29765625 0.61875 0.0359375 0.059375
0 0.3 0.4515625 0.028125 0.04375
0 0.20859375 0.365625 0.02734375 0.05
0 0.09921875 0.2828125 0.0265625 0.04375
0 0.31953125 0.23359375 0.02734375 0.0421875
0 0.06796875 0.56953125 0.0421875 0.0546875
3 0.14140625 0.44375 0.0375 0.075
0 0.0703125 0.18984375 0.025 0.0390625
0 0.21328125 0.08828125 0.0234375 0.0421875
0 0.2640625 0.19765625 0.03203125 0.0453125
0 0.6203125 0.9046875 0.0375 0.06875
0 0.75703125 0.7625 0.040625 0.065625
0 0.3375 0.6796875 0.02890625 0.05
0 0.40078125 0.77890625 0.03515625 0.0578125
2 0.4328125 0.83671875 0.040625 0.0671875
0 0.8171875 0.415625 0.0328125 0.040625
0 0.78828125 0.4921875 0.02890625 0.05
0 0.81875 0.565625 0.03203125 0.046875
0 0.82890625 0.53984375 0.0375 0.0578125
0 0.8421875 0.5109375 0.0359375 0.04375
0 0.52890625 0.9859375 0.0265625 0.025
0 0.2671875 0.08359375 0.0296875 0.0515625
0 0.0765625 0.24140625 0.0296875 0.0515625
0 0.0234375 0.1546875 0.02578125 0.046875
0 0.04609375 0.19453125 0.02890625 0.0421875