2 0.53046875 0.434375 0.078125 0.071875
1 0.221875 0.378125 0.0625 0.059375
3 0.203125 0.41640625 0.03515625 0.0421875
0 0.165625 0.6578125 0.04375 0.040625
0 0.22109375 0.684375 0.034375 0.0375
0 0.30078125 0.71953125 0.0390625 0.0359375
0 0.47890625 0.80078125 0.0375 0.0390625
0 0.5203125 0.82421875 0.03671875 0.0390625
0 0.5734375 0.8453125 0.040625 0.0375
0 0.61484375 0.8703125 0.03984375 0.0375
0 0.71875 0.92109375 0.040625 0.0390625
0 0.6015625 0.4203125 0.03515625 0.0375
0 0.8515625 0.10703125 0.01484375 0.0578125
0 0.88515625 0.1140625 0.01484375 0.05625
0 0.27109375 0.35625 0.040625 0.04375
0 0.30703125 0.415625 0.04140625 0.040625
0 0.2046875 0.3265625 0.03046875 0.0375
2 0.35 0.74296875 0.0421875 0.0546875
0 0.5859375 0.07421875 0.03203125 0.0296875
0 0.578125 0.16640625 0.02734375 0.0296875
0 0.6265625 0.14375 0.0328125 0.03125
0 0.62265625 0.17890625 0.03671875 0.0390625
0 0.621875 0.2109375 0.03046875 0.03125