2 0.19375 0.3515625 0.0359375 0.078125
0 0.41015625 0.603125 0.0359375 0.065625
0 0.36953125 0.54140625 0.034375 0.0609375
0 0.1265625 0.49609375 0.0375 0.0609375
0 0.1375 0.16484375 0.03046875 0.0515625
0 0.11015625 0.1203125 0.0296875 0.05625
0 0.096875 0.05625 0.0296875 0.046875
0 0.19296875 0.10234375 0.02734375 0.0484375
0 0.028125 0.68671875 0.03515625 0.0640625
0 0.4765625 0.69921875 0.02890625 0.0515625
0 0.61953125 0.92734375 0.03515625 0.0640625
0 0.74921875 0.71015625 0.040625 0.0703125
0 0.8421875 0.6671875 0.040625 0.059375
0 0.921875 0.43046875 0.0375 0.0578125
0 0.90703125 0.4640625 0.034375 0.046875
0 0.93671875 0.39921875 0.03359375 0.0453125
0 0.91015625 0.29375 0.03984375 0.053125
0 0.07109375 0.0609375 0.03203125 0.05
0 0.1359375 0.01953125 0.02890625 0.0390625
0 0.040625 0.01640625 0.0375 0.0328125
2 0.5140625 0.759375 0.0375 0.059375
0 0.88046875 0.384375 0.02734375 0.046875