2 0.4890625 0.51328125 0.034375 0.0453125
0 0.2875 0.553125 0.03359375 0.025
0 0.4046875 0.53671875 0.034375 0.0234375
0 0.52578125 0.28125 0.0125 0.040625
0 0.50703125 0.22265625 0.01328125 0.0390625
0 0.5171875 0.3703125 0.0140625 0.0375
0 0.51640625 0.32421875 0.01328125 0.0453125
0 0.5390625 0.80703125 0.02109375 0.0671875
0 0.54375 0.8984375 0.01640625 0.065625
0 0.69765625 0.371875 0.01796875 0.046875
0 0.5 0.09140625 0.009375 0.0359375
0 0.15546875 0.56484375 0.0296875 0.0234375
0 0.67109375 0.1890625 0.0140625 0.04375
0 0.5109375 0.26953125 0.01796875 0.0421875
0 0.56875 0.178125 0.0140625 0.01875
0 0.0984375 0.57578125 0.03984375 0.0296875