0 0.5265625 0.4625 0.0328125 0.05625
0 0.41484375 0.26796875 0.03359375 0.0515625
0 0.4265625 0.29296875 0.03359375 0.0515625
0 0.4390625 0.31796875 0.025 0.0484375
0 0.35546875 0.27421875 0.03359375 0.0453125
0 0.63203125 0.709375 0.0359375 0.05625
0 0.62109375 0.88671875 0.03359375 0.0578125
0 0.65703125 0.83046875 0.03203125 0.0578125
0 0.696875 0.7703125 0.03359375 0.05
0 0.7296875 0.72890625 0.034375 0.0671875
0 0.78515625 0.5515625 0.03046875 0.053125
0 0.80234375 0.62265625 0.0328125 0.0640625
0 0.86875 0.4078125 0.02890625 0.046875