0 0.07890625 0.6390625 0.0328125 0.06875
0 0.08828125 0.2703125 0.04453125 0.05625
0 0.0375 0.30625 0.03671875 0.046875
0 0.328125 0.5796875 0.0421875 0.053125
0 0.3765625 0.62265625 0.03671875 0.0484375
0 0.453125 0.6875 0.03359375 0.04375
0 0.6203125 0.8421875 0.0375 0.053125
0 0.659375 0.88125 0.040625 0.05625
0 0.71015625 0.92734375 0.03984375 0.0578125
0 0.75078125 0.965625 0.04296875 0.059375
0 0.7875 0.87421875 0.03515625 0.0578125
0 0.85546875 0.9796875 0.040625 0.0375
0 0.91484375 0.77109375 0.04453125 0.0546875
0 0.64375 0.52421875 0.04140625 0.0546875
0 0.79765625 0.5015625 0.040625 0.05
0 0.83359375 0.28046875 0.03671875 0.0390625
0 0.83828125 0.24296875 0.03984375 0.0484375
0 0.85 0.21171875 0.04140625 0.0453125
0 0.0109375 0.8703125 0.02109375 0.078125
0 0.15 0.034375 0.04453125 0.053125
0 0.303125 0.409375 0.0421875 0.05625
2 0.50078125 0.73046875 0.03984375 0.0484375
0 0.81171875 0.1171875 0.03671875 0.040625
0 0.796875 0.21796875 0.0296875 0.0421875
0 0.01171875 0.27734375 0.02265625 0.0390625