1 0.06171875 0.9421875 0.0703125 0.1
0 0.35546875 0.39140625 0.03515625 0.0671875
0 0.303125 0.56484375 0.040625 0.0609375
0 0.15 0.82578125 0.04296875 0.0703125
3 0.17890625 0.84765625 0.03359375 0.0640625
0 0.0203125 0.93984375 0.03984375 0.0640625
0 0.4421875 0.8109375 0.03359375 0.05625
0 0.47734375 0.75859375 0.03515625 0.0546875
0 0.51640625 0.70234375 0.03671875 0.0640625
0 0.55078125 0.65625 0.03203125 0.065625
0 0.62578125 0.54375 0.034375 0.059375
0 0.18125 0.184375 0.03359375 0.04375
0 0.24140625 0.1765625 0.034375 0.053125
0 0.2546875 0.2078125 0.034375 0.05
0 0.26640625 0.2328125 0.03203125 0.053125
0 0.21484375 0.265625 0.03671875 0.053125
2 0.33125 0.96328125 0.040625 0.0703125
2 0.70234375 0.0234375 0.0546875 0.046875