0 0.1875 0.13984375 0.04296875 0.0484375
0 0.03671875 0.090625 0.03515625 0.040625
0 0.134375 0.33125 0.04140625 0.04375
0 0.015625 0.384375 0.03046875 0.04375
0 0.06875 0.7125 0.034375 0.078125
0 0.31875 0.6125 0.04453125 0.053125
0 0.3703125 0.6484375 0.0390625 0.046875
0 0.4515625 0.7015625 0.03984375 0.046875
0 0.7046875 0.559375 0.0421875 0.046875
0 0.78203125 0.4609375 0.040625 0.046875
0 0.80703125 0.23359375 0.034375 0.0328125
0 0.81171875 0.2015625 0.04140625 0.05
0 0.81953125 0.1671875 0.03984375 0.040625
0 0.78046875 0.0765625 0.0390625 0.04375
0 0.7171875 0.771875 0.0296875 0.04375
0 0.7921875 0.87578125 0.04140625 0.0546875
0 0.6234375 0.82734375 0.03671875 0.0515625
0 0.665625 0.859375 0.04140625 0.053125
0 0.71640625 0.8984375 0.0375 0.053125
0 0.759375 0.9296875 0.040625 0.053125
0 0.01171875 0.95625 0.02265625 0.08125
0 0.0078125 0.2984375 0.01484375 0.0375
0 0.13359375 0.04375 0.03671875 0.046875
2 0.49921875 0.73671875 0.03671875 0.0515625
0 0.76640625 0.1765625 0.03203125 0.0375
0 0.97734375 0.9734375 0.0359375 0.05