0 0.04921875 0.76953125 0.03671875 0.0359375
0 0.1453125 0.74921875 0.0390625 0.0296875
0 0.2 0.51328125 0.03671875 0.0328125
0 0.35234375 0.4765625 0.04140625 0.034375
0 0.37890625 0.67734375 0.0390625 0.0296875
0 0.315625 0.78984375 0.0421875 0.0328125
0 0.3703125 0.778125 0.0421875 0.034375
0 0.459375 0.7546875 0.0359375 0.028125
0 0.42421875 0.41015625 0.040625 0.0328125
0 0.67890625 0.265625 0.04140625 0.0375
0 0.64140625 0.7125 0.0390625 0.028125
0 0.684375 0.70234375 0.0390625 0.0296875
0 0.7375 0.68828125 0.0359375 0.0296875
0 0.78046875 0.6796875 0.03671875 0.028125
0 0.88359375 0.65859375 0.03671875 0.0296875
0 0.87578125 0.36171875 0.04375 0.0359375
0 0.98125 0.58203125 0.0359375 0.0421875
2 0.509375 0.7421875 0.040625 0.040625
0 0.590625 0.03125 0.02734375 0.028125
0 0.63515625 0.015625 0.0375 0.03125
0 0.6421875 0.0515625 0.03359375 0.040625
0 0.01796875 0.575 0.03515625 0.046875
0 0.13046875 0.2578125 0.01953125 0.046875