0 0.63203125 0.2359375 0.03984375 0.04375
0 0.59609375 0.31875 0.04609375 0.05
0 0.38984375 0.49921875 0.04140625 0.0453125
0 0.396875 0.66953125 0.040625 0.0421875
0 0.40078125 0.7234375 0.0359375 0.040625
0 0.296875 0.7734375 0.034375 0.04375
0 0.64921875 0.596875 0.0375 0.040625
0 0.07421875 0.653125 0.04453125 0.05
0 0.315625 0.8484375 0.04375 0.05
0 0.3703125 0.82265625 0.040625 0.0484375
0 0.45390625 0.775 0.03671875 0.0375
0 0.63203125 0.6859375 0.0375 0.04375
0 0.67421875 0.6640625 0.0375 0.046875
0 0.725 0.63984375 0.0390625 0.0484375
0 0.7671875 0.61875 0.04140625 0.05
0 0.86171875 0.5703125 0.0390625 0.040625
0 0.01796875 0.62890625 0.0359375 0.0421875
0 0.0484375 0.02890625 0.02109375 0.0546875
2 0.50546875 0.7515625 0.040625 0.04375
0 0.52578125 0.0296875 0.0390625 0.0375
0 0.57734375 0.03359375 0.02890625 0.0390625
0 0.57109375 0.0125 0.040625 0.025