2 0.6296875 0.15234375 0.06875 0.1046875
0 0.35703125 0.4453125 0.03515625 0.05625
0 0.21953125 0.32109375 0.0390625 0.0515625
0 0.27265625 0.29375 0.028125 0.05
0 0.259375 0.2703125 0.034375 0.05625
0 0.24296875 0.70234375 0.03984375 0.0609375
0 0.14765625 0.88671875 0.04296875 0.0703125
0 0.4453125 0.86875 0.03359375 0.059375
0 0.47890625 0.8140625 0.034375 0.059375
0 0.52109375 0.75625 0.0359375 0.05625
0 0.55546875 0.70703125 0.03515625 0.0640625
0 0.6328125 0.6 0.03046875 0.05625
1 0.0640625 0.9734375 0.0546875 0.05
2 0.12109375 0.97578125 0.0359375 0.0453125
0 0.01875 0.9828125 0.0328125 0.03125
0 0.18125 0.24765625 0.03203125 0.0484375
0 0.24609375 0.23515625 0.0328125 0.0546875