0 0.26015625 0.5375 0.0296875 0.0375
0 0.275 0.496875 0.02890625 0.03125
0 0.13671875 0.9625 0.02890625 0.0625
0 0.2 0.9 0.02265625 0.065625
0 0.21953125 0.91484375 0.0265625 0.0703125
0 0.23984375 0.928125 0.021875 0.0625
0 0.36640625 0.9765625 0.028125 0.04375
0 0.65546875 0.909375 0.02265625 0.065625
0 0.69140625 0.478125 0.01640625 0.04375
0 0.7328125 0.371875 0.01484375 0.040625
0 0.703125 0.1703125 0.01171875 0.040625
0 0.75859375 0.146875 0.01171875 0.028125
0 0.88359375 0.26875 0.03046875 0.03125
0 0.91015625 0.30546875 0.02890625 0.0296875
0 0.93671875 0.2875 0.028125 0.028125
0 0.42421875 0.17890625 0.025 0.0265625
0 0.4171875 0.20234375 0.021875 0.0234375
0 0.3984375 0.2171875 0.02109375 0.025