0 0.16484375 0.6265625 0.0390625 0.046875
0 0.18359375 0.665625 0.03984375 0.05
0 0.20703125 0.89765625 0.0359375 0.0515625
0 0.221875 0.82109375 0.04140625 0.0484375
0 0.3015625 0.825 0.0375 0.046875
0 0.33125 0.88984375 0.04140625 0.0515625
0 0.38359375 0.846875 0.03984375 0.046875
0 0.465625 0.78125 0.034375 0.0375
0 0.52734375 0.6375 0.0359375 0.04375
0 0.63359375 0.64921875 0.03515625 0.0453125
0 0.54765625 0.3953125 0.0359375 0.046875
0 0.60234375 0.2046875 0.0375 0.046875
0 0.740625 0.165625 0.0421875 0.053125
0 0.671875 0.61796875 0.0375 0.0453125
0 0.7203125 0.58203125 0.03671875 0.0421875
0 0.7609375 0.55234375 0.0390625 0.0453125
0 0.85234375 0.48359375 0.0359375 0.0421875
2 0.51171875 0.74453125 0.040625 0.0515625
0 0.03046875 0.26875 0.02734375 0.06875
0 0.4828125 0.01875 0.03203125 0.0375
0 0.53671875 0.0203125 0.03359375 0.040625