2 0.5171875 0.41640625 0.07890625 0.0640625
1 0.1 0.646875 0.0671875 0.05625
0 0.690625 0.7390625 0.03515625 0.034375
0 0.59140625 0.775 0.0375 0.034375
0 0.5484375 0.790625 0.03984375 0.025
0 0.49609375 0.80859375 0.0359375 0.0359375
0 0.45234375 0.82265625 0.03359375 0.0328125
0 0.17578125 0.934375 0.0390625 0.03125
0 0.11484375 0.96171875 0.04609375 0.0328125
0 0.17578125 0.578125 0.04453125 0.034375
0 0.1984375 0.6109375 0.04453125 0.04375
0 0.0671875 0.6140625 0.04296875 0.0375
0 0.47578125 0.384375 0.03359375 0.040625
3 0.0921875 0.696875 0.0390625 0.034375
2 0.3171875 0.87890625 0.046875 0.0484375
0 0.2671875 0.89921875 0.046875 0.0390625
0 0.375 0.08828125 0.03046875 0.0296875
0 0.38984375 0.17109375 0.03515625 0.0296875
0 0.428125 0.11875 0.03359375 0.034375
0 0.4328125 0.153125 0.03515625 0.028125
0 0.4375 0.1875 0.0296875 0.0375