0 0.26328125 0.76484375 0.0328125 0.0265625
0 0.3140625 0.903125 0.040625 0.03125
0 0.37109375 0.9109375 0.0421875 0.028125
0 0.47421875 0.82421875 0.040625 0.0359375
0 0.4625 0.91328125 0.0359375 0.0328125
0 0.50546875 0.603125 0.040625 0.03125
0 0.5578125 0.79140625 0.03359375 0.0390625
0 0.65234375 0.93203125 0.0375 0.0265625
0 0.7 0.9359375 0.03984375 0.0375
0 0.75390625 0.940625 0.0375 0.034375
0 0.80078125 0.9453125 0.0375 0.034375
0 0.80859375 0.75625 0.04140625 0.040625
0 0.728125 0.48671875 0.040625 0.0328125
0 0.7078125 0.271875 0.03046875 0.03125
0 0.6546875 0.14375 0.0390625 0.028125
0 0.7078125 0.196875 0.0359375 0.03125
0 0.70546875 0.23828125 0.0375 0.0296875
0 0.92734375 0.0796875 0.015625 0.059375
0 0.95859375 0.0734375 0.01640625 0.05625
0 0.91171875 0.8359375 0.04609375 0.0375
0 0.9671875 0.896875 0.04375 0.03125
0 0.91328125 0.9578125 0.04375 0.040625
0 0.03671875 0.4578125 0.04375 0.0375
2 0.51484375 0.92109375 0.03984375 0.0359375
0 0.6578125 0.2359375 0.0390625 0.03125