0 0.446875 0.7484375 0.034375 0.06875
0 0.31015625 0.60234375 0.025 0.0484375
0 0.32578125 0.6203125 0.0265625 0.05625
0 0.34375 0.6421875 0.025 0.053125
0 0.25078125 0.63359375 0.02734375 0.0515625
0 0.4 0.28984375 0.02734375 0.0484375
0 0.415625 0.25234375 0.02265625 0.0421875
0 0.7359375 0.61875 0.0265625 0.053125
0 0.73515625 0.79609375 0.0234375 0.0578125
0 0.68125 0.9328125 0.0296875 0.075
0 0.82578125 0.4671875 0.0234375 0.05625
0 0.89921875 0.05390625 0.01875 0.0453125
0 0.8796875 0.2875 0.01875 0.034375
0 0.29609375 0.6796875 0.03046875 0.04375
0 0.98515625 0.221875 0.02734375 0.028125
0 0.6609375 0.98203125 0.0234375 0.0328125