0 0.23671875 0.2328125 0.0375 0.04375
0 0.8109375 0.19453125 0.03671875 0.0359375
0 0.815625 0.15625 0.0390625 0.0375
0 0.82109375 0.11875 0.0390625 0.040625
0 0.7796875 0.03359375 0.034375 0.0328125
0 0.2265625 0.4015625 0.0375 0.04375
0 0.08671875 0.72578125 0.03203125 0.0734375
0 0.328125 0.5125 0.03984375 0.046875
0 0.33125 0.6109375 0.04296875 0.04375
0 0.38203125 0.63984375 0.03984375 0.0421875
0 0.4625 0.68515625 0.03515625 0.0421875
0 0.546875 0.6609375 0.05 0.053125
0 0.5109375 0.71640625 0.03671875 0.0484375
0 0.6390625 0.8015625 0.0390625 0.0375
0 0.6828125 0.82734375 0.040625 0.0453125
0 0.73515625 0.86171875 0.0421875 0.0484375
0 0.77734375 0.89296875 0.04296875 0.0484375
0 0.8828125 0.96171875 0.0421875 0.0453125
0 0.7015625 0.4703125 0.0390625 0.0375
0 0.790625 0.421875 0.040625 0.04375
0 0.053125 0.2515625 0.0390625 0.046875
0 0.00859375 0.30703125 0.0171875 0.0359375
0 0.02109375 0.40546875 0.03671875 0.0421875
0 0.03046875 0.9671875 0.03359375 0.0625
0 0.13125 0.0546875 0.03984375 0.05
0 0.7703125 0.13828125 0.02890625 0.0390625