0 0.38515625 0.5296875 0.04609375 0.0625
0 0.3375 0.5734375 0.0390625 0.053125
0 0.384375 0.6140625 0.03359375 0.05
0 0.08828125 0.63359375 0.0296875 0.0703125
0 0.07421875 0.184375 0.03671875 0.05
0 0.190625 0.3421875 0.03671875 0.05
0 0.3921875 0.28671875 0.03671875 0.0453125
0 0.54921875 0.44921875 0.0359375 0.0515625
0 0.80625 0.49140625 0.040625 0.0453125
0 0.63046875 0.83359375 0.03984375 0.0453125
0 0.66953125 0.86953125 0.0390625 0.0546875
0 0.71875 0.915625 0.040625 0.05625
0 0.76171875 0.95625 0.04140625 0.05625
0 0.87109375 0.94375 0.04296875 0.05625
0 0.9109375 0.6859375 0.04140625 0.05625
0 0.84375 0.271875 0.03515625 0.04375
0 0.85078125 0.23359375 0.03984375 0.0515625
0 0.86171875 0.1984375 0.040625 0.04375
0 0.8203125 0.10546875 0.0359375 0.0421875
0 0.4640625 0.68046875 0.03203125 0.0453125
2 0.50625 0.7203125 0.040625 0.05625
0 0.015625 0.86796875 0.0296875 0.0703125
0 0.01640625 0.26875 0.0328125 0.046875
0 0.04921875 0.3015625 0.0390625 0.046875
0 0.80859375 0.20390625 0.0234375 0.0359375