2 0.14140625 0.47265625 0.03515625 0.0765625
0 0.02578125 0.19921875 0.0328125 0.0421875
0 0.04921875 0.35078125 0.03515625 0.0546875
0 0.09453125 0.26171875 0.034375 0.0453125
0 0.0859375 0.6796875 0.03359375 0.071875
0 0.3375 0.61796875 0.0375 0.0484375
0 0.38515625 0.65859375 0.03984375 0.0546875
0 0.4625 0.7234375 0.034375 0.04375
0 0.63203125 0.88203125 0.03671875 0.0453125
0 0.6734375 0.9171875 0.03515625 0.040625
0 0.72265625 0.9640625 0.0421875 0.053125
0 0.80703125 0.53203125 0.04296875 0.0578125
0 0.8171875 0.14609375 0.034375 0.0390625
0 0.840625 0.31328125 0.03515625 0.0328125
0 0.84921875 0.275 0.03515625 0.04375
0 0.8546875 0.23828125 0.03359375 0.0390625
0 0.80234375 0.24765625 0.028125 0.0453125
0 0.18203125 0.03359375 0.03671875 0.0515625
0 0.01484375 0.90859375 0.0296875 0.0734375
2 0.509375 0.76640625 0.040625 0.0484375
0 0.0171875 0.3171875 0.034375 0.04375