0 0.0734375 0.21015625 0.03984375 0.0421875
0 0.2390625 0.234375 0.04296875 0.046875
0 0.065625 0.78828125 0.02890625 0.0765625
0 0.3125 0.64609375 0.04375 0.0484375
0 0.36484375 0.671875 0.04140625 0.040625
0 0.446875 0.7109375 0.0328125 0.040625
0 0.64140625 0.6984375 0.03359375 0.040625
0 0.6265625 0.8078125 0.0390625 0.04375
0 0.66875 0.83046875 0.04140625 0.0484375
0 0.72734375 0.7890625 0.0390625 0.04375
0 0.721875 0.86015625 0.03984375 0.0453125
0 0.76640625 0.8875 0.0421875 0.05
0 0.89453125 0.840625 0.04453125 0.053125
0 0.771875 0.5734375 0.04296875 0.046875
0 0.76484375 0.4171875 0.0421875 0.0375
0 0.09375 0.10703125 0.03984375 0.0421875
2 0.49921875 0.73828125 0.03359375 0.0453125
0 0.73984375 0.03984375 0.034375 0.0359375
0 0.734375 0.1390625 0.03203125 0.040625
0 0.7875 0.11484375 0.03515625 0.0359375
0 0.7765625 0.15234375 0.04375 0.0421875
0 0.77578125 0.19296875 0.0375 0.0328125