0 0.4 0.9078125 0.0328125 0.075
0 0.2484375 0.78671875 0.0234375 0.0703125
0 0.26875 0.80234375 0.02578125 0.0703125
0 0.284375 0.81796875 0.02109375 0.0578125
0 0.18671875 0.83203125 0.028125 0.0640625
0 0.32265625 0.446875 0.0296875 0.0375
0 0.33671875 0.41015625 0.0296875 0.0359375
0 0.6921875 0.8828125 0.025 0.06875
0 0.73359375 0.52578125 0.02109375 0.0515625
0 0.790625 0.3984375 0.01875 0.046875
0 0.7859375 0.13828125 0.0140625 0.0421875
0 0.82734375 0.19296875 0.01328125 0.0265625
0 0.9546875 0.2921875 0.03046875 0.034375
0 0.4984375 0.109375 0.02109375 0.021875
0 0.49140625 0.1328125 0.0234375 0.028125
0 0.471875 0.14375 0.01640625 0.021875