1 0.4109375 0.3875 0.05078125 0.078125
2 0.565625 0.48046875 0.0703125 0.1046875
2 0.103125 0.2015625 0.065625 0.1
3 0.37265625 0.08046875 0.0375 0.0640625
0 0.40390625 0.33046875 0.03203125 0.0421875
0 0.328125 0.13515625 0.0328125 0.0421875
0 0.4765625 0.471875 0.03515625 0.05625
0 0.45390625 0.39609375 0.0359375 0.0578125
0 0.5546875 0.57734375 0.0359375 0.0578125
0 0.30234375 0.59296875 0.034375 0.0515625
0 0.5484375 0.94765625 0.03359375 0.0578125
0 0.07109375 0.56875 0.0359375 0.0625
0 0.0609375 0.14375 0.03046875 0.05
0 0.1578125 0.18203125 0.0296875 0.0484375
0 0.05625 0.18359375 0.0265625 0.0453125
0 0.065625 0.23984375 0.028125 0.0484375
0 0.090625 0.27578125 0.028125 0.0484375
0 0.009375 0.15234375 0.01875 0.0515625
0 0.03515625 0.19140625 0.028125 0.0421875
0 0.34140625 0.646875 0.02890625 0.05
0 0.40234375 0.73515625 0.034375 0.0609375
2 0.44453125 0.79296875 0.03515625 0.0609375
0 0.24765625 0.0546875 0.03203125 0.05
0 0.81171875 0.3375 0.02734375 0.0375
0 0.78125 0.4125 0.03046875 0.053125
0 0.82578125 0.4515625 0.0359375 0.053125
0 0.81640625 0.4859375 0.03046875 0.05
0 0.8359375 0.425 0.0359375 0.040625
0 0.578125 0.98203125 0.03046875 0.0328125