0 0.075 0.6640625 0.0375 0.04375
0 0.13046875 0.8078125 0.04296875 0.046875
0 0.14765625 0.86015625 0.0359375 0.0328125
0 0.24609375 0.81015625 0.0375 0.0390625
0 0.25078125 0.51796875 0.0359375 0.0421875
0 0.240625 0.57421875 0.03984375 0.0421875
0 0.3234375 0.84765625 0.040625 0.0359375
0 0.37734375 0.81875 0.0390625 0.046875
0 0.47734375 0.66796875 0.0359375 0.0359375
0 0.4609375 0.77109375 0.034375 0.0328125
0 0.6375 0.67109375 0.0375 0.0390625
0 0.678125 0.65 0.040625 0.040625
0 0.6546875 0.35546875 0.0421875 0.0453125
0 0.63359375 0.22421875 0.03671875 0.0484375
0 0.72890625 0.621875 0.0390625 0.034375
0 0.77109375 0.603125 0.0390625 0.040625
0 0.86953125 0.55234375 0.0359375 0.0421875
0 0.85859375 0.16484375 0.04296875 0.0453125
2 0.51015625 0.74140625 0.03671875 0.0484375
0 0.52578125 0.015625 0.03203125 0.03125
0 0.57734375 0.025 0.03515625 0.04375