0 0.01875 0.41875 0.0375 0.040625
0 0.05859375 0.35703125 0.03984375 0.0421875
0 0.03984375 0.303125 0.0328125 0.0375
0 0.1515625 0.3234375 0.04140625 0.04375
0 0.25703125 0.28046875 0.0359375 0.0421875
0 0.321875 0.46640625 0.0390625 0.0421875
0 0.08828125 0.73984375 0.02734375 0.0765625
0 0.33125 0.61328125 0.0421875 0.0453125
0 0.38203125 0.64296875 0.040625 0.0453125
0 0.4140625 0.56953125 0.040625 0.0453125
0 0.16953125 0.20390625 0.0359375 0.0453125
0 0.46328125 0.68671875 0.03359375 0.0390625
0 0.63671875 0.71015625 0.04609375 0.0484375
0 0.6421875 0.79375 0.03984375 0.04375
0 0.684375 0.8203125 0.0421875 0.05
0 0.7375 0.853125 0.04140625 0.05
0 0.7828125 0.8796875 0.0421875 0.05
0 0.8875 0.94375 0.040625 0.04375
0 0.60234375 0.41171875 0.0375 0.0421875
0 0.790625 0.41171875 0.04140625 0.0453125
2 0.515625 0.71328125 0.0375 0.0390625
0 0.771875 0.025 0.03515625 0.03125
0 0.76484375 0.1296875 0.0296875 0.0375
0 0.81875 0.109375 0.0359375 0.03125
0 0.8125 0.146875 0.03984375 0.040625
0 0.80703125 0.18203125 0.03984375 0.0296875
0 0.12734375 0.065625 0.03984375 0.04375
0 0.03515625 0.9734375 0.0265625 0.05