1 0.0609375 0.94453125 0.06953125 0.0984375
0 0.1484375 0.83125 0.03984375 0.071875
0 0.27109375 0.6140625 0.03671875 0.06875
0 0.35625 0.3921875 0.034375 0.059375
0 0.25703125 0.2109375 0.03515625 0.05
0 0.2703125 0.23828125 0.0265625 0.0484375
0 0.02109375 0.94609375 0.040625 0.0640625
0 0.44296875 0.8109375 0.03671875 0.0625
0 0.478125 0.759375 0.034375 0.0625
0 0.51796875 0.70234375 0.03671875 0.0578125
0 0.55078125 0.653125 0.03203125 0.065625
0 0.62890625 0.54609375 0.03203125 0.0609375
3 0.14765625 0.89296875 0.0390625 0.0671875
2 0.6703125 0.0515625 0.07109375 0.103125
0 0.1796875 0.19140625 0.034375 0.0484375
0 0.21484375 0.25859375 0.03671875 0.0453125
0 0.24296875 0.18046875 0.0328125 0.0453125