0 0.28203125 0.475 0.02734375 0.053125
0 0.3421875 0.44921875 0.0265625 0.0515625
0 0.359375 0.47421875 0.03046875 0.0609375
0 0.37265625 0.49453125 0.02109375 0.0515625
0 0.44140625 0.14453125 0.02578125 0.0484375
0 0.45859375 0.1109375 0.028125 0.040625
0 0.471875 0.61171875 0.0328125 0.0609375
0 0.7125 0.61640625 0.0296875 0.0546875
0 0.7546875 0.696875 0.02734375 0.065625
0 0.696875 0.81953125 0.03046875 0.0671875
0 0.6671875 0.8765625 0.03046875 0.059375
0 0.63203125 0.95 0.03359375 0.0625
0 0.82734375 0.45 0.02890625 0.05625
0 0.89296875 0.2859375 0.01875 0.04375
0 0.32421875 0.5265625 0.03203125 0.04375