2 0.57265625 0.6453125 0.06875 0.103125
1 0.40390625 0.5265625 0.053125 0.08125
0 0.15390625 0.3328125 0.028125 0.05
0 0.4515625 0.09453125 0.021875 0.0421875
0 0.29140625 0.7390625 0.03359375 0.05625
0 0.3328125 0.803125 0.0296875 0.05
0 0.0578125 0.29296875 0.02734375 0.0390625
0 0.05 0.33359375 0.02578125 0.0421875
0 0.05546875 0.71328125 0.03671875 0.0578125
0 0.66015625 0.80625 0.040625 0.040625
0 0.465625 0.6140625 0.0375 0.059375
0 0.44921875 0.53515625 0.034375 0.0453125
0 0.39765625 0.4703125 0.028125 0.046875
0 0.24375 0.21015625 0.03046875 0.0390625
3 0.378125 0.553125 0.0296875 0.046875
0 0.009375 0.3015625 0.01875 0.04375
0 0.06015625 0.38203125 0.0296875 0.0484375
0 0.084375 0.41953125 0.0234375 0.0390625
2 0.09921875 0.3484375 0.06328125 0.103125
0 0.0296875 0.3375 0.02265625 0.040625
0 0.1484375 0.084375 0.0234375 0.034375
0 0.396875 0.8859375 0.03359375 0.05625
2 0.43203125 0.94453125 0.03671875 0.0640625
0 0.77109375 0.5546875 0.034375 0.05
0 0.80078125 0.47890625 0.0234375 0.0359375
0 0.8078125 0.62890625 0.03046875 0.0328125
0 0.8140625 0.59921875 0.0375 0.0515625
0 0.82421875 0.56796875 0.0328125 0.0453125