0 0.21171875 0.578125 0.0328125 0.034375
0 0.221875 0.53359375 0.02890625 0.0265625
0 0.6515625 0.4078125 0.01484375 0.040625
0 0.68125 0.33359375 0.0140625 0.0453125
0 0.62421875 0.89296875 0.02109375 0.0640625
0 0.64296875 0.159375 0.0109375 0.04375
0 0.8203125 0.2375 0.0296875 0.028125
0 0.96328125 0.28203125 0.0265625 0.0234375
0 0.7015625 0.06328125 0.0109375 0.0265625
0 0.8671875 0.24921875 0.025 0.0234375
0 0.36328125 0.19375 0.02265625 0.03125
0 0.35703125 0.2171875 0.025 0.028125
0 0.3375 0.23046875 0.025 0.0265625
0 0.1625 0.95390625 0.025 0.0703125
0 0.18515625 0.96640625 0.02578125 0.0640625
0 0.20390625 0.971875 0.0203125 0.053125