0 0.10703125 0.50390625 0.03671875 0.0359375
0 0.08671875 0.89765625 0.02734375 0.0796875
0 0.31953125 0.6046875 0.0390625 0.034375
0 0.32265625 0.6984375 0.04140625 0.04375
0 0.37578125 0.7109375 0.04140625 0.034375
0 0.46328125 0.728125 0.0390625 0.040625
0 0.571875 0.584375 0.04140625 0.0375
0 0.3671875 0.57421875 0.034375 0.0328125
0 0.19453125 0.3171875 0.0359375 0.0375
0 0.64765625 0.78203125 0.0390625 0.0359375
0 0.70703125 0.67734375 0.040625 0.0390625
0 0.68984375 0.7953125 0.04296875 0.04375
0 0.77578125 0.74296875 0.04375 0.0390625
0 0.74609375 0.8109375 0.040625 0.040625
0 0.79140625 0.82578125 0.04296875 0.0421875
0 0.8984375 0.859375 0.03984375 0.03125
0 0.778125 0.50234375 0.04375 0.0421875
0 0.7546875 0.3640625 0.040625 0.0375
0 0.06796875 0.2109375 0.0484375 0.046875
2 0.5125 0.7421875 0.0390625 0.046875
0 0.709375 0.09296875 0.01640625 0.0296875
0 0.75234375 0.0640625 0.0375 0.03125
0 0.75 0.1 0.03515625 0.03125
0 0.75078125 0.13515625 0.034375 0.0265625