2 0.2234375 0.28828125 0.03671875 0.0765625
0 0.14921875 0.41875 0.03671875 0.05625
0 0.18125 0.09296875 0.028125 0.0609375
0 0.23984375 0.0421875 0.02890625 0.05
0 0.38359375 0.515625 0.03359375 0.0625
0 0.41875 0.584375 0.03203125 0.059375
0 0.47734375 0.6984375 0.02734375 0.05625
0 0.04140625 0.5796875 0.0359375 0.065625
0 0.8015625 0.86875 0.0421875 0.06875
0 0.84453125 0.74921875 0.03671875 0.0671875
0 0.92578125 0.5609375 0.03046875 0.05
0 0.94375 0.534375 0.03515625 0.053125
0 0.9390625 0.38984375 0.034375 0.0546875
0 0.95859375 0.50390625 0.034375 0.0546875
0 0.6046875 0.95390625 0.03046875 0.0609375
2 0.51015625 0.765625 0.03203125 0.065625
0 0.90390625 0.47421875 0.0296875 0.0515625
0 0.15859375 0.04453125 0.028125 0.0578125