2 0.47734375 0.509375 0.0375 0.046875
0 0.08203125 0.59296875 0.0375 0.0203125
0 0.1390625 0.584375 0.03359375 0.025
0 0.2734375 0.559375 0.03515625 0.025
0 0.39140625 0.53671875 0.03515625 0.0265625
0 0.50078125 0.3640625 0.015625 0.04375
0 0.4984375 0.31953125 0.01328125 0.0453125
0 0.5078125 0.278125 0.0140625 0.040625
0 0.56015625 0.265625 0.0140625 0.04375
0 0.48984375 0.21953125 0.0140625 0.0421875
0 0.6515625 0.18203125 0.0140625 0.0359375
0 0.68046875 0.35703125 0.01796875 0.0453125
0 0.53125 0.7984375 0.01796875 0.06875
0 0.53671875 0.890625 0.0203125 0.065625
0 0.478125 0.08203125 0.01484375 0.0390625