2 0.1859375 0.43203125 0.040625 0.0734375
0 0.37109375 0.53203125 0.02734375 0.0484375
0 0.32734375 0.63359375 0.0328125 0.0609375
0 0.36171875 0.7015625 0.02734375 0.05625
0 0.10703125 0.54765625 0.0390625 0.0546875
0 0.29453125 0.45078125 0.028125 0.0515625
0 0.0890625 0.13515625 0.0265625 0.0453125
0 0.13046875 0.178125 0.025 0.04375
0 0.13515625 0.22890625 0.028125 0.0515625
0 0.15546875 0.2703125 0.02578125 0.046875
0 0.2859375 0.159375 0.0265625 0.04375
0 0.334375 0.1984375 0.02578125 0.04375
0 0.52578125 0.846875 0.03515625 0.06875
0 0.78203125 0.85390625 0.0390625 0.0671875
0 0.853125 0.66875 0.03203125 0.05
0 0.8640625 0.6421875 0.03671875 0.0625
0 0.82265625 0.58515625 0.03515625 0.0578125
0 0.240625 0.0359375 0.02265625 0.0375
0 0.32578125 0.10078125 0.028125 0.0484375
0 0.0265625 0.01640625 0.01953125 0.0328125
0 0.10859375 0.175 0.021875 0.04375
0 0.415625 0.809375 0.03359375 0.06875
2 0.4484375 0.87421875 0.03671875 0.0671875
0 0.859375 0.5171875 0.0265625 0.04375
0 0.878125 0.6140625 0.0359375 0.05