2 0.09609375 0.3953125 0.034375 0.075
0 0.240625 0.16171875 0.0328125 0.0515625
0 0.225 0.3296875 0.02890625 0.04375
0 0.303125 0.19296875 0.0296875 0.0484375
0 0.38671875 0.54609375 0.03515625 0.0546875
0 0.271875 0.55078125 0.03515625 0.0546875
0 0.5328125 0.6734375 0.0390625 0.059375
0 0.52734375 0.8859375 0.03359375 0.05625
0 0.5640625 0.9390625 0.0375 0.05625
0 0.73125 0.60078125 0.040625 0.0546875
0 0.78984375 0.37109375 0.03359375 0.0484375
0 0.03046875 0.540625 0.0359375 0.05625
0 0.31328125 0.6 0.03046875 0.05
0 0.38046875 0.684375 0.0296875 0.053125
2 0.41953125 0.740625 0.0390625 0.059375
0 0.00703125 0.14765625 0.0140625 0.0328125
0 0.01328125 0.1953125 0.0265625 0.05
0 0.040625 0.2328125 0.03046875 0.05
0 0.10234375 0.22734375 0.0328125 0.0453125
0 0.1984375 0.00703125 0.03046875 0.0140625
0 0.1859375 0.05546875 0.0296875 0.0453125
0 0.74765625 0.328125 0.03359375 0.046875
0 0.80234375 0.33984375 0.034375 0.0390625
0 0.77578125 0.24765625 0.02265625 0.0390625
0 0.60625 0.9828125 0.0375 0.03125