0 0.3921875 0.3234375 0.0359375 0.0375
0 0.5078125 0.58515625 0.0421875 0.0421875
0 0.3453125 0.478125 0.04140625 0.0375
0 0.17578125 0.51015625 0.03671875 0.0359375
0 0.18515625 0.465625 0.0328125 0.03125
0 0.08828125 0.83359375 0.0265625 0.0828125
0 0.3265625 0.6515625 0.03984375 0.0375
0 0.37890625 0.6703125 0.03984375 0.034375
0 0.46640625 0.69609375 0.0390625 0.0359375
0 0.6453125 0.76328125 0.0390625 0.0390625
0 0.690625 0.7828125 0.040625 0.040625
0 0.74375 0.80234375 0.0390625 0.0390625
0 0.7890625 0.81875 0.03984375 0.040625
0 0.8234375 0.76015625 0.04921875 0.0484375
0 0.8953125 0.85859375 0.04375 0.0421875
0 0.58828125 0.6546875 0.040625 0.040625
0 0.76640625 0.35390625 0.04609375 0.0359375
0 0.7703125 0.1234375 0.0359375 0.028125
0 0.77109375 0.0875 0.04140625 0.03125
0 0.775 0.0484375 0.04140625 0.028125
0 0.08203125 0.14453125 0.04375 0.0390625
0 0.0078125 0.52578125 0.015625 0.0296875
0 0.0078125 0.22734375 0.015625 0.0328125
0 0.028125 0.278125 0.03671875 0.0375
2 0.515625 0.7140625 0.040625 0.03125