0 0.02578125 0.45703125 0.03671875 0.0328125
0 0.08828125 0.86875 0.02265625 0.078125
0 0.2453125 0.55859375 0.03984375 0.0296875
0 0.27109375 0.5234375 0.0328125 0.028125
0 0.28515625 0.3109375 0.03515625 0.03125
0 0.32109375 0.66796875 0.04140625 0.0328125
0 0.37734375 0.6859375 0.0421875 0.0375
0 0.45546875 0.52421875 0.03984375 0.0328125
0 0.4625 0.7015625 0.0359375 0.03125
2 0.5125 0.7140625 0.0421875 0.034375
0 0.60625 0.61484375 0.040625 0.0359375
0 0.64609375 0.75546875 0.0375 0.0421875
0 0.6828125 0.6796875 0.04296875 0.040625
0 0.690625 0.76875 0.04296875 0.040625
0 0.7453125 0.78203125 0.0421875 0.0390625
0 0.790625 0.80078125 0.0390625 0.0359375
0 0.89921875 0.828125 0.03671875 0.03125
0 0.91875 0.76796875 0.05078125 0.0453125
0 0.91015625 0.50078125 0.04921875 0.0390625
0 0.7546875 0.33671875 0.04609375 0.0390625
0 0.75 0.10625 0.03515625 0.0375
0 0.75390625 0.06875 0.03984375 0.03125
0 0.7546875 0.03046875 0.03984375 0.0265625
0 0.0671875 0.18046875 0.04296875 0.0421875