2 0.0859375 0.42421875 0.03203125 0.0296875
0 0.14765625 0.478125 0.0390625 0.03125
0 0.17421875 0.29296875 0.0296875 0.0640625
0 0.0640625 0.69375 0.0375 0.028125
0 0.29921875 0.6609375 0.0375 0.028125
0 0.31328125 0.75625 0.04296875 0.03125
0 0.36953125 0.753125 0.03671875 0.028125
0 0.43984375 0.4484375 0.03984375 0.028125
0 0.30234375 0.45703125 0.0390625 0.0265625
0 0.57890625 0.38984375 0.0375 0.0359375
0 0.45546875 0.7453125 0.034375 0.021875
0 0.6421875 0.7359375 0.0390625 0.034375
0 0.6875 0.73359375 0.0421875 0.0234375
0 0.73984375 0.73046875 0.03359375 0.0296875
0 0.784375 0.72890625 0.0390625 0.0296875
0 0.83125 0.665625 0.040625 0.025
0 0.89140625 0.7265625 0.03984375 0.0375
0 0.70234375 0.2953125 0.03984375 0.03125
0 0.67578125 0.0765625 0.03359375 0.034375
0 0.6765625 0.03828125 0.03515625 0.0234375
2 0.5109375 0.74375 0.04140625 0.040625
0 0.67265625 0.00859375 0.0359375 0.0171875
0 0.62890625 0.04765625 0.02734375 0.0296875