2 0.13203125 0.3984375 0.03359375 0.03125
0 0.20234375 0.3078125 0.0328125 0.059375
0 0.2078125 0.45390625 0.0421875 0.0296875
0 0.02734375 0.6625 0.0375 0.025
0 0.11640625 0.91171875 0.02109375 0.0765625
0 0.26953125 0.64375 0.0375 0.04375
0 0.31328125 0.74765625 0.04296875 0.0328125
0 0.3484375 0.4453125 0.0375 0.025
0 0.3671875 0.74765625 0.03984375 0.0296875
0 0.475 0.4484375 0.040625 0.03125
0 0.45546875 0.74609375 0.03359375 0.0328125
0 0.6390625 0.74921875 0.0375 0.0296875
0 0.6828125 0.74921875 0.0421875 0.0328125
0 0.75078125 0.68984375 0.04375 0.0359375
0 0.7390625 0.75078125 0.03515625 0.0421875
0 0.78125 0.7578125 0.04375 0.034375
0 0.8890625 0.75625 0.03515625 0.03125
0 0.65234375 0.403125 0.04140625 0.0375
0 0.71171875 0.3125 0.03671875 0.03125
0 0.68671875 0.0546875 0.03515625 0.025
0 0.6890625 0.09453125 0.0328125 0.0421875
0 0.684375 0.01796875 0.03984375 0.0328125
0 0.64296875 0.06015625 0.03203125 0.0328125
2 0.50859375 0.746875 0.03671875 0.034375
0 0.01875 0.3234375 0.0375 0.0375