1 0.1359375 0.74453125 0.05546875 0.1078125
3 0.35625 0.29921875 0.03203125 0.0703125
0 0.228125 0.534375 0.03359375 0.071875
0 0.15078125 0.634375 0.02734375 0.06875
0 0.4328125 0.54765625 0.02734375 0.0609375
0 0.45703125 0.484375 0.02734375 0.059375
0 0.48984375 0.4078125 0.028125 0.059375
0 0.5125 0.35 0.02890625 0.065625
0 0.571875 0.203125 0.02734375 0.06875
0 0.27421875 0.1828125 0.02890625 0.065625
0 0.05234375 0.0546875 0.02890625 0.05625
0 0.10625 0.11328125 0.0328125 0.0546875
0 0.153125 0.06328125 0.02890625 0.0609375
0 0.134375 0.040625 0.0359375 0.0625
0 0.1125 0.02421875 0.03203125 0.0484375
2 0.35234375 0.7359375 0.0296875 0.065625
0 0.321875 0.81171875 0.0296875 0.0609375
0 0.271875 0.9390625 0.0328125 0.06875