3 0.50625 0.4875 0.025 0.059375
0 0.53671875 0.23828125 0.02109375 0.0546875
0 0.17109375 0.38359375 0.03046875 0.0359375
0 0.18671875 0.3390625 0.0296875 0.0375
0 0.25234375 0.88828125 0.02734375 0.0765625
0 0.2984375 0.93203125 0.0296875 0.0796875
0 0.38046875 0.77578125 0.03203125 0.0828125
0 0.553125 0.825 0.025 0.071875
0 0.715625 0.065625 0.01484375 0.040625
0 0.02890625 0.82109375 0.03046875 0.0640625
0 0.08125 0.86796875 0.0375 0.0734375
0 0.134375 0.796875 0.02734375 0.0625
0 0.09375 0.76640625 0.02890625 0.0546875
0 0.1140625 0.78046875 0.0328125 0.0671875
0 0.51171875 0.9734375 0.0265625 0.05
0 0.98203125 0.2703125 0.034375 0.04375
0 0.9375 0.17421875 0.034375 0.0328125
0 0.86953125 0.1359375 0.034375 0.034375