2 0.17890625 0.6640625 0.07421875 0.13125
0 0.509375 0.58984375 0.0265625 0.0578125
0 0.4765625 0.65625 0.02890625 0.053125
0 0.44765625 0.715625 0.028125 0.059375
0 0.16171875 0.83125 0.03671875 0.075
0 0.11015625 0.86875 0.03671875 0.075
0 0.14296875 0.94453125 0.0375 0.0734375
0 0.196875 0.18828125 0.034375 0.0578125
0 0.60234375 0.40078125 0.028125 0.0578125
0 0.53828125 0.53515625 0.03203125 0.0640625
0 0.1796875 0.16015625 0.02734375 0.0515625
0 0.165625 0.246875 0.0328125 0.04375
0 0.11796875 0.19140625 0.03203125 0.0578125
0 0.20859375 0.7453125 0.03515625 0.065625
1 0.09921875 0.9546875 0.04921875 0.0875
0 0.32421875 0.96484375 0.034375 0.0671875
2 0.35859375 0.89921875 0.0375 0.0703125