0 0.3453125 0.4890625 0.02734375 0.05
0 0.56484375 0.7640625 0.0234375 0.071875
0 0.59296875 0.75703125 0.0328125 0.0546875
0 0.5234375 0.8859375 0.03046875 0.065625
0 0.49375 0.94375 0.03359375 0.05625
0 0.83125 0.20859375 0.02265625 0.0515625
0 0.825 0.27890625 0.02265625 0.0453125
0 0.7921875 0.33203125 0.0234375 0.0453125
0 0.76015625 0.3359375 0.02578125 0.04375
0 0.79375 0.2796875 0.0234375 0.046875
0 0.98984375 0.21796875 0.01875 0.0453125
0 0.121875 0.49453125 0.03203125 0.0484375
0 0.16328125 0.55546875 0.0296875 0.0453125
0 0.21484375 0.5234375 0.02578125 0.05
0 0.18515625 0.4765625 0.03046875 0.05
0 0.1984375 0.5015625 0.0375 0.053125
0 0.3265625 0.12890625 0.02578125 0.0390625
0 0.30625 0.16328125 0.0234375 0.0484375