0 0.34296875 0.8359375 0.03671875 0.05
0 0.20234375 0.49921875 0.02734375 0.0390625
0 0.21796875 0.46015625 0.02890625 0.0421875
0 0.66328125 0.50703125 0.0203125 0.0484375
0 0.6921875 0.490625 0.02109375 0.05
0 0.6859375 0.44140625 0.01640625 0.0515625
0 0.7125 0.42890625 0.01640625 0.0390625
0 0.7109375 0.36328125 0.021875 0.0515625
0 0.6875 0.05625 0.01796875 0.04375
0 0.690625 0.096875 0.015625 0.034375
0 0.7125 0.04140625 0.015625 0.0390625
0 0.86953125 0.33046875 0.03203125 0.0359375
0 0.54296875 0.97421875 0.025 0.0484375
0 0.5640625 0.978125 0.02578125 0.040625
0 0.03046875 0.921875 0.03203125 0.05625
0 0.0796875 0.9703125 0.0390625 0.05625
0 0.10078125 0.86875 0.03046875 0.0625
0 0.11796875 0.89375 0.03671875 0.06875
0 0.1375 0.90703125 0.028125 0.0640625
0 0.3765625 0.178125 0.025 0.03125
0 0.39921875 0.16484375 0.025 0.0296875
0 0.40859375 0.13828125 0.02578125 0.0328125