2 0.1875 0.57109375 0.078125 0.1203125
1 0.078125 0.84453125 0.06484375 0.0953125
0 0.15703125 0.73359375 0.04296875 0.0671875
0 0.1015625 0.75234375 0.0359375 0.0609375
0 0.12734375 0.840625 0.03515625 0.0625
0 0.209375 0.66484375 0.03671875 0.0578125
3 0.0796875 0.90390625 0.03671875 0.0609375
0 0.025 0.8625 0.040625 0.0625
0 0.44609375 0.7 0.03203125 0.059375
0 0.48125 0.64765625 0.03203125 0.0515625
0 0.5203125 0.59375 0.0359375 0.05625
0 0.625 0.434375 0.0328125 0.05625
0 0.23359375 0.07890625 0.0296875 0.0515625
0 0.24453125 0.10859375 0.03671875 0.0609375
0 0.2625 0.14140625 0.03046875 0.0515625
0 0.17265625 0.09296875 0.0296875 0.0515625
0 0.2125 0.16875 0.028125 0.059375
0 0.55390625 0.54296875 0.034375 0.0578125
2 0.340625 0.859375 0.04140625 0.071875
0 0.30390625 0.9140625 0.0359375 0.05625