0 0.55078125 0.32578125 0.03671875 0.0328125
0 0.7 0.3890625 0.04609375 0.046875
0 0.51953125 0.49921875 0.03984375 0.0328125
0 0.42265625 0.60234375 0.03515625 0.0265625
0 0.3109375 0.66796875 0.0375 0.0265625
0 0.16875 0.81328125 0.04375 0.0296875
0 0.49765625 0.75859375 0.034375 0.0265625
0 0.5421875 0.75390625 0.03984375 0.0265625
0 0.59453125 0.75 0.040625 0.034375
0 0.63984375 0.740625 0.0359375 0.03125
0 0.7015625 0.63828125 0.040625 0.0296875
0 0.74453125 0.72734375 0.0375 0.0296875
0 0.9140625 0.61015625 0.04140625 0.0328125
0 0.225 0.80234375 0.04453125 0.0328125
0 0.3125 0.7828125 0.03984375 0.0375
2 0.36484375 0.78046875 0.04296875 0.0359375
0 0.5203125 0.04921875 0.034375 0.0265625
0 0.478125 0.09609375 0.02890625 0.0328125
0 0.52421875 0.08203125 0.0390625 0.0359375
0 0.5265625 0.115625 0.03203125 0.03125