2 0.22109375 0.43984375 0.08359375 0.0984375
1 0.07421875 0.6578125 0.06875 0.075
0 0.11484375 0.5796875 0.04140625 0.053125
0 0.171875 0.5828125 0.0375 0.053125
0 0.228125 0.5375 0.0359375 0.05625
0 0.12421875 0.67421875 0.03984375 0.0515625
0 0.14453125 0.94375 0.04453125 0.0625
0 0.45 0.67421875 0.040625 0.0453125
0 0.4875 0.640625 0.03359375 0.0375
0 0.534375 0.59921875 0.03515625 0.0421875
0 0.571875 0.5734375 0.03515625 0.046875
0 0.6640625 0.5015625 0.03359375 0.046875
3 0.04609375 0.73359375 0.03984375 0.0515625
0 0.009375 0.66171875 0.01875 0.0390625
0 0.20078125 0.89375 0.03671875 0.046875
0 0.28203125 0.81953125 0.04140625 0.0453125
2 0.32734375 0.78046875 0.040625 0.0515625
0 0.29609375 0.06015625 0.0359375 0.0359375
0 0.3484375 0.05546875 0.03359375 0.0484375
0 0.33671875 0.0265625 0.03671875 0.05