1 0.45078125 0.19921875 0.034375 0.0859375
2 0.28203125 0.35 0.0390625 0.065625
0 0.39921875 0.58359375 0.0265625 0.0609375
0 0.4265625 0.6625 0.02265625 0.059375
0 0.46640625 0.77578125 0.025 0.0578125
0 0.640625 0.69921875 0.03046875 0.0609375
0 0.08515625 0.5546875 0.0359375 0.040625
0 0.20078125 0.4421875 0.0359375 0.046875
0 0.3328125 0.2296875 0.0203125 0.05
0 0.39921875 0.3671875 0.02265625 0.05625
0 0.26796875 0.18359375 0.02109375 0.0453125
0 0.3765625 0.10234375 0.02109375 0.0421875
0 0.38671875 0.03828125 0.01953125 0.0453125
0 0.44375 0.05859375 0.02890625 0.0546875
3 0.6625 0.03671875 0.040625 0.0578125
0 0.21796875 0.0421875 0.02265625 0.05
0 0.234375 0.08359375 0.021875 0.0515625
0 0.253125 0.084375 0.0234375 0.04375
0 0.25234375 0.1359375 0.02265625 0.05
2 0.49375 0.853125 0.0296875 0.06875
0 0.8328125 0.9390625 0.040625 0.075
0 0.90625 0.68125 0.028125 0.059375
0 0.9484375 0.62265625 0.02578125 0.0453125
0 0.94296875 0.75546875 0.03671875 0.0703125
0 0.93046875 0.7796875 0.02734375 0.05
0 0.96015625 0.7265625 0.03515625 0.0625