0 0.31328125 0.2171875 0.03515625 0.05625
0 0.36875 0.18203125 0.0296875 0.0546875
0 0.5 0.35546875 0.0359375 0.0578125
0 0.546875 0.584375 0.02890625 0.05
0 0.58046875 0.63203125 0.03359375 0.0609375
0 0.62109375 0.70390625 0.0328125 0.0578125
0 0.653125 0.753125 0.03046875 0.053125
0 0.7359375 0.88203125 0.03359375 0.0578125
0 0.60546875 0.2734375 0.034375 0.05625
0 0.7703125 0.34765625 0.0359375 0.0546875
0 0.34765625 0.27265625 0.0359375 0.0578125
0 0.41171875 0.36875 0.034375 0.05625
2 0.44921875 0.42421875 0.0359375 0.0578125
0 0.07734375 0.16171875 0.03359375 0.0609375
2 0.14375 0.03515625 0.04375 0.0703125
0 0.8171875 0.07109375 0.0296875 0.0578125
0 0.84453125 0.153125 0.03203125 0.05
0 0.85546875 0.12421875 0.03671875 0.0640625
0 0.871875 0.09140625 0.03515625 0.0578125