1 0.434375 0.6828125 0.0421875 0.1125
3 0.61015625 0.22109375 0.0203125 0.0515625
0 0.1859375 0.4203125 0.0296875 0.0375
0 0.20078125 0.37265625 0.028125 0.0359375
0 0.44609375 0.56875 0.025 0.059375
0 0.540625 0.3421875 0.02265625 0.0625
0 0.64140625 0.39375 0.01640625 0.053125
0 0.565625 0.853125 0.02578125 0.065625
0 0.26640625 0.92734375 0.028125 0.0765625
0 0.12734375 0.82734375 0.03359375 0.0734375
0 0.14609375 0.840625 0.0234375 0.059375
0 0.70078125 0.05703125 0.01796875 0.0453125
0 0.69296875 0.01328125 0.01484375 0.0265625
0 0.64375 0.01015625 0.01875 0.0203125
0 0.040625 0.86875 0.03515625 0.065625
0 0.0953125 0.903125 0.0359375 0.053125
0 0.1078125 0.80625 0.02734375 0.0625
0 0.36953125 0.0421875 0.02578125 0.03125
0 0.37890625 0.0140625 0.0265625 0.028125
0 0.34921875 0.05390625 0.025 0.0328125
0 0.98359375 0.29375 0.03203125 0.0375