3 0.93828125 0.75859375 0.04453125 0.0484375
1 0.315625 0.43671875 0.065625 0.0703125
0 0.12734375 0.51015625 0.0390625 0.0453125
0 0.2046875 0.29609375 0.0359375 0.0390625
0 0.20546875 0.6421875 0.0375 0.040625
0 0.3875 0.66171875 0.0390625 0.0390625
0 0.471875 0.6171875 0.0375 0.040625
0 0.5484375 0.76796875 0.0390625 0.0421875
0 0.509375 0.825 0.03359375 0.04375
0 0.55078125 0.85078125 0.03671875 0.0421875
0 0.1515625 0.41640625 0.03203125 0.0578125
0 0.6671875 0.79921875 0.04140625 0.0453125
0 0.2578125 0.67109375 0.03671875 0.0390625
0 0.33671875 0.7171875 0.03984375 0.04375
2 0.3828125 0.74609375 0.04296875 0.0453125
0 0.0328125 0.125 0.0359375 0.04375
0 0.6046875 0.88125 0.04140625 0.053125
0 0.64609375 0.91015625 0.04140625 0.0484375
0 0.7421875 0.8953125 0.0421875 0.053125
0 0.75 0.9765625 0.04609375 0.04375
0 0.64765625 0.10859375 0.0296875 0.0265625
0 0.63359375 0.19609375 0.03359375 0.0390625
0 0.6828125 0.18046875 0.034375 0.0328125
0 0.678125 0.2125 0.03671875 0.034375
0 0.67421875 0.2453125 0.03359375 0.0375
0 0.91953125 0.165625 0.021875 0.05625
0 0.95390625 0.17578125 0.0234375 0.0546875