2 0.39296875 0.24296875 0.03984375 0.0546875
1 0.66484375 0.5921875 0.03984375 0.103125
3 0.8921875 0.04296875 0.04453125 0.0453125
0 0.0515625 0.421875 0.03515625 0.03125
0 0.190625 0.35625 0.03671875 0.0375
0 0.30859375 0.29609375 0.03515625 0.0328125
0 0.475 0.5109375 0.021875 0.065625
0 0.490625 0.59375 0.02109375 0.059375
0 0.51640625 0.7265625 0.02265625 0.071875
0 0.5765625 0.5390625 0.02578125 0.0625
0 0.5953125 0.31171875 0.02265625 0.0515625
0 0.56875 0.19375 0.01875 0.04375
0 0.5875 0.1703125 0.02265625 0.053125
0 0.40078125 0.0796875 0.01875 0.046875
0 0.39375 0.0328125 0.01796875 0.046875
0 0.68671875 0.81171875 0.02578125 0.0671875
0 0.675 0.50234375 0.02578125 0.0609375
2 0.53203125 0.8140625 0.02265625 0.075
0 0.58515625 0.02578125 0.0234375 0.0515625
0 0.97578125 0.83359375 0.02578125 0.0671875
0 0.984375 0.9421875 0.0296875 0.06875