0 0.4046875 0.60546875 0.04140625 0.0546875
0 0.43828125 0.48125 0.0375 0.05
0 0.57578125 0.50625 0.0359375 0.04375
0 0.6421875 0.38671875 0.0359375 0.0484375
0 0.6875 0.54765625 0.0359375 0.0484375
0 0.534375 0.75390625 0.03671875 0.0453125
0 0.47109375 0.946875 0.0390625 0.053125
0 0.51328125 0.90546875 0.03671875 0.0546875
0 0.5609375 0.865625 0.034375 0.05
0 0.59921875 0.82734375 0.0375 0.0515625
0 0.690625 0.74609375 0.0359375 0.0515625
0 0.88046875 0.478125 0.0390625 0.040625
0 0.196875 0.88203125 0.04296875 0.0609375
0 0.29765625 0.228125 0.03359375 0.040625
0 0.32578125 0.30546875 0.02890625 0.0453125
0 0.3578125 0.2390625 0.0328125 0.046875
0 0.36640625 0.27109375 0.03515625 0.0453125
0 0.3765625 0.29921875 0.0265625 0.0359375