1 0.36796875 0.4984375 0.0609375 0.08125
3 0.60234375 0.75234375 0.0390625 0.0609375
0 0.28203125 0.7 0.03515625 0.059375
0 0.21015625 0.43828125 0.03515625 0.0546875
0 0.06796875 0.38203125 0.0265625 0.0421875
0 0.0828125 0.3109375 0.0203125 0.046875
0 0.046875 0.215625 0.02890625 0.046875
0 0.03359375 0.29375 0.025 0.034375
0 0.22890625 0.1625 0.0296875 0.040625
0 0.43984375 0.82109375 0.03984375 0.0640625
0 0.04375 0.68046875 0.040625 0.0671875
0 0.32109375 0.75703125 0.028125 0.0578125
0 0.3859375 0.84375 0.040625 0.05625
2 0.4265625 0.9 0.0390625 0.0625
0 0.2921875 0.590625 0.028125 0.05625
0 0.76328125 0.5046875 0.03046875 0.046875
0 0.7890625 0.42890625 0.025 0.0390625
0 0.81640625 0.51796875 0.03359375 0.0453125
0 0.80546875 0.54609375 0.0359375 0.0484375
0 0.79765625 0.575 0.03046875 0.0375
0 0.128125 0.0421875 0.02578125 0.040625
0 0.04296875 0.34453125 0.03203125 0.0484375
0 0.01171875 0.3015625 0.0234375 0.04375