0 0.31484375 0.68046875 0.03671875 0.0390625
0 0.21953125 0.3390625 0.028125 0.0375
0 0.23671875 0.2984375 0.0265625 0.040625
0 0.54140625 0.853125 0.02265625 0.075
0 0.56796875 0.85546875 0.028125 0.0609375
0 0.6828125 0.38125 0.021875 0.05
0 0.7125 0.36640625 0.01796875 0.0484375
0 0.70703125 0.31328125 0.02109375 0.0453125
0 0.73671875 0.3078125 0.01953125 0.040625
0 0.73671875 0.23984375 0.021875 0.0484375
0 0.89921875 0.2171875 0.03515625 0.0375
0 0.05546875 0.734375 0.0359375 0.059375
0 0.1046875 0.78671875 0.03359375 0.0546875
0 0.1578125 0.734375 0.0296875 0.05625
0 0.1390625 0.715625 0.03515625 0.0625
0 0.12265625 0.69375 0.03046875 0.059375
0 0.421875 0.0125 0.025 0.025
0 0.39921875 0.01875 0.0234375 0.034375
0 0.5140625 0.9828125 0.021875 0.03125