3 0.46875 0.57890625 0.03203125 0.0546875
1 0.42890625 0.565625 0.05078125 0.09375
0 0.328125 0.73828125 0.0296875 0.0609375
0 0.37890625 0.63671875 0.03046875 0.0546875
0 0.38671875 0.7328125 0.02578125 0.053125
0 0.1359375 0.33515625 0.02578125 0.0484375
0 0.13515625 0.2890625 0.0234375 0.040625
0 0.14140625 0.20234375 0.02265625 0.0453125
0 0.25625 0.4109375 0.025 0.046875
0 0.2671875 0.49453125 0.0203125 0.0484375
0 0.10546875 0.65703125 0.0390625 0.0484375
0 0.0921875 0.25 0.02265625 0.04375
0 0.15546875 0.3796875 0.0234375 0.04375
0 0.325 0.209375 0.0234375 0.05
0 0.03046875 0.1234375 0.02578125 0.05
0 0.240625 0.071875 0.02109375 0.0375
0 0.1125 0.28828125 0.01875 0.0390625
0 0.36328125 0.80625 0.028125 0.05625
0 0.4171875 0.9109375 0.03046875 0.065625
2 0.45 0.971875 0.0296875 0.053125
0 0.85625 0.59765625 0.03203125 0.0484375
0 0.828125 0.6734375 0.0296875 0.05
0 0.88046875 0.696875 0.0375 0.053125
0 0.86875 0.7265625 0.03515625 0.05625
0 0.859375 0.75625 0.03046875 0.046875