0 0.37890625 0.63515625 0.02265625 0.0421875
0 0.4 0.60234375 0.02265625 0.0421875
0 0.6625 0.77890625 0.028125 0.0546875
0 0.8390625 0.8609375 0.025 0.053125
0 0.85703125 0.8890625 0.02578125 0.05
0 0.871875 0.8 0.02578125 0.05625
0 0.909375 0.7265625 0.028125 0.05
0 0.90625 0.8015625 0.025 0.046875
0 0.915625 0.43671875 0.02109375 0.0359375
0 0.9328125 0.36015625 0.02109375 0.0359375
0 0.96328125 0.3578125 0.021875 0.034375
0 0.6140625 0.371875 0.02578125 0.034375
0 0.6015625 0.39453125 0.02265625 0.0296875
0 0.58125 0.396875 0.0203125 0.03125
0 0.17109375 0.96171875 0.02890625 0.0390625
0 0.23359375 0.94609375 0.03515625 0.0578125
0 0.246875 0.975 0.040625 0.046875