2 0.1796875 0.64921875 0.08125 0.1390625
1 0.08984375 0.946875 0.06328125 0.103125
0 0.16328125 0.81328125 0.04140625 0.0796875
0 0.140625 0.9296875 0.0359375 0.065625
0 0.10625 0.85234375 0.040625 0.0734375
0 0.32109375 0.96171875 0.03359375 0.0671875
0 0.4484375 0.71171875 0.03046875 0.0609375
0 0.47734375 0.65546875 0.0328125 0.0640625
0 0.51171875 0.58671875 0.03046875 0.0609375
0 0.540625 0.5359375 0.03203125 0.059375
0 0.60859375 0.4046875 0.03203125 0.05625
0 0.20703125 0.73203125 0.03359375 0.0703125
2 0.35546875 0.89375 0.03671875 0.06875
0 0.040625 0.965625 0.0421875 0.065625
0 0.125 0.175 0.0296875 0.05
0 0.1703125 0.23828125 0.028125 0.0546875
0 0.21953125 0.196875 0.028125 0.059375
0 0.203125 0.17421875 0.03203125 0.0578125
0 0.1890625 0.146875 0.02265625 0.053125