0 0.14609375 0.33515625 0.03203125 0.0234375
0 0.16328125 0.38046875 0.03984375 0.0296875
0 0.25 0.340625 0.0359375 0.021875
0 0.16640625 0.6796875 0.0390625 0.025
0 0.2234375 0.68359375 0.03515625 0.0234375
0 0.31015625 0.68359375 0.0359375 0.0265625
0 0.49375 0.68984375 0.0390625 0.0265625
0 0.5375 0.6953125 0.03359375 0.028125
0 0.5890625 0.69453125 0.03671875 0.0265625
0 0.63515625 0.70234375 0.0375 0.0296875
0 0.73984375 0.70625 0.03984375 0.03125
0 0.57578125 0.26640625 0.034375 0.0265625
0 0.08046875 0.5015625 0.04296875 0.03125
0 0.00703125 0.5453125 0.0140625 0.03125
0 0.51484375 0.0234375 0.03671875 0.028125
0 0.559375 0.0171875 0.03671875 0.034375
0 0.56171875 0.05 0.0328125 0.034375
2 0.3609375 0.6875 0.0421875 0.034375