2 0.40546875 0.43984375 0.03671875 0.0546875
0 0.19765625 0.54375 0.03359375 0.028125
0 0.31953125 0.49140625 0.03203125 0.0296875
0 0.0609375 0.6046875 0.0375 0.03125
0 0.546875 0.565625 0.01796875 0.059375
0 0.48046875 0.70625 0.0203125 0.06875
0 0.4953125 0.79140625 0.01640625 0.0484375
0 0.51953125 0.92421875 0.01953125 0.0671875
0 0.72890625 0.8640625 0.02734375 0.075
1 0.703125 0.915625 0.03984375 0.1125
0 0.60234375 0.50625 0.01796875 0.046875
0 0.62421875 0.490625 0.0203125 0.05625
0 0.640625 0.6421875 0.02265625 0.0625
3 0.91796875 0.25546875 0.04609375 0.0421875
0 0.4171875 0.28984375 0.01796875 0.0390625
0 0.41484375 0.19921875 0.01484375 0.0390625
0 0.3703125 0.0171875 0.01796875 0.034375
0 0.41484375 0.00859375 0.01484375 0.0171875
0 0.39296875 0.14375 0.015625 0.04375
0 0.4078125 0.24140625 0.01640625 0.0484375
0 0.4 0.1890625 0.015625 0.046875
0 0.01015625 0.62578125 0.0203125 0.0265625
0 0.58984375 0.234375 0.01875 0.046875
0 0.55 0.06875 0.0140625 0.040625