0 0.61640625 0.46640625 0.0421875 0.0296875
0 0.503125 0.79921875 0.03515625 0.0328125
0 0.546875 0.80078125 0.03671875 0.0265625
0 0.596875 0.803125 0.0375 0.03125
0 0.64140625 0.8046875 0.0375 0.028125
0 0.72578125 0.771875 0.04140625 0.028125
0 0.7484375 0.80859375 0.03359375 0.0296875
0 0.8234375 0.74140625 0.03671875 0.0359375
0 0.91875 0.71875 0.0375 0.028125
0 0.14140625 0.54765625 0.0390625 0.0359375
0 0.1703125 0.80234375 0.0421875 0.0328125
0 0.23046875 0.79921875 0.0390625 0.0328125
0 0.31953125 0.80078125 0.0421875 0.0328125
2 0.3671875 0.8 0.03984375 0.034375
0 0.51171875 0.04921875 0.02890625 0.0296875
0 0.5140625 0.14140625 0.03046875 0.0328125
0 0.56015625 0.134375 0.0375 0.034375
0 0.5609375 0.1703125 0.0328125 0.03125
0 0.56015625 0.096875 0.0328125 0.028125
0 0.9921875 0.46328125 0.01328125 0.0328125