0 0.19296875 0.51328125 0.0421875 0.0328125
0 0.15703125 0.3875 0.0328125 0.028125
0 0.21328125 0.34765625 0.0359375 0.0265625
0 0.17734375 0.20703125 0.040625 0.0328125
0 0.5234375 0.47890625 0.03671875 0.0265625
0 0.51015625 0.5671875 0.03515625 0.03125
0 0.55390625 0.57578125 0.034375 0.0265625
0 0.603125 0.5859375 0.0390625 0.03125
0 0.64921875 0.596875 0.0375 0.028125
0 0.7203125 0.50234375 0.04375 0.0390625
0 0.7546875 0.615625 0.0390625 0.034375
0 0.7625 0.3484375 0.0390625 0.034375
0 0.89609375 0.28359375 0.04296875 0.0359375
0 0.6125 0.15078125 0.0390625 0.0328125
0 0.33125 0.53515625 0.04140625 0.0328125
0 0.246875 0.52265625 0.0390625 0.0359375
2 0.38046875 0.5421875 0.03984375 0.034375