0 0.465625 0.0828125 0.0296875 0.071875
0 0.5328125 0.14765625 0.034375 0.0765625
0 0.5578125 0.40859375 0.028125 0.0609375
0 0.58671875 0.47109375 0.028125 0.0578125
0 0.61640625 0.5390625 0.0296875 0.0625
0 0.6453125 0.603125 0.02734375 0.053125
0 0.7125 0.6421875 0.03203125 0.06875
0 0.70703125 0.74921875 0.0296875 0.0609375
0 0.3921875 0.03359375 0.028125 0.0640625
0 0.446875 0.15078125 0.0296875 0.0609375
2 0.4765625 0.221875 0.0359375 0.065625
0 0.92578125 0.03046875 0.03515625 0.0609375
0 0.9078125 0.0578125 0.02890625 0.046875
0 0.9515625 0.01484375 0.02265625 0.0296875