3 0.53515625 0.4421875 0.021875 0.05625
0 0.16484375 0.465625 0.03046875 0.040625
0 0.18046875 0.41875 0.0265625 0.034375
0 0.25 0.96640625 0.03046875 0.0640625
0 0.3453125 0.871875 0.02734375 0.06875
0 0.55703125 0.89296875 0.02734375 0.0703125
0 0.43203125 0.67890625 0.02890625 0.0765625
0 0.5625 0.2140625 0.02265625 0.05625
0 0.678125 0.22265625 0.015625 0.0390625
0 0.66484375 0.0390625 0.01640625 0.046875
0 0.025 0.9140625 0.028125 0.05625
0 0.07890625 0.9546875 0.03359375 0.059375
0 0.0890625 0.85234375 0.02734375 0.0671875
0 0.10625 0.86875 0.034375 0.071875
0 0.128125 0.8828125 0.02734375 0.0625
0 0.3234375 0.10078125 0.0265625 0.0296875
0 0.346875 0.08515625 0.0234375 0.0296875
0 0.35390625 0.053125 0.0234375 0.03125
0 0.85703125 0.19453125 0.03046875 0.0296875
0 0.92578125 0.22890625 0.02734375 0.0296875
0 0.96484375 0.31953125 0.03203125 0.0328125