0 0.09375 0.81796875 0.040625 0.0640625
0 0.11015625 0.72265625 0.03203125 0.0671875
0 0.12734375 0.73984375 0.03671875 0.0640625
0 0.14609375 0.76015625 0.02578125 0.0546875
0 0.32421875 0.69609375 0.0359375 0.0359375
0 0.2015625 0.35546875 0.0296875 0.0390625
0 0.21875 0.31328125 0.02734375 0.0390625
0 0.5390625 0.84453125 0.02578125 0.0734375
0 0.56171875 0.8453125 0.0234375 0.0625
0 0.6671875 0.365625 0.01953125 0.046875
0 0.690625 0.2984375 0.02109375 0.053125
0 0.7171875 0.221875 0.0234375 0.053125
0 0.71796875 0.2890625 0.0203125 0.040625
0 0.6953125 0.34921875 0.02109375 0.0484375
0 0.87890625 0.190625 0.03203125 0.0375
0 0.0421875 0.7703125 0.03515625 0.0625
0 0.50859375 0.98203125 0.02734375 0.0328125