1 0.88828125 0.12109375 0.053125 0.0953125
2 0.1171875 0.93125 0.08984375 0.134375
0 0.5953125 0.81796875 0.03671875 0.0546875
0 0.55859375 0.86640625 0.03515625 0.0515625
0 0.51953125 0.92109375 0.0359375 0.0578125
0 0.47890625 0.97109375 0.034375 0.0453125
0 0.6765625 0.71640625 0.02890625 0.0515625
0 0.4375 0.0453125 0.0234375 0.046875
0 0.88125 0.05234375 0.03515625 0.0484375
0 0.24296875 0.3375 0.0328125 0.040625
0 0.275 0.40859375 0.03359375 0.0453125
0 0.303125 0.32890625 0.0296875 0.0515625
0 0.3125 0.3578125 0.03359375 0.046875
0 0.3265625 0.38125 0.0265625 0.046875
0 0.46015625 0.01640625 0.025 0.0328125