1 0.5984375 0.2875 0.0328125 0.090625
2 0.37109375 0.17734375 0.0390625 0.0609375
0 0.5765625 0.1375 0.021875 0.053125
0 0.16875 0.30703125 0.0359375 0.0359375
0 0.2859375 0.2375 0.0359375 0.034375
0 0.46171875 0.43984375 0.02265625 0.0671875
0 0.478125 0.5234375 0.02109375 0.05625
0 0.509375 0.646875 0.02265625 0.065625
0 0.57421875 0.9609375 0.025 0.075
0 0.66171875 0.86953125 0.028125 0.0796875
0 0.775 0.96171875 0.028125 0.0734375
0 0.8546875 0.93515625 0.0328125 0.0765625
0 0.0296875 0.38671875 0.03359375 0.0328125
0 0.37578125 0.0171875 0.01875 0.034375
0 0.959375 0.7125 0.02578125 0.065625
0 0.9703125 0.81171875 0.03203125 0.0640625
0 0.98671875 0.7984375 0.025 0.075
2 0.5234375 0.7296875 0.028125 0.071875