1 0.44921875 0.5578125 0.04921875 0.096875
3 0.4421875 0.4859375 0.028125 0.053125
0 0.353125 0.19765625 0.02578125 0.0453125
0 0.20546875 0.23828125 0.02109375 0.0421875
0 0.16484375 0.25859375 0.01875 0.0359375
0 0.15703125 0.18203125 0.0203125 0.0453125
0 0.184375 0.35234375 0.02265625 0.0421875
0 0.165625 0.3078125 0.02578125 0.04375
0 0.3453125 0.71953125 0.03046875 0.0609375
0 0.37578125 0.7890625 0.02578125 0.05625
0 0.43203125 0.70078125 0.0296875 0.0609375
0 0.41953125 0.7578125 0.0296875 0.059375
0 0.12890625 0.62109375 0.0359375 0.0515625
0 0.31484375 0.4609375 0.028125 0.053125
0 0.31796875 0.53515625 0.0234375 0.0453125
0 0.275 0.05234375 0.01875 0.0359375
0 0.14140625 0.25859375 0.02109375 0.0421875
0 0.125 0.21796875 0.02734375 0.0421875
0 0.06875 0.0921875 0.02265625 0.046875
0 0.428125 0.89765625 0.02890625 0.0640625
2 0.459375 0.9671875 0.03203125 0.0625
0 0.8828125 0.628125 0.03046875 0.046875
0 0.84765625 0.69921875 0.03046875 0.0578125
0 0.903125 0.73046875 0.034375 0.0484375
0 0.88828125 0.75703125 0.0421875 0.0609375
0 0.87890625 0.78515625 0.02890625 0.0453125
0 0.01484375 0.76484375 0.0296875 0.0609375