0 0.23828125 0.3453125 0.0421875 0.05
0 0.28828125 0.38359375 0.03203125 0.0390625
0 0.378125 0.35078125 0.0390625 0.0484375
0 0.36484375 0.4375 0.034375 0.04375
0 0.54375 0.45234375 0.0421875 0.0515625
0 0.5296875 0.5640625 0.0359375 0.04375
0 0.06953125 0.08203125 0.034375 0.0453125
0 0.0828125 0.0421875 0.0375 0.046875
2 0.0359375 0.25703125 0.0359375 0.0828125
0 0.56796875 0.59296875 0.03984375 0.0515625
0 0.6171875 0.63359375 0.03984375 0.0515625
0 0.659375 0.66484375 0.040625 0.0484375
0 0.75859375 0.74140625 0.0359375 0.0453125
0 0.44765625 0.1765625 0.0390625 0.046875
0 0.69765625 0.21875 0.0375 0.046875
2 0.4078125 0.47421875 0.04375 0.0453125