2 0.253125 0.4875 0.08203125 0.084375
0 0.03125 0.67421875 0.04140625 0.0484375
0 0.078125 0.74609375 0.0375 0.0546875
0 0.1234375 0.66171875 0.04296875 0.0515625
0 0.24296875 0.5921875 0.0421875 0.046875
0 0.16875 0.9578125 0.04609375 0.046875
0 0.2265625 0.9203125 0.0375 0.040625
0 0.31171875 0.8640625 0.0390625 0.04375
0 0.484375 0.75234375 0.034375 0.0453125
0 0.525 0.725 0.0390625 0.040625
0 0.57421875 0.696875 0.0359375 0.04375
0 0.615625 0.671875 0.0390625 0.046875
0 0.71015625 0.61796875 0.03984375 0.0453125
0 0.37421875 0.1234375 0.0328125 0.040625
0 0.42578125 0.125 0.03203125 0.040625
0 0.4203125 0.09296875 0.03671875 0.0359375
2 0.3578125 0.83515625 0.040625 0.0609375
0 0.35546875 0.0375 0.0296875 0.034375
0 0.41328125 0.0578125 0.03203125 0.040625