1 0.29609375 0.6234375 0.06171875 0.071875
0 0.13125 0.3421875 0.0328125 0.0375
0 0.2390625 0.8640625 0.03984375 0.05
0 0.28828125 0.90859375 0.0359375 0.0453125
0 0.3640625 0.97265625 0.0390625 0.0484375
0 0.42890625 0.934375 0.0375 0.04375
0 0.509375 0.95546875 0.040625 0.0515625
0 0.5640625 0.840625 0.04296875 0.05
0 0.690625 0.50390625 0.034375 0.0390625
0 0.73828125 0.5296875 0.0390625 0.040625
0 0.7328125 0.5625 0.03046875 0.034375
0 0.9875 0.525 0.02109375 0.05625
0 0.01484375 0.24453125 0.02265625 0.0296875
0 0.70859375 0.42265625 0.02890625 0.0296875
0 0.74375 0.49609375 0.03359375 0.0359375