2 0.32265625 0.1953125 0.03515625 0.059375
1 0.53046875 0.17578125 0.03359375 0.0890625
0 0.24140625 0.27265625 0.034375 0.0359375
0 0.12578125 0.36640625 0.03515625 0.0390625
0 0.43125 0.4484375 0.025 0.0625
0 0.45234375 0.52578125 0.0234375 0.0546875
0 0.48828125 0.64921875 0.02265625 0.0640625
0 0.57109375 0.95078125 0.02734375 0.0734375
0 0.71171875 0.75 0.0296875 0.06875
0 0.84140625 0.8703125 0.03515625 0.078125
0 0.478125 0.1125 0.02109375 0.05
0 0.4015625 0.10859375 0.02578125 0.0578125
0 0.31953125 0.03125 0.01875 0.046875
0 0.48984375 0.01875 0.0265625 0.0375
2 0.50625 0.72421875 0.025 0.0609375
0 0.92890625 0.63046875 0.03203125 0.0671875
0 0.9484375 0.728125 0.0328125 0.06875
0 0.965625 0.70703125 0.0328125 0.0703125
0 0.98359375 0.6859375 0.03046875 0.071875
0 0.98125 0.57734375 0.02265625 0.0515625