2 0.20546875 0.5890625 0.08203125 0.103125
0 0.19765625 0.70234375 0.03984375 0.0546875
0 0.0640625 0.8265625 0.04765625 0.053125
0 0.0578125 0.90546875 0.0375 0.0640625
0 0.5625 0.67265625 0.03515625 0.0484375
0 0.51796875 0.721875 0.034375 0.046875
0 0.48125 0.75625 0.0390625 0.04375
0 0.68671875 0.55234375 0.0328125 0.0453125
0 0.60390625 0.63515625 0.0375 0.0546875
2 0.36171875 0.88046875 0.0359375 0.0546875
0 0.31953125 0.9265625 0.0359375 0.053125
0 0.2796875 0.08671875 0.03359375 0.0421875
0 0.30625 0.1703125 0.0390625 0.046875
0 0.359375 0.15703125 0.02734375 0.0484375
0 0.3484375 0.12421875 0.03671875 0.0484375
0 0.340625 0.09453125 0.0296875 0.0421875