1 0.41015625 0.52890625 0.0546875 0.0953125
3 0.50390625 0.62734375 0.03203125 0.0546875
0 0.084375 0.65 0.0390625 0.05625
0 0.190625 0.32578125 0.0265625 0.0546875
0 0.125 0.36484375 0.0234375 0.0390625
0 0.20703125 0.41171875 0.02578125 0.0421875
0 0.32109375 0.54453125 0.0359375 0.0609375
0 0.35390625 0.6625 0.03203125 0.053125
0 0.3125 0.7078125 0.034375 0.05625
0 0.3515625 0.771875 0.02578125 0.05
0 0.40859375 0.871875 0.02734375 0.053125
0 0.2921875 0.175 0.02890625 0.05
0 0.05546875 0.23203125 0.025 0.0453125
0 0.0765625 0.275 0.02265625 0.040625
0 0.09921875 0.271875 0.025 0.04375
0 0.10546875 0.325 0.02734375 0.04375
0 0.2015625 0.03984375 0.021875 0.0359375
0 0.0171875 0.0796875 0.0234375 0.0375
2 0.4421875 0.934375 0.03359375 0.059375
0 0.83515625 0.525 0.02734375 0.04375
0 0.8046875 0.59765625 0.034375 0.0484375
0 0.846875 0.65078125 0.0390625 0.0515625
0 0.85859375 0.62265625 0.0359375 0.0453125
0 0.83671875 0.67734375 0.03203125 0.0390625