1 0.0671875 0.60234375 0.06875 0.0703125
2 0.2390625 0.39453125 0.08359375 0.0859375
0 0.67578125 0.525 0.0328125 0.04375
0 0.58203125 0.584375 0.03515625 0.04375
0 0.54140625 0.61015625 0.0359375 0.0421875
0 0.4953125 0.63671875 0.03515625 0.0421875
0 0.45390625 0.665625 0.0359375 0.0375
0 0.1953125 0.83984375 0.0359375 0.0328125
0 0.13828125 0.88125 0.04453125 0.04375
0 0.121875 0.61875 0.0421875 0.04375
0 0.23984375 0.490625 0.03671875 0.046875
0 0.1203125 0.52421875 0.04140625 0.0421875
0 0.1796875 0.53046875 0.0421875 0.0484375
3 0.0234375 0.68203125 0.0390625 0.0546875
0 0.2796875 0.7796875 0.04375 0.046875
2 0.32578125 0.753125 0.04140625 0.053125
0 0.33125 0.0328125 0.034375 0.034375
0 0.38359375 0.03046875 0.0296875 0.0421875
0 0.37578125 0.009375 0.0359375 0.01875