2 0.45859375 0.51015625 0.0359375 0.0484375
0 0.453125 0.0859375 0.0125 0.040625
0 0.46484375 0.21640625 0.01328125 0.0421875
0 0.47421875 0.31875 0.01328125 0.04375
0 0.4796875 0.365625 0.0140625 0.0375
0 0.48515625 0.2734375 0.01171875 0.040625
0 0.5515625 0.3765625 0.01640625 0.05
0 0.51796875 0.79375 0.01875 0.065625
0 0.52734375 0.88671875 0.021875 0.0609375
0 0.7015625 0.89375 0.0203125 0.0625
0 0.7296875 0.890625 0.0265625 0.075
0 0.25390625 0.57578125 0.03359375 0.0296875
0 0.37265625 0.54296875 0.03359375 0.0296875
0 0.11796875 0.609375 0.03359375 0.028125
0 0.0625 0.621875 0.04453125 0.028125
0 0.6265625 0.16953125 0.0140625 0.0390625
0 0.65859375 0.34375 0.01796875 0.05