0 0.5140625 0.32734375 0.0375 0.0390625
0 0.40078125 0.53984375 0.04140625 0.0390625
0 0.38984375 0.6859375 0.03671875 0.040625
0 0.521875 0.58125 0.0375 0.0375
0 0.490625 0.7703125 0.0359375 0.0375
0 0.53359375 0.75390625 0.0375 0.0359375
0 0.5859375 0.7328125 0.0359375 0.03125
0 0.63125 0.7171875 0.0421875 0.040625
0 0.7296875 0.6859375 0.040625 0.04375
0 0.78046875 0.57578125 0.03671875 0.0359375
0 0.89921875 0.26328125 0.03671875 0.0390625
0 0.93125 0.30390625 0.03984375 0.0359375
0 0.5984375 0.38828125 0.04375 0.0484375
0 0.1609375 0.9 0.04765625 0.04375
0 0.21875 0.8765625 0.040625 0.04375
0 0.30703125 0.8390625 0.0390625 0.040625
2 0.359375 0.821875 0.03984375 0.040625
0 0.4140625 0.02734375 0.02578125 0.0328125
0 0.425 0.11875 0.0359375 0.0375
0 0.4671875 0.0578125 0.03671875 0.034375
0 0.4703125 0.09375 0.03671875 0.0375
0 0.47734375 0.125 0.03203125 0.040625
0 0.98359375 0.5 0.03046875 0.0375