0 0.63046875 0.378125 0.03359375 0.071875
0 0.56015625 0.40078125 0.02578125 0.0546875
0 0.5859375 0.46484375 0.02578125 0.0546875
0 0.6171875 0.5328125 0.028125 0.059375
0 0.6453125 0.59453125 0.02890625 0.0546875
0 0.71171875 0.74296875 0.0265625 0.0578125
0 0.78125 0.8046875 0.03046875 0.06875
0 0.48515625 0.13359375 0.02734375 0.0640625
0 0.48984375 0.04921875 0.0296875 0.0671875
0 0.38984375 0.03046875 0.03046875 0.0609375
0 0.446875 0.146875 0.03203125 0.06875
2 0.4765625 0.2140625 0.03359375 0.0625
0 0.446875 0.01875 0.028125 0.0375
0 0.9890625 0.871875 0.0203125 0.05625
0 0.90703125 0.0421875 0.0328125 0.05625
0 0.9265625 0.0234375 0.0328125 0.046875