1 0.0328125 0.38125 0.06484375 0.071875
2 0.25625 0.1484375 0.084375 0.0875
0 0.09921875 0.2953125 0.0359375 0.046875
0 0.109375 0.38671875 0.0390625 0.0390625
0 0.17265625 0.2984375 0.04375 0.05
0 0.25703125 0.25234375 0.03984375 0.0453125
0 0.165625 0.6234375 0.04296875 0.046875
0 0.2203125 0.5875 0.034375 0.0375
0 0.3 0.54140625 0.03984375 0.0390625
0 0.47109375 0.4421875 0.03515625 0.0375
0 0.5125 0.4171875 0.0359375 0.0375
0 0.55859375 0.3921875 0.0375 0.0375
0 0.60234375 0.3703125 0.03984375 0.04375
0 0.7 0.31484375 0.034375 0.0390625
2 0.34453125 0.51328125 0.03671875 0.0484375
0 0.0109375 0.96875 0.02109375 0.059375