2 0.26640625 0.43671875 0.08203125 0.0796875
0 0.26015625 0.5375 0.0390625 0.046875
0 0.1578125 0.59140625 0.04140625 0.0484375
0 0.07578125 0.59609375 0.03984375 0.0453125
0 0.09609375 0.67890625 0.03984375 0.0421875
0 0.165625 0.909375 0.04296875 0.046875
0 0.48359375 0.71640625 0.0359375 0.0359375
0 0.521875 0.6921875 0.034375 0.040625
0 0.56953125 0.665625 0.03984375 0.04375
0 0.61328125 0.64375 0.03671875 0.04375
0 0.70703125 0.590625 0.03671875 0.046875
1 0.01796875 0.67421875 0.03515625 0.0546875
0 0.221875 0.87578125 0.0375 0.0515625
0 0.30625 0.821875 0.0390625 0.046875
2 0.353125 0.7953125 0.04140625 0.05
0 0.37578125 0.08515625 0.03203125 0.0390625
0 0.42734375 0.08671875 0.0328125 0.0421875
0 0.41875 0.053125 0.03671875 0.04375
0 0.4171875 0.01953125 0.0328125 0.0390625