0 0.596875 0.7421875 0.0265625 0.071875
0 0.6234375 0.75078125 0.0296875 0.0515625
0 0.50859375 0.89375 0.040625 0.05
0 0.54375 0.85234375 0.03359375 0.0546875
0 0.4609375 0.9484375 0.040625 0.04375
0 0.4 0.35234375 0.0234375 0.0546875
0 0.41015625 0.05546875 0.0234375 0.0515625
0 0.43515625 0.02734375 0.0234375 0.0484375
0 0.8484375 0.38515625 0.03359375 0.0484375
0 0.88359375 0.3921875 0.0234375 0.0375
0 0.92421875 0.3484375 0.0265625 0.04375
0 0.93984375 0.27890625 0.03359375 0.0484375
0 0.89296875 0.33828125 0.03359375 0.0484375
0 0.2046875 0.32734375 0.02890625 0.0390625
0 0.23515625 0.40390625 0.03515625 0.0453125
0 0.2671875 0.3265625 0.03046875 0.04375
0 0.275 0.35859375 0.03671875 0.0421875
0 0.2890625 0.384375 0.02734375 0.046875
0 0.42421875 0.98203125 0.03984375 0.0328125