1 0.94296875 0.246875 0.05 0.078125
0 0.403125 0.66484375 0.0359375 0.0578125
0 0.41875 0.80703125 0.0375 0.0609375
0 0.309375 0.86953125 0.03984375 0.0640625
0 0.53125 0.61328125 0.03203125 0.0484375
0 0.596875 0.8390625 0.03359375 0.046875
0 0.7484375 0.58828125 0.0390625 0.0546875
0 0.90625 0.5171875 0.0359375 0.05
0 0.903125 0.24140625 0.03203125 0.0484375
0 0.67421875 0.88515625 0.0359375 0.0546875
0 0.5859375 0.97421875 0.04140625 0.0484375
0 0.2546875 0.43984375 0.02890625 0.0390625
0 0.2828125 0.51484375 0.0328125 0.0453125
0 0.315625 0.440625 0.03359375 0.04375
0 0.3234375 0.47578125 0.03671875 0.0515625
0 0.33359375 0.50078125 0.0265625 0.0453125
0 0.4625 0.178125 0.0234375 0.05
0 0.48515625 0.1546875 0.0203125 0.04375