3 0.4234375 0.3625 0.02734375 0.0625
1 0.190625 0.94375 0.05546875 0.109375
0 0.54375 0.4578125 0.025 0.059375
0 0.5015625 0.60234375 0.025 0.0703125
0 0.4796875 0.665625 0.025 0.065625
0 0.45234375 0.75 0.02734375 0.065625
0 0.43515625 0.8171875 0.0265625 0.06875
0 0.25390625 0.50625 0.02109375 0.06875
0 0.4640625 0.08515625 0.025 0.0703125
0 0.22109375 0.78125 0.03046875 0.078125
0 0.28828125 0.67421875 0.0328125 0.0796875
0 0.0328125 0.44375 0.03203125 0.059375
0 0.08828125 0.4828125 0.03203125 0.05
0 0.09375 0.38984375 0.02890625 0.0640625
0 0.1140625 0.4046875 0.03046875 0.065625
0 0.13359375 0.41953125 0.03203125 0.0546875
0 0.1515625 0.01484375 0.0359375 0.0296875