1 0.44140625 0.5453125 0.05 0.096875
0 0.41328125 0.74296875 0.0265625 0.0546875
0 0.3390625 0.71640625 0.03046875 0.0578125
0 0.4875 0.83359375 0.034375 0.0640625
0 0.17890625 0.35 0.02109375 0.0375
0 0.15859375 0.31015625 0.02578125 0.0453125
0 0.15703125 0.25703125 0.021875 0.0421875
0 0.1203125 0.625 0.03984375 0.05
0 0.42109375 0.89453125 0.0296875 0.0640625
0 0.06015625 0.08203125 0.02265625 0.0390625
0 0.109375 0.05 0.025 0.046875
0 0.1203125 0.2125 0.021875 0.040625
0 0.13515625 0.2515625 0.02109375 0.040625
0 0.2703125 0.0421875 0.02109375 0.0375
0 0.34765625 0.18671875 0.0265625 0.0453125
0 0.0109375 0.77109375 0.02109375 0.0515625
0 0.37109375 0.78515625 0.0296875 0.0515625
2 0.45625 0.96015625 0.03671875 0.0640625
0 0.871875 0.60078125 0.03046875 0.0515625
0 0.8375 0.67265625 0.03046875 0.0578125
0 0.8796875 0.7296875 0.03671875 0.059375
0 0.86953125 0.75859375 0.0296875 0.0484375
0 0.89296875 0.70234375 0.03203125 0.0546875