0 0.4453125 0.434375 0.03984375 0.0375
0 0.63046875 0.49921875 0.04453125 0.0421875
0 0.51953125 0.5609375 0.0375 0.034375
0 0.5609375 0.58046875 0.03671875 0.0359375
0 0.6125 0.6015625 0.03984375 0.034375
0 0.65625 0.6234375 0.0359375 0.034375
0 0.89453125 0.453125 0.040625 0.034375
0 0.76015625 0.675 0.03515625 0.0375
0 0.20859375 0.42578125 0.040625 0.0359375
0 0.10078125 0.25234375 0.0390625 0.0421875
0 0.13359375 0.2203125 0.03515625 0.028125
0 0.26484375 0.453125 0.0390625 0.040625
0 0.3125 0.15625 0.03671875 0.0375
0 0.34453125 0.48125 0.03984375 0.046875
2 0.39296875 0.5015625 0.0375 0.040625
0 0.653125 0.1703125 0.04375 0.040625
2 0.0078125 0.390625 0.015625 0.0875