1 0.33515625 0.59921875 0.06015625 0.0828125
0 0.3921875 0.865625 0.0375 0.046875
0 0.4765625 0.90859375 0.03515625 0.0515625
0 0.63828125 0.9078125 0.0421875 0.053125
0 0.26171875 0.81953125 0.0375 0.0453125
0 0.015625 0.846875 0.03046875 0.06875
0 0.07421875 0.18046875 0.0296875 0.0328125
0 0.184375 0.28515625 0.0328125 0.0421875
0 0.009375 0.5078125 0.01875 0.0375
0 0.02578125 0.53515625 0.02890625 0.0390625
0 0.30546875 0.8703125 0.0328125 0.053125
0 0.37734375 0.94765625 0.03671875 0.0578125
2 0.41484375 0.98203125 0.0390625 0.0328125
0 0.74921875 0.453125 0.025 0.034375
0 0.73125 0.53515625 0.028125 0.0453125
0 0.78515625 0.5375 0.0359375 0.040625
0 0.77578125 0.56640625 0.03515625 0.0421875
0 0.76796875 0.6 0.0328125 0.040625