1 0.45703125 0.546875 0.04765625 0.096875
0 0.01953125 0.73671875 0.0390625 0.0578125
0 0.13984375 0.596875 0.0390625 0.053125
0 0.3515625 0.7015625 0.03203125 0.0625
0 0.3921875 0.6578125 0.02734375 0.05
0 0.3828125 0.77421875 0.02734375 0.0546875
0 0.4328125 0.88984375 0.02890625 0.0640625
0 0.52109375 0.93515625 0.03046875 0.0609375
0 0.5078125 0.971875 0.0328125 0.053125
0 0.13984375 0.196875 0.025 0.04375
0 0.178125 0.2390625 0.0203125 0.040625
0 0.1796875 0.28671875 0.02734375 0.0484375
0 0.196875 0.33046875 0.02109375 0.0421875
0 0.36796875 0.18046875 0.025 0.0453125
0 0.08515625 0.06875 0.01953125 0.034375
0 0.8828125 0.7921875 0.03359375 0.05
0 0.89609375 0.76640625 0.0359375 0.0671875
0 0.85390625 0.7015625 0.0328125 0.053125
0 0.290625 0.03515625 0.01875 0.0328125
0 0.1578125 0.23515625 0.01953125 0.0453125
0 0.11171875 0.0078125 0.02109375 0.015625
0 0.46328125 0.7515625 0.03046875 0.0625
2 0.46328125 0.9546875 0.03359375 0.065625
0 0.89140625 0.63359375 0.02578125 0.0421875
0 0.909375 0.7328125 0.03359375 0.053125