3 0.72734375 0.8484375 0.0421875 0.05625
1 0.32890625 0.5015625 0.06171875 0.084375
0 0.078125 0.3875 0.03515625 0.046875
0 0.32109375 0.69609375 0.0390625 0.0546875
0 0.2484375 0.71328125 0.034375 0.0421875
0 0.58515625 0.971875 0.03984375 0.053125
0 0.22265625 0.54609375 0.01796875 0.0640625
0 0.084375 0.20078125 0.03046875 0.0390625
0 0.15546875 0.1796875 0.03515625 0.046875
0 0.00859375 0.73515625 0.01640625 0.0546875
0 0.009375 0.43828125 0.01875 0.0390625
0 0.73046875 0.33359375 0.0328125 0.0421875
0 0.71171875 0.4140625 0.03203125 0.05
0 0.76484375 0.4203125 0.0328125 0.0375
0 0.75625 0.44921875 0.03671875 0.0484375
0 0.75078125 0.48125 0.0328125 0.034375
0 0.36640625 0.8359375 0.0375 0.05625
0 0.2953125 0.75859375 0.0328125 0.0484375
2 0.4078125 0.8796875 0.03984375 0.0625