0 0.0421875 0.5359375 0.03359375 0.025
0 0.1171875 0.32421875 0.034375 0.0265625
0 0.14921875 0.36796875 0.03671875 0.0296875
0 0.2328125 0.3296875 0.03359375 0.01875
0 0.49609375 0.68984375 0.03203125 0.0265625
0 0.5390625 0.69375 0.0375 0.028125
0 0.5921875 0.69921875 0.0390625 0.0265625
0 0.6375 0.70546875 0.03515625 0.0328125
0 0.74453125 0.71640625 0.03046875 0.0296875
0 0.5796875 0.26875 0.03671875 0.028125
0 0.16796875 0.665625 0.04609375 0.034375
0 0.1453125 0.49296875 0.04609375 0.0390625
0 0.225 0.6703125 0.03984375 0.034375
0 0.3140625 0.6765625 0.03984375 0.034375
2 0.3640625 0.6796875 0.04140625 0.040625
0 0.521875 0.021875 0.0328125 0.03125
0 0.5671875 0.0171875 0.03359375 0.028125
0 0.56796875 0.05 0.0296875 0.034375