0 0.13359375 0.72734375 0.0359375 0.0609375
0 0.17109375 0.66171875 0.0359375 0.0609375
0 0.18828125 0.6828125 0.028125 0.059375
0 0.26875 0.30078125 0.02734375 0.0421875
0 0.2875 0.2640625 0.0265625 0.040625
0 0.32890625 0.63984375 0.03515625 0.0484375
0 0.55625 0.87265625 0.0234375 0.0765625
0 0.5828125 0.86796875 0.02890625 0.0640625
0 0.7265625 0.4171875 0.025 0.046875
0 0.75625 0.40703125 0.02109375 0.0453125
0 0.75546875 0.3546875 0.025 0.05
0 0.784375 0.35234375 0.0203125 0.0390625
0 0.7875 0.284375 0.02734375 0.05
0 0.953125 0.2828125 0.0328125 0.040625
0 0.15625 0.63125 0.03515625 0.0625
0 0.09140625 0.66328125 0.0328125 0.0546875
0 0.4609375 0.0140625 0.025 0.028125
0 0.48515625 0.01015625 0.0203125 0.0203125