1 0.34453125 0.9234375 0.04140625 0.125
3 0.50546875 0.33125 0.01953125 0.05625
0 0.4359375 0.5203125 0.02734375 0.071875
0 0.3546875 0.7578125 0.0265625 0.06875
0 0.1078125 0.5375 0.03046875 0.04375
0 0.11953125 0.48828125 0.03046875 0.0328125
0 0.5328125 0.8765625 0.01796875 0.075
0 0.5890625 0.2921875 0.01796875 0.046875
0 0.51796875 0.1 0.0203125 0.053125
0 0.2671875 0.1125 0.028125 0.025
0 0.27421875 0.08203125 0.02578125 0.0265625
0 0.2453125 0.12890625 0.0296875 0.0296875
0 0.05390625 0.9484375 0.03203125 0.071875
0 0.07421875 0.9609375 0.03515625 0.06875
0 0.1 0.9703125 0.025 0.05625
0 0.584375 0.01875 0.01875 0.0375
0 0.78046875 0.12890625 0.0328125 0.0296875
0 0.8859375 0.23046875 0.0328125 0.0296875
0 0.93984375 0.24921875 0.0328125 0.0359375
0 0.9890625 0.1953125 0.01953125 0.040625
0 0.92890625 0.02578125 0.00859375 0.0359375