2 0.21875 0.85390625 0.084375 0.1203125
0 0.234375 0.95078125 0.04140625 0.0609375
0 0.42109375 0.759375 0.03515625 0.065625
0 0.55546875 0.92890625 0.0359375 0.0546875
0 0.67578125 0.775 0.03203125 0.053125
0 0.4421875 0.0984375 0.025 0.046875
0 0.4640625 0.0703125 0.02265625 0.046875
0 0.50859375 0.97578125 0.03984375 0.0453125
0 0.2453125 0.38515625 0.03515625 0.0421875
0 0.275 0.45703125 0.03203125 0.0515625
0 0.3265625 0.4328125 0.0296875 0.05
0 0.31328125 0.4109375 0.03515625 0.05
0 0.303125 0.37890625 0.03203125 0.0453125
0 0.59140625 0.88359375 0.03515625 0.0640625