0 0.28203125 0.77109375 0.0265625 0.0390625
0 0.3015625 0.7328125 0.0234375 0.040625
0 0.5078125 0.971875 0.03046875 0.053125
0 0.75078125 0.85546875 0.02109375 0.0546875
0 0.78046875 0.8484375 0.0203125 0.046875
0 0.775 0.7890625 0.021875 0.053125
0 0.80546875 0.7828125 0.01796875 0.040625
0 0.80234375 0.71484375 0.021875 0.0484375
0 0.7859375 0.4421875 0.01640625 0.034375
0 0.78515625 0.3921875 0.01640625 0.034375
0 0.81171875 0.3828125 0.0140625 0.028125
0 0.9890625 0.21484375 0.01328125 0.0265625
0 0.4703125 0.4796875 0.02109375 0.03125
0 0.4921875 0.4703125 0.021875 0.028125
0 0.5046875 0.4515625 0.02109375 0.03125
0 0.9765625 0.70234375 0.0390625 0.0421875
0 0.9015625 0.121875 0.01484375 0.025