0 0.2984375 0.7390625 0.040625 0.05625
0 0.60234375 0.5375 0.0359375 0.046875
0 0.7 0.8015625 0.03359375 0.05
0 0.71171875 0.83046875 0.03203125 0.0453125
0 0.90859375 0.64375 0.03515625 0.0375
0 0.95625 0.57421875 0.03515625 0.0515625
0 0.575 0.925 0.0359375 0.040625
0 0.615625 0.896875 0.03359375 0.040625
0 0.57421875 0.06953125 0.0234375 0.0515625
0 0.59765625 0.04453125 0.0203125 0.0515625
0 0.52265625 0.95625 0.0390625 0.04375
0 0.48125 0.98046875 0.0421875 0.0359375
0 0.34765625 0.26796875 0.02890625 0.0359375
0 0.36875 0.35078125 0.034375 0.0421875
0 0.41640625 0.34921875 0.02890625 0.0390625
0 0.41015625 0.3203125 0.03359375 0.0375
0 0.40625 0.2875 0.02890625 0.0375
0 0.990625 0.271875 0.01796875 0.034375