1 0.5484375 0.4921875 0.04375 0.096875
0 0.2671875 0.30859375 0.028125 0.0390625
0 0.28515625 0.2703125 0.02734375 0.040625
0 0.1453125 0.7578125 0.04140625 0.0625
0 0.1828125 0.684375 0.034375 0.059375
0 0.20078125 0.70234375 0.0234375 0.0515625
0 0.30390625 0.82109375 0.0328125 0.0734375
0 0.6015625 0.83984375 0.0265625 0.0640625
0 0.553125 0.41484375 0.02578125 0.0546875
0 0.67265625 0.50390625 0.02578125 0.0515625
0 0.66875 0.20234375 0.02734375 0.0546875
0 0.76171875 0.1703125 0.0203125 0.04375
0 0.83984375 0.08828125 0.01875 0.0421875
0 0.80234375 0.01953125 0.0203125 0.0390625
3 0.7296875 0.14609375 0.0203125 0.0453125
0 0.103125 0.69921875 0.02734375 0.0515625
0 0.165625 0.66015625 0.03046875 0.0546875
0 0.54609375 0.9765625 0.03203125 0.04375