1 0.24765625 0.22265625 0.0671875 0.0734375
0 0.5796875 0.690625 0.03515625 0.046875
0 0.65703125 0.72109375 0.0390625 0.0484375
0 0.52421875 0.73125 0.03359375 0.046875
0 0.565625 0.7703125 0.0359375 0.046875
0 0.61171875 0.81328125 0.0375 0.0484375
0 0.64609375 0.80078125 0.03671875 0.0546875
0 0.65390625 0.84765625 0.0375 0.0546875
0 0.784375 0.89609375 0.03515625 0.0453125
0 0.24140625 0.48828125 0.0375 0.0453125
0 0.3625 0.59140625 0.0359375 0.0390625
0 0.43984375 0.38203125 0.0375 0.0484375
0 0.71484375 0.0453125 0.0328125 0.040625
0 0.69453125 0.1359375 0.034375 0.040625
0 0.74921875 0.13203125 0.03515625 0.0453125
0 0.740625 0.16328125 0.03671875 0.0421875
0 0.7328125 0.19453125 0.03203125 0.0359375
0 0.99296875 0.1671875 0.0125 0.0625
0 0.75234375 0.934375 0.04375 0.05625
0 0.2890625 0.52578125 0.03359375 0.0421875
2 0.40703125 0.6265625 0.0359375 0.05
0 0.00703125 0.54375 0.0140625 0.0625