3 0.865625 0.7578125 0.046875 0.053125
1 0.3140625 0.39140625 0.0671875 0.0796875
0 0.159375 0.20546875 0.03515625 0.0390625
0 0.19609375 0.48984375 0.0390625 0.0453125
0 0.17578125 0.38671875 0.02890625 0.0609375
0 0.22265625 0.59921875 0.0421875 0.0515625
0 0.27109375 0.634375 0.03515625 0.040625
0 0.346875 0.69140625 0.0359375 0.0453125
0 0.45390625 0.68203125 0.0359375 0.0453125
0 0.58828125 0.68515625 0.03984375 0.0484375
0 0.51484375 0.82265625 0.03671875 0.0484375
0 0.55546875 0.85546875 0.04140625 0.0515625
0 0.61640625 0.82265625 0.03984375 0.0484375
0 0.60390625 0.8953125 0.0421875 0.05625
0 0.64921875 0.93359375 0.04375 0.0546875
0 0.74296875 0.87890625 0.040625 0.0515625
0 0.95859375 0.2203125 0.0203125 0.059375
0 0.71015625 0.2359375 0.0375 0.0375
0 0.7046875 0.2703125 0.03359375 0.0375
0 0.66484375 0.2140625 0.03359375 0.040625
0 0.075 0.06796875 0.0390625 0.0421875
2 0.39375 0.72421875 0.040625 0.0484375
0 0.68046875 0.12109375 0.03203125 0.0328125
0 0.7171875 0.19921875 0.034375 0.0359375
0 0.8140625 0.97890625 0.04609375 0.0390625
0 0.9890625 0.23359375 0.01953125 0.0609375