1 0.321875 0.3765625 0.06328125 0.08125
3 0.79453125 0.7515625 0.04140625 0.053125
0 0.26171875 0.51484375 0.0359375 0.0453125
0 0.23828125 0.58515625 0.03671875 0.0453125
0 0.1984375 0.39296875 0.01796875 0.0609375
0 0.51875 0.75390625 0.03671875 0.0484375
0 0.51796875 0.84765625 0.0375 0.0484375
0 0.559375 0.88515625 0.03671875 0.0484375
0 0.60859375 0.93359375 0.03671875 0.0515625
0 0.65078125 0.97421875 0.04140625 0.0453125
0 0.68359375 0.9234375 0.03671875 0.053125
0 0.70078125 0.8109375 0.040625 0.053125
0 0.11953125 0.04375 0.034375 0.04375
0 0.11796875 0.12890625 0.034375 0.0421875
0 0.01015625 0.2234375 0.0203125 0.04375
0 0.28515625 0.6296875 0.0328125 0.04375
0 0.35859375 0.69375 0.0375 0.046875
2 0.4 0.7328125 0.0390625 0.05
0 0.809375 0.9859375 0.0296875 0.025
0 0.715625 0.16796875 0.0265625 0.0359375
0 0.69296875 0.25234375 0.034375 0.0421875
0 0.734375 0.31640625 0.0296875 0.0359375
0 0.74140625 0.28359375 0.03515625 0.0453125
0 0.7484375 0.2515625 0.03671875 0.0375
0 0.990625 0.296875 0.01796875 0.059375