2 0.3875 0.16875 0.03671875 0.05625
1 0.63671875 0.4046875 0.03515625 0.096875
0 0.184375 0.290625 0.034375 0.03125
0 0.303125 0.2265625 0.03515625 0.028125
0 0.04609375 0.35546875 0.03359375 0.0328125
0 0.47265625 0.44140625 0.02109375 0.0640625
0 0.490625 0.52421875 0.01796875 0.0546875
0 0.51484375 0.65390625 0.01640625 0.0640625
0 0.61640625 0.66171875 0.025 0.0703125
0 0.63203125 0.51015625 0.02109375 0.0609375
0 0.57421875 0.965625 0.0234375 0.065625
0 0.85546875 0.96328125 0.0296875 0.0703125
0 0.978125 0.85859375 0.0265625 0.0640625
0 0.55859375 0.11171875 0.02265625 0.0515625
0 0.63359375 0.28203125 0.02265625 0.0546875
2 0.53125 0.7328125 0.025 0.06875
0 0.9671875 0.75703125 0.03203125 0.0640625
0 0.39765625 0.01171875 0.0203125 0.0234375