2 0.25078125 0.37109375 0.08203125 0.0859375
1 0.04921875 0.575 0.06875 0.0625
0 0.1140625 0.59140625 0.03671875 0.0484375
0 0.11484375 0.49609375 0.0421875 0.0453125
0 0.1796875 0.5046875 0.04375 0.046875
0 0.24921875 0.46953125 0.040625 0.0453125
0 0.140625 0.8453125 0.04375 0.04375
0 0.45859375 0.65859375 0.03515625 0.0359375
0 0.49921875 0.6375 0.03359375 0.0375
0 0.54609375 0.60859375 0.03671875 0.0359375
0 0.5875 0.58359375 0.0390625 0.0328125
0 0.68203125 0.5375 0.034375 0.040625
0 0.1984375 0.81171875 0.03984375 0.0453125
0 0.28203125 0.7609375 0.04296875 0.046875
2 0.3296875 0.73203125 0.040625 0.0453125
3 0.009375 0.64765625 0.01875 0.0359375
0 0.3515625 0.01953125 0.040625 0.0390625
0 0.40625 0.0234375 0.0296875 0.040625