0 0.0546875 0.31640625 0.0375 0.0328125
0 0.23046875 0.4984375 0.03359375 0.03125
0 0.18046875 0.61875 0.04140625 0.03125
0 0.23828125 0.61796875 0.03203125 0.0234375
0 0.3140625 0.44609375 0.03671875 0.0265625
0 0.61015625 0.5203125 0.04140625 0.034375
0 0.5046875 0.609375 0.0375 0.025
0 0.546875 0.609375 0.03671875 0.03125
0 0.59921875 0.6125 0.03359375 0.025
0 0.64453125 0.6140625 0.0359375 0.028125
0 0.74921875 0.61328125 0.03359375 0.0265625
0 0.81875 0.51484375 0.03984375 0.0296875
0 0.79765625 0.26640625 0.04453125 0.0390625
0 0.6359375 0.35234375 0.0421875 0.0328125
0 0.5765625 0.18046875 0.04140625 0.0328125
0 0.32109375 0.61484375 0.040625 0.0328125
2 0.371875 0.6125 0.0421875 0.03125