1 0.1734375 0.74296875 0.05 0.1140625
3 0.3890625 0.1984375 0.02734375 0.06875
0 0.19296875 0.5984375 0.0296875 0.0625
0 0.2578125 0.5015625 0.03359375 0.084375
0 0.259375 0.21640625 0.02734375 0.0703125
0 0.4359375 0.5546875 0.02578125 0.059375
0 0.4578125 0.48671875 0.0234375 0.0640625
0 0.484375 0.41171875 0.02734375 0.0734375
0 0.50625 0.34296875 0.02578125 0.0609375
0 0.5578125 0.1875 0.02578125 0.059375
0 0.03046875 0.1296875 0.028125 0.059375
0 0.0890625 0.17265625 0.02734375 0.0578125
0 0.08984375 0.07109375 0.02890625 0.0671875
0 0.1125 0.096875 0.02890625 0.0625
0 0.13359375 0.1125 0.0203125 0.059375
0 0.3453125 0.83671875 0.02890625 0.0671875
2 0.36640625 0.75859375 0.03203125 0.0734375
0 0.3015625 0.97109375 0.0296875 0.0546875