0 0.1578125 0.95 0.04296875 0.04375
0 0.05859375 0.74296875 0.0421875 0.0578125
0 0.48046875 0.478125 0.0390625 0.04375
0 0.48828125 0.81640625 0.0375 0.0359375
0 0.53046875 0.7984375 0.0359375 0.03125
0 0.58515625 0.78203125 0.03515625 0.0359375
0 0.6265625 0.76171875 0.040625 0.0359375
0 0.7125 0.7 0.03671875 0.0375
0 0.72890625 0.72890625 0.0359375 0.0359375
0 0.8453125 0.62734375 0.03984375 0.0359375
0 0.92578125 0.565625 0.03671875 0.0375
0 0.84140625 0.34453125 0.03984375 0.0453125
0 0.21875 0.92421875 0.03984375 0.0421875
0 0.30625 0.88828125 0.04609375 0.0359375
2 0.35625 0.86875 0.04453125 0.046875
0 0.47734375 0.17578125 0.02890625 0.0390625
0 0.42578125 0.16171875 0.03515625 0.0328125
0 0.41328125 0.07734375 0.03046875 0.0328125
0 0.4671875 0.10546875 0.034375 0.0328125
0 0.4703125 0.14296875 0.0359375 0.0359375