0 0.72421875 0.67109375 0.0203125 0.0515625
0 0.70234375 0.75703125 0.01640625 0.0484375
0 0.68359375 0.821875 0.01796875 0.0625
0 0.7109375 0.80390625 0.0125 0.0453125
0 0.7296875 0.73671875 0.015625 0.0390625
0 0.69296875 0.415625 0.01640625 0.034375
0 0.68671875 0.3734375 0.0140625 0.034375
0 0.7125 0.36171875 0.0140625 0.0296875
0 0.20859375 0.8328125 0.02734375 0.040625
0 0.228125 0.790625 0.028125 0.040625
0 0.3875 0.503125 0.02734375 0.028125
0 0.4125 0.490625 0.02109375 0.028125
0 0.42109375 0.46484375 0.021875 0.0265625
0 0.7859375 0.090625 0.01171875 0.025
0 0.88984375 0.10390625 0.009375 0.0234375
0 0.8765625 0.14296875 0.0140625 0.0265625
0 0.88515625 0.63203125 0.03515625 0.0328125