3 0.4671875 0.5484375 0.025 0.059375
0 0.16953125 0.32734375 0.03359375 0.0359375
0 0.18359375 0.2796875 0.0265625 0.0375
0 0.25078125 0.83046875 0.028125 0.0765625
0 0.32734375 0.88046875 0.034375 0.0859375
0 0.50234375 0.2890625 0.0234375 0.0625
0 0.55 0.76640625 0.0234375 0.0609375
0 0.50625 0.93046875 0.028125 0.0828125
0 0.0953125 0.70859375 0.0296875 0.0671875
0 0.1140625 0.72734375 0.0375 0.0765625
0 0.1359375 0.74375 0.0328125 0.0625
0 0.03203125 0.7609375 0.02890625 0.05625
0 0.08515625 0.80546875 0.03046875 0.0578125
0 0.2578125 0.98125 0.01953125 0.034375
0 0.490625 0.98203125 0.0203125 0.0328125
0 0.9875 0.21953125 0.02265625 0.0328125