1 0.46015625 0.32734375 0.05078125 0.0953125
3 0.41015625 0.175 0.028125 0.05
0 0.0296875 0.50625 0.0390625 0.05
0 0.14296875 0.371875 0.0359375 0.046875
0 0.35625 0.47578125 0.03046875 0.0578125
0 0.38984375 0.54296875 0.025 0.0453125
0 0.44453125 0.546875 0.02890625 0.05625
0 0.4390625 0.64140625 0.02890625 0.0578125
0 0.48125 0.54140625 0.034375 0.0640625
0 0.36015625 0.29921875 0.02890625 0.0515625
0 0.18984375 0.115625 0.02109375 0.04375
0 0.24453125 0.0734375 0.025 0.04375
0 0.17265625 0.07421875 0.028125 0.0515625
0 0.1671875 0.025 0.02578125 0.04375
0 0.190625 0.015625 0.02265625 0.03125
0 0.878125 0.55546875 0.0328125 0.0484375
0 0.89375 0.52734375 0.03515625 0.0578125
0 0.85390625 0.47265625 0.03359375 0.0515625
0 0.553125 0.88203125 0.03203125 0.0609375
0 0.5828125 0.94375 0.03515625 0.06875
0 0.89375 0.40703125 0.025 0.0359375
0 0.909375 0.50234375 0.0296875 0.0515625
2 0.46796875 0.70078125 0.034375 0.0671875
0 0.146875 0.02109375 0.02109375 0.0390625