0 0.365625 0.75 0.03359375 0.065625
0 0.6375 0.74296875 0.0296875 0.0609375
0 0.65234375 0.7640625 0.0296875 0.053125
0 0.578125 0.88515625 0.0296875 0.0609375
0 0.54296875 0.93671875 0.0390625 0.0578125
0 0.8453125 0.40703125 0.02734375 0.0515625
0 0.84453125 0.35703125 0.02890625 0.0546875
0 0.72421875 0.2109375 0.03515625 0.053125
0 0.92890625 0.22578125 0.0265625 0.0578125
0 0.8875 0.296875 0.0265625 0.053125
0 0.91875 0.2984375 0.0265625 0.04375
0 0.39140625 0.12265625 0.028125 0.0453125
0 0.41171875 0.0921875 0.025 0.046875
0 0.5046875 0.98203125 0.0265625 0.0328125
0 0.2765625 0.45 0.0328125 0.046875
0 0.290625 0.47421875 0.02578125 0.0484375
0 0.2390625 0.5015625 0.03046875 0.046875
0 0.2046875 0.43203125 0.028125 0.0421875