1 0.64609375 0.47890625 0.06171875 0.0953125
0 0.54296875 0.5015625 0.034375 0.05
0 0.36484375 0.89453125 0.03984375 0.0609375
0 0.5125 0.93828125 0.0359375 0.0515625
0 0.55625 0.88515625 0.034375 0.0453125
0 0.59375 0.84375 0.02890625 0.05625
0 0.6734375 0.74609375 0.03671875 0.0546875
0 0.7390625 0.45078125 0.028125 0.0453125
0 0.78125 0.23671875 0.0328125 0.0578125
0 0.25390625 0.328125 0.02890625 0.040625
0 0.284375 0.40703125 0.0328125 0.0484375
0 0.3140625 0.328125 0.0296875 0.04375
0 0.3234375 0.359375 0.03359375 0.046875
0 0.334375 0.38671875 0.025 0.0484375
0 0.45390625 0.05234375 0.0265625 0.0453125
0 0.475 0.0234375 0.0265625 0.046875
0 0.47265625 0.97734375 0.0390625 0.0421875