2 0.78203125 0.71171875 0.078125 0.0609375
1 0.29296875 0.60234375 0.065625 0.0546875
0 0.39453125 0.7640625 0.04140625 0.028125
0 0.19609375 0.70625 0.040625 0.028125
0 0.228125 0.7953125 0.03203125 0.03125
0 0.05390625 0.69296875 0.0359375 0.0671875
0 0.15703125 0.89375 0.04296875 0.0375
0 0.49375 0.8296875 0.0390625 0.025
0 0.48203125 0.703125 0.040625 0.034375
0 0.53671875 0.82109375 0.0390625 0.0328125
0 0.58671875 0.809375 0.0421875 0.03125
0 0.63359375 0.80625 0.03984375 0.034375
0 0.73828125 0.78671875 0.03515625 0.0296875
0 0.21796875 0.8828125 0.03984375 0.03125
0 0.30546875 0.86328125 0.04140625 0.0390625
2 0.3578125 0.8546875 0.04140625 0.040625
0 0.25625 0.5265625 0.0421875 0.0375
0 0.58125 0.7359375 0.046875 0.040625
0 0.45625 0.08125 0.02890625 0.025
0 0.46640625 0.1703125 0.03515625 0.034375
0 0.51015625 0.11953125 0.0296875 0.0328125
0 0.50859375 0.15859375 0.03671875 0.0328125
0 0.5140625 0.18828125 0.03046875 0.0359375