1 0.690625 0.41796875 0.0609375 0.0953125
0 0.55703125 0.88359375 0.0328125 0.0546875
0 0.59296875 0.8359375 0.0328125 0.059375
0 0.67265625 0.7390625 0.034375 0.0625
0 0.65859375 0.5390625 0.034375 0.053125
0 0.61484375 0.4171875 0.034375 0.053125
0 0.8203125 0.16953125 0.034375 0.0484375
0 0.509375 0.93515625 0.0421875 0.0703125
0 0.47265625 0.97265625 0.04375 0.0515625
0 0.29296875 0.98203125 0.0390625 0.0328125
0 0.25078125 0.33515625 0.0296875 0.0390625
0 0.28125 0.4078125 0.03203125 0.04375
0 0.328125 0.3875 0.03046875 0.05
0 0.3171875 0.359375 0.03359375 0.04375
0 0.30703125 0.32890625 0.0328125 0.0453125
0 0.446875 0.05078125 0.0265625 0.0453125
0 0.46796875 0.02109375 0.0265625 0.0421875