2 0.4921875 0.73125 0.07890625 0.06875
1 0.45390625 0.56484375 0.06875 0.0671875
0 0.56171875 0.4359375 0.03671875 0.04375
0 0.66640625 0.62265625 0.0375 0.0359375
0 0.85390625 0.46953125 0.0375 0.0421875
0 0.3078125 0.8046875 0.04375 0.034375
0 0.4796875 0.8140625 0.03515625 0.040625
0 0.52109375 0.7984375 0.034375 0.034375
0 0.57265625 0.778125 0.04140625 0.0375
0 0.61796875 0.75703125 0.0375 0.0359375
0 0.715625 0.7140625 0.0359375 0.0375
0 0.1578125 0.81953125 0.040625 0.0359375
0 0.0296875 0.7828125 0.03671875 0.0625
0 0.1390625 0.88125 0.04140625 0.040625
0 0.14765625 0.9640625 0.040625 0.0375
0 0.11484375 0.6484375 0.0390625 0.04375
0 0.38671875 0.08671875 0.028125 0.0359375
0 0.40390625 0.17578125 0.03359375 0.0359375
0 0.43984375 0.11640625 0.03671875 0.0390625
0 0.4453125 0.14921875 0.0359375 0.0296875
0 0.4515625 0.18125 0.0296875 0.040625
0 0.209375 0.94140625 0.040625 0.0453125
0 0.29765625 0.9 0.04453125 0.05
2 0.34609375 0.878125 0.04140625 0.05