1 0.84921875 0.17734375 0.0546875 0.0984375
0 0.3140625 0.96875 0.0375 0.059375
0 0.47890625 0.97421875 0.034375 0.0484375
0 0.515625 0.92421875 0.03359375 0.0484375
0 0.5578125 0.86796875 0.034375 0.0515625
0 0.5921875 0.82578125 0.03046875 0.0546875
0 0.6734375 0.71953125 0.034375 0.0578125
0 0.83828125 0.10625 0.0296875 0.04375
2 0.08671875 0.95 0.09609375 0.096875
0 0.240625 0.34296875 0.0328125 0.0421875
0 0.27421875 0.41328125 0.02734375 0.0453125
0 0.3 0.33359375 0.03046875 0.0515625
0 0.309375 0.3625 0.0359375 0.04375
0 0.32265625 0.3875 0.03359375 0.046875
0 0.4328125 0.0453125 0.025 0.05
0 0.4578125 0.01875 0.02734375 0.0375