2 0.63203125 0.61640625 0.08125 0.0578125
1 0.375 0.4921875 0.06796875 0.053125
0 0.05234375 0.615625 0.0375 0.0625
0 0.11328125 0.7375 0.040625 0.034375
0 0.16015625 0.81328125 0.04609375 0.0296875
0 0.21875 0.79765625 0.03515625 0.0296875
0 0.30625 0.77421875 0.040625 0.0296875
0 0.2703125 0.70078125 0.0390625 0.0359375
0 0.328125 0.63828125 0.040625 0.0328125
0 0.4234375 0.403125 0.0375 0.034375
0 0.44296875 0.65625 0.04296875 0.040625
0 0.48671875 0.725 0.0359375 0.034375
0 0.53125 0.715625 0.0390625 0.028125
0 0.58359375 0.7046875 0.0359375 0.034375
0 0.6265625 0.6953125 0.0390625 0.03125
0 0.728125 0.671875 0.03984375 0.034375
0 0.87578125 0.54296875 0.03984375 0.0359375
2 0.35546875 0.7625 0.0421875 0.03125
0 0.4921875 0.01484375 0.02890625 0.0296875
0 0.4453125 0.06796875 0.03984375 0.0359375
0 0.49453125 0.0875 0.0328125 0.0375
0 0.490625 0.05234375 0.03671875 0.0390625