1 0.3359375 0.53203125 0.0703125 0.0546875
2 0.70703125 0.65078125 0.078125 0.0578125
0 0.05703125 0.63046875 0.03671875 0.0578125
0 0.0921875 0.68203125 0.0375 0.0359375
0 0.16875 0.75 0.04140625 0.034375
0 0.16171875 0.83515625 0.04609375 0.0296875
0 0.22109375 0.8265625 0.0375 0.03125
0 0.3046875 0.80078125 0.0375 0.0296875
0 0.4890625 0.7625 0.03984375 0.028125
0 0.53203125 0.753125 0.04140625 0.028125
0 0.5859375 0.74609375 0.0421875 0.0296875
0 0.63125 0.7359375 0.0359375 0.028125
0 0.7328125 0.71796875 0.040625 0.0265625
0 0.51015625 0.6765625 0.04375 0.03125
0 0.33359375 0.71640625 0.040625 0.0390625
0 0.4078125 0.65234375 0.0359375 0.0328125
0 0.33984375 0.44296875 0.04140625 0.0328125
2 0.3609375 0.79140625 0.04296875 0.0390625
0 0.978125 0.5734375 0.04140625 0.04375
0 0.5015625 0.03984375 0.03359375 0.0359375
0 0.5046875 0.08046875 0.03671875 0.0296875
0 0.5078125 0.115625 0.02890625 0.0375
0 0.45859375 0.09609375 0.03359375 0.0328125