1 0.771875 0.29140625 0.0578125 0.0953125
0 0.734375 0.2421875 0.028125 0.046875
0 0.4890625 0.74375 0.03515625 0.05625
0 0.5578125 0.87265625 0.03359375 0.0421875
0 0.59140625 0.82734375 0.03359375 0.0515625
0 0.6703125 0.721875 0.03359375 0.059375
0 0.51171875 0.93359375 0.03671875 0.0546875
0 0.8859375 0.04453125 0.03203125 0.0453125
0 0.47265625 0.9734375 0.040625 0.05
0 0.23828125 0.3453125 0.0328125 0.046875
0 0.2734375 0.41171875 0.03046875 0.0421875
0 0.2984375 0.33828125 0.028125 0.0453125
0 0.309375 0.3671875 0.0359375 0.046875
0 0.32109375 0.38984375 0.028125 0.0421875
0 0.43125 0.04921875 0.02265625 0.0453125
0 0.45390625 0.01875 0.02890625 0.0375