1 0.8109375 0.234375 0.0578125 0.09375
0 0.4015625 0.859375 0.0375 0.0625
0 0.4765625 0.9765625 0.03515625 0.04375
0 0.51328125 0.9265625 0.0375 0.04375
0 0.55703125 0.8734375 0.0359375 0.05625
0 0.5921875 0.82265625 0.040625 0.0609375
0 0.67421875 0.7234375 0.0359375 0.059375
0 0.790625 0.1703125 0.03515625 0.053125
0 0.2390625 0.34140625 0.03203125 0.0421875
0 0.2734375 0.41328125 0.03203125 0.0484375
0 0.32265625 0.390625 0.0296875 0.046875
0 0.3109375 0.36484375 0.0359375 0.0453125
0 0.29609375 0.3359375 0.03359375 0.053125
0 0.43359375 0.046875 0.025 0.04375
0 0.45546875 0.01796875 0.02578125 0.0359375
0 0.9203125 0.01015625 0.028125 0.0203125