1 0.55234375 0.49765625 0.06328125 0.0890625
2 0.309375 0.9515625 0.0890625 0.09375
0 0.3796875 0.5921875 0.0359375 0.05625
0 0.37109375 0.8421875 0.03984375 0.059375
0 0.47109375 0.88125 0.0375 0.059375
0 0.51015625 0.840625 0.03671875 0.059375
0 0.55546875 0.79140625 0.0375 0.0546875
0 0.59140625 0.75390625 0.034375 0.0515625
0 0.678125 0.65859375 0.03671875 0.0578125
0 0.5265625 0.6125 0.0390625 0.05625
0 0.6859375 0.265625 0.0359375 0.053125
0 0.89609375 0.2109375 0.034375 0.046875
0 0.2640625 0.22109375 0.0265625 0.0421875
0 0.290625 0.29765625 0.0328125 0.0421875
0 0.31875 0.22265625 0.03359375 0.0546875
0 0.33046875 0.25390625 0.0359375 0.0453125
0 0.34140625 0.28203125 0.02734375 0.0453125