4 0.6515625 0.6734375 0.06953125 0.184375
0 0.35234375 0.1984375 0.01796875 0.05
0 0.015625 0.50078125 0.0234375 0.0609375
0 0.071875 0.7671875 0.028125 0.06875
0 0.371875 0.2625 0.021875 0.0625
0 0.4015625 0.37734375 0.021875 0.0640625
0 0.421875 0.4546875 0.0234375 0.0625
3 0.5859375 0.459375 0.02578125 0.059375
3 0.5203125 0.24375 0.021875 0.053125
0 0.60703125 0.53359375 0.0234375 0.0609375
0 0.44140625 0.52421875 0.02734375 0.0703125
0 0.49375 0.715625 0.02578125 0.06875
0 0.54375 0.875 0.02890625 0.078125