3 0.28203125 0.19140625 0.02109375 0.0578125
0 0.25234375 0.25625 0.0203125 0.053125
0 0.2953125 0.5125 0.025 0.071875
0 0.05078125 0.0421875 0.04140625 0.0375
6 0.0515625 0.09296875 0.05546875 0.0515625
0 0.6171875 0.22578125 0.01875 0.0640625
0 0.6375 0.3015625 0.01953125 0.059375
0 0.653125 0.37109375 0.01953125 0.0609375
0 0.69765625 0.5640625 0.02109375 0.065625
0 0.73984375 0.7171875 0.02734375 0.075
3 0.7921875 0.346875 0.02578125 0.0625
0 0.8125 0.41640625 0.0234375 0.0609375
4 0.85390625 0.55859375 0.065625 0.1828125
3 0.73515625 0.13046875 0.02265625 0.0515625