0 0.53046875 0.04296875 0.01484375 0.0453125
0 0.5453125 0.09609375 0.01953125 0.0609375
0 0.571875 0.2140625 0.02109375 0.065625
0 0.5875 0.2859375 0.02109375 0.0625
0 0.60625 0.35625 0.02109375 0.06875
3 0.6875 0.10546875 0.0203125 0.0515625
3 0.74609375 0.3203125 0.02734375 0.065625
0 0.7671875 0.39296875 0.025 0.0640625
4 0.81015625 0.528125 0.07265625 0.190625
0 0.65625 0.54765625 0.02890625 0.0734375
0 0.696875 0.69609375 0.025 0.0765625
0 0.2046875 0.2609375 0.01953125 0.05
0 0.24921875 0.51640625 0.0234375 0.0671875