0 0.42421875 0.05390625 0.02109375 0.0515625
0 0.44296875 0.10625 0.021875 0.0625
0 0.4734375 0.21953125 0.021875 0.0671875
0 0.4953125 0.29140625 0.0265625 0.0640625
0 0.5140625 0.3578125 0.02734375 0.0625
3 0.6546875 0.30078125 0.025 0.0609375
0 0.6734375 0.36640625 0.025 0.0515625
3 0.58515625 0.09375 0.02265625 0.053125
4 0.721875 0.50078125 0.07109375 0.1734375
0 0.5671875 0.5359375 0.02578125 0.065625
0 0.61875 0.684375 0.02890625 0.06875
0 0.103125 0.328125 0.025 0.053125
0 0.159375 0.58359375 0.03203125 0.0609375