0 0.07890625 0.4890625 0.04375 0.04375
0 0.48828125 0.3265625 0.040625 0.040625
0 0.39453125 0.37578125 0.04296875 0.0453125
0 0.7125 0.23671875 0.040625 0.0421875
0 0.66015625 0.25703125 0.040625 0.0453125
0 0.61328125 0.27421875 0.0421875 0.0484375
0 0.84140625 0.18359375 0.03515625 0.0421875
0 0.7984375 0.203125 0.0421875 0.040625
0 0.565625 0.58046875 0.0390625 0.0390625
3 0.615625 0.56328125 0.0390625 0.0453125
3 0.77421875 0.50234375 0.03984375 0.0421875
4 0.47109375 0.60859375 0.109375 0.0828125