3 0.96328125 0.91484375 0.040625 0.0421875
3 0.89921875 0.85078125 0.04453125 0.0421875
3 0.93984375 0.84140625 0.0375 0.0390625
0 0.12578125 0.94453125 0.04921875 0.0484375
0 0.23125 0.9 0.04375 0.040625
0 0.36484375 0.8640625 0.04453125 0.04375
0 0.46953125 0.83359375 0.04140625 0.0390625
0 0.4140625 0.84765625 0.0421875 0.0390625
0 0.5984375 0.7953125 0.034375 0.034375
0 0.5546875 0.81171875 0.0421875 0.0421875
0 0.91875 0.7234375 0.034375 0.034375
0 0.9328125 0.76484375 0.04140625 0.0359375
4 0.8828125 0.71796875 0.03984375 0.1921875