0 0.37734375 0.09296875 0.02265625 0.0515625
0 0.39609375 0.15703125 0.025 0.0578125
0 0.62734375 0.41484375 0.0234375 0.0578125
0 0.465625 0.40703125 0.0234375 0.0734375
0 0.42578125 0.2640625 0.0265625 0.065625
0 0.44609375 0.34140625 0.02578125 0.0640625
0 0.51953125 0.5921875 0.02890625 0.071875
0 0.56796875 0.74140625 0.0265625 0.0734375
4 0.67421875 0.553125 0.0671875 0.178125
3 0.60625 0.34453125 0.02734375 0.0609375
3 0.54140625 0.13828125 0.02265625 0.0515625
0 0.10546875 0.6375 0.028125 0.06875
0 0.04921875 0.37890625 0.02109375 0.0515625