0 0.06953125 0.5609375 0.0296875 0.05
0 0.39609375 0.7453125 0.03359375 0.06875
0 0.428125 0.6796875 0.0328125 0.059375
0 0.603125 0.5328125 0.02890625 0.05625
0 0.64921875 0.43515625 0.0328125 0.0578125
0 0.67890625 0.49296875 0.03203125 0.0578125
0 0.7453125 0.6078125 0.03359375 0.0625
0 0.778125 0.6625 0.03046875 0.05625
0 0.809375 0.7140625 0.028125 0.05
0 0.85625 0.79140625 0.03515625 0.0609375
0 0.64296875 0.02734375 0.03359375 0.0546875
0 0.75546875 0.1046875 0.0265625 0.046875
0 0.72421875 0.16484375 0.028125 0.0484375