0 0.146875 0.97578125 0.04609375 0.0453125
0 0.25234375 0.92890625 0.0421875 0.0453125
0 0.4875 0.84140625 0.04296875 0.0421875
0 0.43515625 0.8609375 0.04140625 0.04375
0 0.384375 0.87890625 0.0421875 0.0453125
0 0.61640625 0.79453125 0.03359375 0.0359375
0 0.571875 0.81484375 0.040625 0.0421875
0 0.934375 0.696875 0.03671875 0.034375
0 0.95 0.73984375 0.040625 0.0359375
3 0.95625 0.81171875 0.0375 0.0390625
3 0.9203125 0.82578125 0.04140625 0.0421875
3 0.98203125 0.8796875 0.034375 0.046875
4 0.89765625 0.690625 0.0390625 0.196875