3 0.14375 0.0671875 0.04609375 0.05
0 0.21328125 0.096875 0.0359375 0.034375
0 0.2515625 0.11953125 0.03515625 0.0390625
0 0.2953125 0.140625 0.0328125 0.034375
0 0.24453125 0.2171875 0.03671875 0.046875
0 0.38671875 0.43203125 0.01796875 0.0640625
0 0.3640625 0.584375 0.02265625 0.06875
0 0.3484375 0.66796875 0.028125 0.0734375
3 0.3640625 0.7828125 0.02109375 0.059375
2 0.33515625 0.93515625 0.028125 0.0765625
0 0.89375 0.44921875 0.02109375 0.0515625
0 0.96015625 0.0984375 0.021875 0.065625
0 0.8546875 0.6546875 0.0234375 0.053125
0 0.840625 0.72265625 0.025 0.0671875
0 0.95546875 0.9140625 0.02578125 0.06875