0 0.58125 0.096875 0.03359375 0.03125
3 0.53984375 0.671875 0.025 0.059375
0 0.3578125 0.63125 0.02265625 0.05625
0 0.37578125 0.7 0.0296875 0.06875
0 0.4078125 0.840625 0.0265625 0.071875
0 0.43203125 0.93125 0.02734375 0.06875
3 0.61484375 0.9359375 0.02734375 0.071875
0 0.86953125 0.27109375 0.03359375 0.0453125
0 0.2734375 0.1421875 0.02109375 0.053125
0 0.25234375 0.16640625 0.01640625 0.0453125
3 0.3078125 0.13046875 0.02265625 0.0515625
3 0.3203125 0.17734375 0.025 0.0546875
3 0.3375 0.0953125 0.0203125 0.053125
4 0.25546875 0.21171875 0.10078125 0.0640625