0 0.0328125 0.528125 0.028125 0.05625
0 0.35546875 0.71328125 0.034375 0.0609375
0 0.3890625 0.64921875 0.03203125 0.0578125
0 0.61015625 0.4046875 0.0296875 0.05
0 0.63984375 0.46328125 0.0328125 0.0578125
0 0.56484375 0.50078125 0.02890625 0.0546875
0 0.5984375 0.01328125 0.02265625 0.0265625
0 0.71953125 0.075 0.02578125 0.040625
0 0.68671875 0.13125 0.02578125 0.05
0 0.70703125 0.5765625 0.034375 0.059375
0 0.7375 0.62890625 0.03046875 0.0546875
0 0.7703125 0.67890625 0.0265625 0.0484375
0 0.9671875 0.72890625 0.034375 0.0578125
0 0.815625 0.7578125 0.03671875 0.059375