0 0.196875 0.20546875 0.01484375 0.0390625
0 0.2546875 0.19921875 0.0140625 0.0359375
0 0.25625 0.05859375 0.009375 0.0296875
0 0.20859375 0.04140625 0.0109375 0.0328125
0 0.359375 0.23046875 0.025 0.0203125
0 0.68828125 0.10078125 0.0125 0.0296875
0 0.6953125 0.1359375 0.015625 0.034375
0 0.7140625 0.2046875 0.015625 0.034375
0 0.7390625 0.29921875 0.01640625 0.0390625
0 0.65546875 0.39765625 0.01640625 0.0515625
6 0.62734375 0.4 0.0234375 0.065625
3 0.56875 0.22578125 0.0359375 0.0453125
0 0.046875 0.246875 0.03046875 0.015625