3 0.15078125 0.17578125 0.040625 0.0484375
0 0.21875 0.20703125 0.03515625 0.0328125
0 0.25703125 0.228125 0.0359375 0.04375
0 0.30234375 0.24921875 0.0328125 0.0359375
0 0.25078125 0.325 0.03984375 0.040625
0 0.39453125 0.54296875 0.01875 0.0578125
0 0.371875 0.6953125 0.021875 0.065625
0 0.35625 0.77890625 0.025 0.0734375
3 0.371875 0.896875 0.02265625 0.059375
0 0.08359375 0.0484375 0.01796875 0.071875
0 0.90390625 0.55546875 0.02109375 0.0484375
0 0.85078125 0.83203125 0.021875 0.0609375
0 0.8625 0.77265625 0.02109375 0.0328125
0 0.96640625 0.20859375 0.02109375 0.0609375