0 0.353125 0.2875 0.021875 0.046875
0 0.3703125 0.34921875 0.02265625 0.0609375
0 0.4015625 0.46171875 0.0234375 0.0703125
0 0.42421875 0.5453125 0.021875 0.065625
0 0.44296875 0.61796875 0.025 0.0671875
0 0.6125 0.62578125 0.0234375 0.0640625
0 0.49765625 0.81875 0.02578125 0.075
4 0.6609375 0.77578125 0.06953125 0.1921875
3 0.59140625 0.55078125 0.0234375 0.0640625
3 0.52265625 0.328125 0.02734375 0.059375
0 0.0125 0.59296875 0.025 0.0609375
0 0.0671875 0.8765625 0.028125 0.071875
0 0.54453125 0.9703125 0.0296875 0.05625