0 0.075 0.34765625 0.0234375 0.0546875
0 0.13203125 0.603125 0.02265625 0.065625
0 0.39921875 0.07109375 0.02109375 0.0515625
0 0.41640625 0.121875 0.02578125 0.065625
0 0.4484375 0.23671875 0.0265625 0.0578125
0 0.4703125 0.3078125 0.0234375 0.065625
0 0.4890625 0.3765625 0.0234375 0.0625
0 0.5421875 0.5578125 0.0234375 0.071875
0 0.5921875 0.7046875 0.025 0.075
3 0.62890625 0.31640625 0.02265625 0.0578125
0 0.64921875 0.38515625 0.028125 0.0546875
4 0.69375 0.51953125 0.0703125 0.1765625
3 0.56015625 0.11015625 0.025 0.0484375