0 0.125 0.89921875 0.04375 0.0390625
0 0.23125 0.86640625 0.04140625 0.0390625
0 0.3640625 0.84296875 0.04296875 0.0390625
0 0.4140625 0.834375 0.04140625 0.034375
0 0.46875 0.825 0.04375 0.034375
0 0.553125 0.8125 0.0421875 0.034375
0 0.59921875 0.80078125 0.03359375 0.0359375
0 0.925 0.76171875 0.0359375 0.0359375
0 0.9375 0.809375 0.0390625 0.0375
4 0.88984375 0.75234375 0.04453125 0.1984375
3 0.90234375 0.88984375 0.04375 0.0390625
3 0.940625 0.88203125 0.0359375 0.0328125
3 0.95859375 0.96015625 0.040625 0.0390625