0 0.2359375 0.321875 0.0328125 0.065625
0 0.2671875 0.2578125 0.0296875 0.05625
0 0.48671875 0.02265625 0.03515625 0.0453125
0 0.515625 0.0703125 0.0296875 0.05625
0 0.4421875 0.11171875 0.0296875 0.0578125
0 0.5796875 0.17734375 0.03203125 0.0546875
0 0.64375 0.27734375 0.0265625 0.0515625
0 0.68671875 0.35078125 0.0359375 0.0609375
0 0.8375 0.3171875 0.03359375 0.059375
0 0.609375 0.228125 0.034375 0.04375
0 0.87265625 0.84296875 0.03203125 0.0515625
0 0.9125 0.909375 0.034375 0.0625
0 0.94765625 0.96953125 0.0328125 0.0578125