0 0.0796875 0.525 0.0359375 0.059375
0 0.24921875 0.4609375 0.025 0.046875
0 0.0421875 0.08515625 0.0265625 0.0546875
0 0.1359375 0.253125 0.0296875 0.053125
0 0.1671875 0.3078125 0.0265625 0.046875
0 0.1953125 0.3546875 0.028125 0.053125
0 0.390625 0.7234375 0.028125 0.05625
0 0.75 0.8484375 0.0296875 0.065625
0 0.71953125 0.91796875 0.03515625 0.0734375
0 0.92421875 0.69921875 0.03046875 0.0546875
0 0.96796875 0.60234375 0.03359375 0.0578125
0 0.98984375 0.6546875 0.01875 0.04375
0 0.95625 0.190625 0.0328125 0.053125