0 0.1265625 0.5453125 0.0359375 0.05625
0 0.29453125 0.48046875 0.02578125 0.0453125
0 0.2421875 0.3765625 0.028125 0.05
0 0.18671875 0.27890625 0.03359375 0.0578125
0 0.21484375 0.3296875 0.028125 0.05
0 0.08828125 0.103125 0.02890625 0.053125
0 0.034375 0.36484375 0.0328125 0.0578125
0 0.4421875 0.74296875 0.02890625 0.0546875
0 0.7984375 0.86953125 0.03203125 0.0578125
0 0.7671875 0.9359375 0.0328125 0.065625
0 0.97265625 0.71953125 0.0296875 0.0578125
0 0.99140625 0.2171875 0.01484375 0.046875