0 0.13359375 0.315625 0.021875 0.059375
0 0.19140625 0.56953125 0.0265625 0.0734375
0 0.45390625 0.0484375 0.01796875 0.05
0 0.47265625 0.1 0.025 0.065625
0 0.503125 0.21015625 0.02109375 0.0609375
0 0.52421875 0.28046875 0.025 0.0671875
0 0.54375 0.3484375 0.025 0.0625
0 0.596875 0.525 0.0265625 0.06875
3 0.68125 0.28828125 0.02578125 0.0578125
3 0.6140625 0.08828125 0.02109375 0.0484375
0 0.703125 0.35703125 0.0203125 0.0515625
4 0.7484375 0.48671875 0.0703125 0.1734375
0 0.65078125 0.67109375 0.028125 0.0734375