0 0.4875 0.07734375 0.0296875 0.0515625
0 0.515625 0.13046875 0.0328125 0.0515625
0 0.58125 0.23828125 0.0296875 0.0578125
0 0.6109375 0.28828125 0.0296875 0.0515625
0 0.64453125 0.3390625 0.02578125 0.046875
0 0.68828125 0.41328125 0.03671875 0.0640625
0 0.44296875 0.16953125 0.0296875 0.0546875
0 0.26875 0.31796875 0.02890625 0.0515625
0 0.2359375 0.38359375 0.03359375 0.0640625
0 0.87578125 0.9078125 0.0328125 0.059375
0 0.9171875 0.96953125 0.03984375 0.0578125
0 0.83984375 0.37578125 0.03359375 0.0671875