0 0.3609375 0.14296875 0.025 0.0546875
0 0.38203125 0.2 0.02109375 0.065625
0 0.40859375 0.3125 0.02265625 0.0625
0 0.43125 0.3875 0.02578125 0.0625
0 0.4515625 0.4546875 0.025 0.065625
3 0.59296875 0.39296875 0.02578125 0.0671875
3 0.52578125 0.1828125 0.02265625 0.059375
0 0.5015625 0.64453125 0.02734375 0.0765625
0 0.6140625 0.4625 0.0265625 0.05625
0 0.5515625 0.796875 0.0265625 0.071875
0 0.0296875 0.42734375 0.02265625 0.0515625
0 0.0859375 0.69140625 0.02578125 0.0609375
4 0.66171875 0.603125 0.06953125 0.18125