4 0.43515625 0.26328125 0.09296875 0.0984375
0 0.44296875 0.2140625 0.01875 0.05
0 0.46875 0.20625 0.01953125 0.05625
3 0.50078125 0.21484375 0.01640625 0.0546875
3 0.5359375 0.19921875 0.01875 0.0609375
3 0.50234375 0.27109375 0.021875 0.0640625
0 0.43125 0.7359375 0.01640625 0.06875
0 0.43359375 0.82421875 0.01796875 0.0765625
0 0.43125 0.9703125 0.01953125 0.05625
3 0.59296875 0.92421875 0.01875 0.0703125
0 0.77421875 0.3703125 0.03203125 0.05
0 0.7765625 0.41328125 0.028125 0.0421875
0 0.965625 0.17109375 0.02109375 0.0578125