4 0.253125 0.0703125 0.10078125 0.05625
3 0.3171875 0.040625 0.0234375 0.05625
3 0.5265625 0.50546875 0.02265625 0.0609375
3 0.6 0.75 0.0265625 0.06875
3 0.30625 0.01015625 0.01953125 0.0203125
0 0.27265625 0.01875 0.01953125 0.0375
0 0.24921875 0.02578125 0.01484375 0.0390625
0 0.62421875 0.83203125 0.02890625 0.0703125
0 0.353125 0.46328125 0.021875 0.0546875
0 0.37265625 0.53125 0.0234375 0.065625
0 0.4015625 0.65546875 0.02734375 0.0765625
0 0.42421875 0.74453125 0.0265625 0.0734375
0 0.44296875 0.82421875 0.03203125 0.0734375
4 0.6578125 0.95 0.0578125 0.096875
0 0.84765625 0.13125 0.0328125 0.040625