0 0.01953125 0.63125 0.021875 0.05625
0 0.00703125 0.73984375 0.0140625 0.0546875
0 0.04140625 0.240625 0.0359375 0.040625
0 0.0859375 0.2671875 0.034375 0.0375
0 0.159375 0.30546875 0.03671875 0.0390625
0 0.36875 0.41328125 0.0296875 0.0359375
0 0.4140625 0.4390625 0.03046875 0.0375
0 0.3796875 0.63828125 0.0390625 0.0421875
0 0.3015625 0.57265625 0.040625 0.0421875
0 0.6546875 0.0578125 0.0203125 0.053125
0 0.64375 0.13046875 0.0203125 0.0609375
0 0.63125 0.203125 0.0265625 0.06875
0 0.60546875 0.35625 0.0203125 0.065625
0 0.5890625 0.43125 0.0234375 0.0625
0 0.66171875 0.4578125 0.021875 0.065625
0 0.81953125 0.66796875 0.0375 0.0421875
0 0.8671875 0.690625 0.0421875 0.0375