0 0.459375 0.92890625 0.028125 0.0515625
0 0.428125 0.61875 0.03515625 0.05625
0 0.4359375 0.48203125 0.0359375 0.0609375
0 0.34609375 0.496875 0.0328125 0.05625
0 0.6453125 0.2859375 0.03359375 0.05625
0 0.61171875 0.340625 0.0328125 0.053125
0 0.48828125 0.4046875 0.03515625 0.059375
0 0.6140625 0.19375 0.0375 0.059375
0 0.71796875 0.16953125 0.03671875 0.0578125
0 0.30859375 0.68515625 0.034375 0.0609375
0 0.16875 0.915625 0.03359375 0.05625
0 0.2109375 0.8453125 0.03359375 0.05625
0 0.2453125 0.79765625 0.03515625 0.0546875