0 0.12109375 0.45546875 0.03203125 0.0328125
0 0.16640625 0.48359375 0.03203125 0.0390625
0 0.13203125 0.68359375 0.040625 0.0421875
0 0.0546875 0.6203125 0.0390625 0.040625
0 0.340625 0.47109375 0.0234375 0.0609375
0 0.3578125 0.39765625 0.021875 0.0640625
0 0.4125 0.496875 0.02109375 0.0625
0 0.403125 0.09609375 0.02109375 0.0578125
0 0.39140625 0.1703125 0.02109375 0.06875
0 0.38203125 0.24296875 0.025 0.0671875
0 0.41953125 0.01328125 0.01796875 0.0265625
0 0.56796875 0.7046875 0.0328125 0.0375
0 0.6140625 0.7265625 0.03984375 0.040625