0 0.0109375 0.271875 0.021875 0.03125
0 0.04609375 0.29609375 0.034375 0.0359375
0 0.1203125 0.33671875 0.03671875 0.0421875
0 0.328125 0.4390625 0.0296875 0.034375
0 0.37578125 0.46484375 0.03046875 0.0421875
0 0.340625 0.66640625 0.0390625 0.0421875
0 0.2640625 0.60234375 0.040625 0.0421875
0 0.62109375 0.48203125 0.021875 0.0671875
0 0.55078125 0.45859375 0.02109375 0.0609375
0 0.56484375 0.384375 0.0234375 0.06875
0 0.6140625 0.08203125 0.02109375 0.0515625
0 0.60390625 0.15625 0.02265625 0.065625
0 0.5921875 0.2296875 0.025 0.06875
0 0.78046875 0.69296875 0.0359375 0.0390625
0 0.8265625 0.715625 0.04296875 0.040625