0 0.24296875 0.684375 0.03671875 0.040625
0 0.0234375 0.3578125 0.0390625 0.040625
0 0.23203125 0.459375 0.0296875 0.0375
0 0.2765625 0.48515625 0.03046875 0.0421875
0 0.46875 0.403125 0.02109375 0.065625
0 0.45390625 0.47734375 0.02109375 0.0640625
0 0.52265625 0.50078125 0.02109375 0.0640625
0 0.53125 0.01640625 0.0140625 0.0328125
0 0.515625 0.10078125 0.01953125 0.0546875
0 0.50546875 0.17578125 0.021875 0.0640625
0 0.49375 0.2515625 0.0234375 0.06875
0 0.68046875 0.71171875 0.034375 0.0359375
0 0.728125 0.73125 0.040625 0.0375