0 0.21953125 0.01015625 0.04375 0.0203125
0 0.43046875 0.10859375 0.03359375 0.0359375
0 0.475 0.1375 0.03046875 0.040625
0 0.44140625 0.3328125 0.0375 0.04375
0 0.3640625 0.2671875 0.0390625 0.04375
0 0.03671875 0.55078125 0.02265625 0.0671875
0 0.0609375 0.425 0.0203125 0.05625
0 0.07890625 0.31953125 0.02109375 0.0578125
0 0.0328125 0.103125 0.04296875 0.04375
0 0.6671875 0.059375 0.021875 0.06875
0 0.65234375 0.1328125 0.0234375 0.06875
0 0.721875 0.1625 0.025 0.059375
0 0.921875 0.39453125 0.0421875 0.0390625
0 0.875 0.37421875 0.0390625 0.0421875
0 0.98828125 0.98359375 0.0203125 0.0296875