0 0.0328125 0.753125 0.02265625 0.06875
0 0.071875 0.521875 0.02265625 0.059375
0 0.0546875 0.62734375 0.02109375 0.0578125
0 0.02734375 0.30703125 0.04296875 0.0453125
0 0.0953125 0.1328125 0.03984375 0.0375
0 0.1375 0.15859375 0.0359375 0.0421875
0 0.2140625 0.19921875 0.0390625 0.0421875
0 0.69921875 0.0328125 0.025 0.065625
0 0.6859375 0.10234375 0.02578125 0.0703125
0 0.659375 0.253125 0.021875 0.06875
0 0.64296875 0.32734375 0.0265625 0.0671875
0 0.71328125 0.35390625 0.02109375 0.0703125
0 0.42109375 0.3078125 0.0296875 0.03125
0 0.4671875 0.33515625 0.03359375 0.0390625
0 0.43515625 0.53203125 0.03515625 0.0453125
0 0.871875 0.56484375 0.0390625 0.0390625
0 0.91953125 0.58828125 0.04453125 0.0390625