0 0.01015625 0.31484375 0.0203125 0.0328125
0 0.07578125 0.35 0.0375 0.0375
0 0.284375 0.4546875 0.03203125 0.034375
0 0.328125 0.48046875 0.0296875 0.0359375
0 0.2953125 0.67890625 0.03984375 0.0421875
0 0.2171875 0.61640625 0.040625 0.0421875
0 0.5203125 0.39921875 0.01875 0.0640625
0 0.5046875 0.47265625 0.01875 0.0609375
0 0.57421875 0.49765625 0.021875 0.0671875
0 0.54609375 0.24375 0.021875 0.06875
0 0.58359375 0.015625 0.01875 0.03125
0 0.5671875 0.09609375 0.01953125 0.0515625
0 0.55703125 0.171875 0.02109375 0.065625
0 0.73359375 0.70859375 0.03515625 0.0390625
0 0.78046875 0.72734375 0.0421875 0.0390625