0 0.065625 0.20078125 0.021875 0.0578125
0 0.040625 0.32578125 0.021875 0.0703125
0 0.08359375 0.0953125 0.025 0.059375
0 0.36640625 0.04140625 0.040625 0.0453125
0 0.44140625 0.1109375 0.03671875 0.046875
0 0.225 0.7875 0.034375 0.034375
0 0.2640625 0.80703125 0.03671875 0.0421875
0 0.31015625 0.8296875 0.034375 0.034375
0 0.2578125 0.909375 0.03671875 0.04375
0 0.08828125 0.63671875 0.01484375 0.0484375
0 0.02578125 0.91171875 0.02109375 0.0640625
3 0.153125 0.76015625 0.04375 0.0484375
0 0.8734375 0.1546875 0.03671875 0.040625
0 0.92109375 0.17265625 0.040625 0.0390625
0 0.98203125 0.77421875 0.02109375 0.0578125