0 0.61875 0.1046875 0.034375 0.0625
0 0.7203125 0.08203125 0.03359375 0.0515625
0 0.6484375 0.19609375 0.03515625 0.0546875
0 0.6140625 0.25234375 0.0359375 0.0578125
0 0.490625 0.3140625 0.03359375 0.065625
0 0.4390625 0.390625 0.03671875 0.05625
0 0.43046875 0.52734375 0.0359375 0.0578125
0 0.31015625 0.59296875 0.03515625 0.0578125
0 0.34765625 0.409375 0.02890625 0.05625
0 0.459375 0.834375 0.0328125 0.05
0 0.2484375 0.70234375 0.0328125 0.0578125
0 0.21328125 0.7515625 0.0328125 0.05625
0 0.17265625 0.81796875 0.03203125 0.0578125
0 0.10078125 0.94375 0.0375 0.059375
0 0.0109375 0.9484375 0.02109375 0.046875