0 0.090625 0.51171875 0.01796875 0.0640625
3 0.1546875 0.6421875 0.04609375 0.046875
0 0.22578125 0.671875 0.034375 0.0375
0 0.2640625 0.68984375 0.03671875 0.0421875
0 0.309375 0.71171875 0.03515625 0.0390625
0 0.2578125 0.79140625 0.0390625 0.0453125
0 0.0421875 0.21171875 0.02265625 0.0640625
0 0.06484375 0.08828125 0.01953125 0.0546875
0 0.44296875 0.01015625 0.0375 0.0203125
0 0.98046875 0.66171875 0.0203125 0.0609375
0 0.8734375 0.04375 0.0375 0.04375
0 0.91953125 0.0640625 0.04140625 0.04375
0 0.025 0.79453125 0.01640625 0.0671875