0 0.05 0.5859375 0.02109375 0.05625
0 0.03359375 0.69375 0.0203125 0.05625
0 0.01171875 0.81953125 0.02265625 0.0671875
0 0.0125 0.375 0.025 0.0375
0 0.07109375 0.19609375 0.03671875 0.0359375
0 0.11796875 0.2234375 0.03515625 0.0375
0 0.19140625 0.2625 0.0375 0.04375
0 0.41328125 0.59453125 0.0390625 0.0390625
0 0.4 0.36875 0.03046875 0.034375
0 0.4453125 0.39609375 0.0328125 0.0390625
0 0.62109375 0.38984375 0.0234375 0.0640625
0 0.6390625 0.31484375 0.021875 0.0671875
0 0.68671875 0.02265625 0.02109375 0.0453125
0 0.6765625 0.08984375 0.02265625 0.0671875
0 0.6625 0.16328125 0.025 0.0703125
0 0.69296875 0.4140625 0.021875 0.0625
0 0.8984375 0.64609375 0.04140625 0.0390625
0 0.85078125 0.6265625 0.0359375 0.040625