0 0.415625 0.0140625 0.01328125 0.028125
0 0.4484375 0.14375 0.01484375 0.03125
0 0.4046875 0.084375 0.0109375 0.028125
0 0.4109375 0.12109375 0.0109375 0.0296875
0 0.4546875 0.28671875 0.0140625 0.0328125
0 0.46328125 0.3203125 0.0125 0.0375
0 0.47421875 0.36328125 0.0140625 0.0359375
0 0.49765625 0.446875 0.015625 0.040625
0 0.671875 0.4296875 0.0234375 0.028125
0 0.63671875 0.44765625 0.03203125 0.0296875
0 0.73828125 0.48046875 0.01640625 0.0234375
0 0.4671875 0.53359375 0.0296875 0.0328125
0 0.15078125 0.69140625 0.0328125 0.0328125