0 0.42578125 0.021875 0.01875 0.04375
0 0.43984375 0.10234375 0.01875 0.0546875
0 0.4984375 0.15390625 0.0203125 0.0546875
0 0.6484375 0.2015625 0.01953125 0.04375
0 0.5171875 0.45625 0.02109375 0.065625
0 0.5296875 0.52109375 0.01875 0.0546875
0 0.54765625 0.603125 0.021875 0.059375
0 0.58359375 0.759375 0.02578125 0.065625
0 0.77890625 0.76171875 0.04140625 0.0515625
0 0.82578125 0.7296875 0.0359375 0.040625
0 0.84296875 0.87265625 0.03984375 0.0484375
0 0.92578125 0.81875 0.03984375 0.05
0 0.54375 0.9203125 0.0375 0.046875