0 0.3046875 0.353125 0.03203125 0.05625
0 0.4890625 0.2359375 0.021875 0.065625
0 0.54765625 0.32109375 0.02109375 0.0703125
0 0.52734375 0.39609375 0.02109375 0.0734375
0 0.484375 0.11640625 0.01640625 0.0640625
0 0.51015625 0.1140625 0.01796875 0.0625
0 0.60703125 0.02734375 0.02109375 0.0546875
0 0.671875 0.14296875 0.0203125 0.0609375
0 0.58515625 0.753125 0.03671875 0.059375
0 0.57109375 0.82421875 0.0390625 0.0546875
0 0.6546875 0.95703125 0.0390625 0.0515625
2 0.3890625 0.94296875 0.0390625 0.0515625