0 0.39375 0.39609375 0.01953125 0.0703125
0 0.365625 0.3265625 0.01640625 0.0625
0 0.36796875 0.44140625 0.01796875 0.0671875
0 0.42890625 0.54453125 0.01875 0.0703125
0 0.4109375 0.6609375 0.02109375 0.078125
0 0.32109375 0.0171875 0.0203125 0.034375
0 0.46640625 0.03359375 0.01640625 0.0546875
0 0.5234375 0.12421875 0.01640625 0.0453125
0 0.52890625 0.1703125 0.01796875 0.05
0 0.61328125 0.9375 0.028125 0.078125
0 0.3484375 0.8296875 0.03515625 0.05625
0 0.3375 0.89296875 0.034375 0.0578125
0 0.09375 0.36640625 0.0265625 0.0578125