6 0.19609375 0.41171875 0.0421875 0.1921875
6 0.54453125 0.18515625 0.1421875 0.1765625
0 0.67421875 0.03671875 0.03671875 0.0484375
0 0.13984375 0.2765625 0.02109375 0.05625
0 0.06953125 0.903125 0.0390625 0.053125
0 0.128125 0.840625 0.04296875 0.059375
2 0.1859375 0.7640625 0.03984375 0.059375
2 0.10390625 0.925 0.0515625 0.071875
0 0.7921875 0.53515625 0.04765625 0.0296875
0 0.72578125 0.8578125 0.0390625 0.03125
0 0.859375 0.86015625 0.0359375 0.0296875
0 0.89453125 0.8609375 0.0328125 0.028125
3 0.0203125 0.95859375 0.040625 0.0796875