0 0.38984375 0.0859375 0.01953125 0.05
0 0.40390625 0.16796875 0.01953125 0.0515625
0 0.459375 0.21328125 0.01953125 0.0546875
0 0.60078125 0.2546875 0.01875 0.03125
0 0.446875 0.378125 0.02109375 0.059375
0 0.4734375 0.49375 0.0203125 0.05625
0 0.48515625 0.55625 0.02109375 0.05625
0 0.50390625 0.63515625 0.021875 0.0609375
0 0.53671875 0.78828125 0.02578125 0.0640625
0 0.77421875 0.759375 0.0328125 0.04375
0 0.7296875 0.79140625 0.04140625 0.0546875
0 0.86953125 0.85 0.02734375 0.040625
0 0.7921875 0.9 0.03984375 0.05
0 0.496875 0.946875 0.0390625 0.046875