0 0.24296875 0.33671875 0.01875 0.0546875
0 0.23359375 0.8953125 0.04296875 0.05625
0 0.17578125 0.96171875 0.0375 0.0546875
0 0.79140625 0.58671875 0.04609375 0.0359375
0 0.8265625 0.9109375 0.0390625 0.034375
0 0.96171875 0.91796875 0.034375 0.0296875
0 0.98984375 0.91796875 0.01875 0.0328125
0 0.76171875 0.10234375 0.03515625 0.0484375
6 0.640625 0.240625 0.13984375 0.175
6 0.2296875 0.68828125 0.08984375 0.1671875
2 0.2890625 0.8203125 0.0375 0.0625
2 0.2078125 0.97265625 0.04765625 0.0515625