0 0.29140625 0.52109375 0.01875 0.0640625
0 0.2890625 0.675 0.01953125 0.06875
0 0.3625 0.9390625 0.025 0.078125
0 0.2578125 0.1171875 0.01796875 0.053125
0 0.45625 0.24609375 0.015625 0.0453125
0 0.459375 0.28671875 0.015625 0.0453125
0 0.43046875 0.27109375 0.01796875 0.0515625
0 0.43828125 0.02109375 0.01796875 0.0421875
0 0.4421875 0.0640625 0.015625 0.04375
2 0.28515625 0.04296875 0.0203125 0.0703125
2 0.56015625 0.06328125 0.03515625 0.0484375
3 0.609375 0.0734375 0.034375 0.040625
0 0.03203125 0.55078125 0.02578125 0.0578125
0 0.11015625 0.709375 0.03359375 0.059375
0 0.3234375 0.74453125 0.01796875 0.0671875
0 0.7171875 0.06171875 0.0296875 0.0484375