2 0.2296875 0.76875 0.0390625 0.05
2 0.14765625 0.9328125 0.05 0.06875
0 0.17265625 0.8453125 0.04375 0.05625
0 0.1125 0.9109375 0.03515625 0.059375
0 0.18125 0.284375 0.0203125 0.05625
0 0.7953125 0.54296875 0.0484375 0.0359375
0 0.76640625 0.86484375 0.0375 0.0328125
0 0.90078125 0.8671875 0.034375 0.03125
0 0.93515625 0.86875 0.034375 0.03125
0 0.7125 0.046875 0.0359375 0.05
6 0.58515625 0.1921875 0.14140625 0.178125
6 0.22578125 0.4984375 0.05859375 0.190625
3 0.05703125 0.96015625 0.0609375 0.0765625