0 0.42421875 0.17578125 0.01640625 0.0453125
0 0.37265625 0.1359375 0.0140625 0.04375
0 0.36015625 0.06796875 0.01640625 0.0484375
0 0.40859375 0.3234375 0.01796875 0.05625
0 0.43203125 0.428125 0.01875 0.046875
0 0.44296875 0.4828125 0.01953125 0.053125
0 0.45859375 0.5546875 0.02109375 0.05625
0 0.48828125 0.6921875 0.021875 0.059375
0 0.44921875 0.8390625 0.0375 0.046875
0 0.71484375 0.6671875 0.0328125 0.0375
0 0.671875 0.69765625 0.0375 0.0484375
0 0.73046875 0.796875 0.0359375 0.040625
0 0.803125 0.75390625 0.02734375 0.0328125