0 0.3875 0.91875 0.0359375 0.04375
0 0.44140625 0.75 0.0375 0.04375
0 0.40390625 0.26328125 0.01328125 0.0515625
0 0.36875 0.08671875 0.015625 0.0453125
0 0.41796875 0.1234375 0.01640625 0.046875
0 0.35703125 0.021875 0.01796875 0.04375
0 0.42734375 0.36171875 0.01875 0.0515625
0 0.4375 0.4125 0.01953125 0.053125
0 0.4515625 0.48125 0.01796875 0.053125
0 0.4796875 0.6109375 0.0203125 0.053125
0 0.6984375 0.58671875 0.02890625 0.0359375
0 0.65625 0.6140625 0.0359375 0.04375
0 0.7140625 0.7078125 0.034375 0.040625
0 0.784375 0.6640625 0.021875 0.034375
0 0.04921875 0.98359375 0.0421875 0.0296875