0 0.3609375 0.7140625 0.02265625 0.075
0 0.48515625 0.71796875 0.021875 0.0671875
0 0.3390625 0.89375 0.021875 0.078125
0 0.328125 0.57578125 0.01640625 0.0609375
0 0.29921875 0.43671875 0.01796875 0.0609375
0 0.29921875 0.5515625 0.02265625 0.071875
0 0.4625 0.2421875 0.015625 0.0375
0 0.46796875 0.28125 0.01640625 0.05
0 0.2671875 0.11953125 0.015625 0.0578125
0 0.44296875 0.0171875 0.01796875 0.034375
0 0.4484375 0.06015625 0.01640625 0.0453125
2 0.5671875 0.05234375 0.0359375 0.0421875
0 0.48203125 0.453125 0.0140625 0.05625
0 0.16171875 0.8578125 0.03203125 0.065625
0 0.196875 0.8453125 0.0328125 0.059375
3 0.615625 0.06171875 0.03359375 0.0390625
0 0.72421875 0.0453125 0.02890625 0.04375