0 0.06484375 0.89140625 0.040625 0.0421875
0 0.3859375 0.82578125 0.0359375 0.0390625
0 0.43671875 0.6703125 0.034375 0.040625
0 0.76015625 0.59609375 0.025 0.0296875
0 0.67890625 0.52890625 0.0265625 0.0328125
0 0.63984375 0.5515625 0.0375 0.040625
0 0.6953125 0.63203125 0.0328125 0.0328125
0 0.475 0.55 0.02109375 0.046875
0 0.425 0.32890625 0.015625 0.0453125
0 0.434375 0.375 0.015625 0.046875
0 0.44765625 0.43359375 0.01796875 0.0453125
0 0.3640625 0.03515625 0.01640625 0.0359375
0 0.3734375 0.08984375 0.0140625 0.0390625
0 0.41875 0.121875 0.01484375 0.040625