0 0.38359375 0.0078125 0.0109375 0.015625
0 0.39453125 0.0484375 0.0109375 0.028125
0 0.40078125 0.07265625 0.01171875 0.0265625
0 0.3859375 0.14765625 0.009375 0.0359375
0 0.4328125 0.21640625 0.01484375 0.0359375
0 0.39375 0.19140625 0.01171875 0.0328125
0 0.6671875 0.53359375 0.0265625 0.0265625
0 0.6828125 0.61953125 0.02890625 0.0296875
0 0.63203125 0.55546875 0.03359375 0.0328125
0 0.48359375 0.55546875 0.01640625 0.0390625
0 0.4484375 0.65390625 0.03046875 0.0359375
0 0.4390625 0.37734375 0.01328125 0.0359375
0 0.446875 0.41328125 0.0140625 0.0359375
0 0.4578125 0.45859375 0.01328125 0.0421875
0 0.7375 0.59140625 0.01484375 0.0265625
0 0.69140625 0.0921875 0.01484375 0.034375
0 0.10703125 0.83671875 0.03515625 0.0359375