6 0.2390625 0.59296875 0.0765625 0.1796875
6 0.61796875 0.21171875 0.1421875 0.1734375
0 0.79296875 0.56015625 0.04609375 0.0359375
0 0.79921875 0.88203125 0.0375 0.0296875
0 0.934375 0.884375 0.0359375 0.03125
0 0.96796875 0.884375 0.03671875 0.034375
0 0.20546875 0.865625 0.0421875 0.053125
0 0.14921875 0.9265625 0.0375 0.053125
2 0.26328125 0.78984375 0.03515625 0.0546875
2 0.18359375 0.95078125 0.05 0.0734375
0 0.21796875 0.3046875 0.021875 0.053125
0 0.740625 0.06875 0.0375 0.053125
3 0.09453125 0.971875 0.05390625 0.053125