0 0.0828125 0.2796875 0.0203125 0.053125
6 0.1453125 0.33125 0.04296875 0.2
6 0.490625 0.1890625 0.1390625 0.175
0 0.6234375 0.040625 0.0359375 0.053125
0 0.7859375 0.5421875 0.04453125 0.03125
0 0.80546875 0.86640625 0.03359375 0.0296875
0 0.83984375 0.86640625 0.03359375 0.0265625
0 0.66953125 0.86328125 0.0375 0.0296875
0 0.06953125 0.84296875 0.04375 0.0609375
0 0.01484375 0.90703125 0.0296875 0.0546875
2 0.12890625 0.76484375 0.040625 0.0578125
2 0.04453125 0.9296875 0.05078125 0.071875
0 0.97421875 0.44921875 0.04453125 0.0359375
0 0.9921875 0.87265625 0.0140625 0.0328125