0 0.1 0.7671875 0.028125 0.059375
0 0.14765625 0.80234375 0.034375 0.0546875
0 0.34375 0.77421875 0.02109375 0.0765625
0 0.3203125 0.9625 0.01953125 0.071875
0 0.31015625 0.62109375 0.02109375 0.0671875
0 0.2828125 0.45 0.01484375 0.071875
0 0.27890625 0.578125 0.02109375 0.06875
0 0.45 0.5609375 0.01953125 0.05625
0 0.25234375 0.11796875 0.0203125 0.0609375
0 0.43046875 0.01953125 0.01875 0.0390625
0 0.434375 0.06015625 0.01640625 0.0515625
0 0.44921875 0.24140625 0.01484375 0.0421875
0 0.4515625 0.2859375 0.0140625 0.046875
0 0.46796875 0.45859375 0.0140625 0.0609375
2 0.55078125 0.05234375 0.034375 0.0484375
3 0.60234375 0.0671875 0.0328125 0.0375
0 0.70859375 0.05078125 0.02734375 0.0421875