0 0.3625 0.08984375 0.0140625 0.0421875
0 0.371875 0.14609375 0.0125 0.0390625
0 0.41796875 0.18125 0.015625 0.0375
0 0.42578125 0.3984375 0.01640625 0.046875
0 0.43515625 0.44765625 0.01640625 0.0484375
0 0.44921875 0.51171875 0.015625 0.0515625
0 0.47734375 0.63359375 0.0203125 0.0515625
0 0.6484375 0.634375 0.03515625 0.04375
0 0.68984375 0.609375 0.03203125 0.0375
0 0.4375 0.7640625 0.0359375 0.04375
0 0.38359375 0.928125 0.0375 0.04375
0 0.7046875 0.72421875 0.03359375 0.0359375
0 0.77109375 0.6859375 0.0203125 0.03125
0 0.05390625 0.9875 0.0359375 0.021875