6 0.0796875 0.2484375 0.05625 0.203125
0 0.0234375 0.28046875 0.02109375 0.0515625
6 0.4328125 0.18828125 0.1421875 0.1703125
0 0.565625 0.04140625 0.0359375 0.0515625
0 0.78125 0.5484375 0.04921875 0.03125
0 0.915625 0.4515625 0.04453125 0.034375
0 0.61015625 0.86484375 0.0421875 0.0328125
0 0.74609375 0.86953125 0.03359375 0.0328125
0 0.78125 0.87109375 0.03359375 0.0328125
0 0.94296875 0.878125 0.0390625 0.034375
0 0.98359375 0.87890625 0.03046875 0.0359375
2 0.065625 0.76953125 0.040625 0.0578125
0 0.015625 0.8453125 0.03046875 0.053125