0 0.69765625 0.13046875 0.015625 0.0328125
0 0.6734375 0.60234375 0.0265625 0.0328125
0 0.6359375 0.62421875 0.0328125 0.0359375
0 0.74765625 0.6640625 0.0203125 0.025
0 0.68828125 0.6984375 0.0296875 0.034375
0 0.4375 0.43359375 0.0140625 0.0390625
0 0.44453125 0.4703125 0.01328125 0.04375
0 0.45703125 0.521875 0.015625 0.040625
0 0.48125 0.62265625 0.01640625 0.0453125
0 0.4453125 0.7328125 0.03203125 0.0375
0 0.08828125 0.93203125 0.0390625 0.0359375
0 0.39140625 0.0828125 0.0109375 0.03125
0 0.39765625 0.11015625 0.0109375 0.0296875
0 0.38203125 0.190625 0.01171875 0.03125
0 0.43125 0.26328125 0.01484375 0.0328125
0 0.38984375 0.23515625 0.01328125 0.0296875
0 0.37890625 0.03515625 0.0109375 0.0234375