0 0.128125 0.75546875 0.0359375 0.0359375
0 0.4546875 0.58671875 0.028125 0.0328125
0 0.4640625 0.40703125 0.0140625 0.0390625
0 0.4875 0.4921875 0.01875 0.040625
0 0.44453125 0.3265625 0.01484375 0.034375
0 0.45234375 0.36328125 0.01484375 0.0359375
0 0.39375 0.11171875 0.009375 0.0265625
0 0.4015625 0.153125 0.01171875 0.028125
0 0.4390625 0.17734375 0.01328125 0.0328125
0 0.665625 0.4765625 0.02265625 0.025
0 0.63203125 0.4953125 0.03046875 0.034375
0 0.73515625 0.52890625 0.015625 0.0265625
0 0.6828125 0.55390625 0.021875 0.0234375
0 0.4 0.015625 0.01171875 0.025
0 0.40625 0.040625 0.0109375 0.028125