2 0.5890625 0.0453125 0.0328125 0.046875
0 0.42578125 0.053125 0.01640625 0.05
0 0.4671875 0.01484375 0.01484375 0.0296875
0 0.4703125 0.0546875 0.0140625 0.04375
0 0.490625 0.23515625 0.01484375 0.0453125
0 0.49140625 0.278125 0.015625 0.05
0 0.29140625 0.11640625 0.01875 0.0515625
0 0.3265625 0.4296875 0.01875 0.0625
0 0.32734375 0.546875 0.01875 0.065625
0 0.35625 0.534375 0.01875 0.0625
0 0.3875 0.66953125 0.01796875 0.0640625
0 0.36796875 0.8203125 0.02265625 0.075
0 0.5375 0.8796875 0.025 0.075
0 0.015625 0.36796875 0.025 0.0484375
0 0.2390625 0.93203125 0.034375 0.0609375
0 0.259375 0.8859375 0.034375 0.059375
3 0.63828125 0.0546875 0.03046875 0.040625
0 0.7453125 0.03671875 0.02578125 0.0453125