3 0.26953125 0.8828125 0.04140625 0.034375
2 0.31015625 0.94609375 0.0484375 0.0453125
0 0.51640625 0.8078125 0.01953125 0.046875
0 0.50390625 0.8546875 0.02109375 0.05
0 0.5578125 0.65 0.0203125 0.04375
3 0.74609375 0.678125 0.01875 0.046875
0 0.73203125 0.7515625 0.01953125 0.053125
0 0.70078125 0.75078125 0.02265625 0.0640625
6 0.6140625 0.03203125 0.0203125 0.0640625
6 0.6390625 0.05703125 0.0234375 0.0796875
6 0.6734375 0.12421875 0.034375 0.0984375
0 0.69375 0.20546875 0.01484375 0.0421875
0 0.6609375 0.15546875 0.01484375 0.0328125
0 0.628125 0.10234375 0.01328125 0.0265625
0 0.65546875 0.065625 0.01328125 0.028125
0 0.6390625 0.01171875 0.0109375 0.0234375
0 0.653125 0.18359375 0.01171875 0.0328125
0 0.871875 0.31875 0.02734375 0.028125
0 0.88203125 0.27421875 0.02109375 0.0203125
0 0.16015625 0.79921875 0.01875 0.0609375