3 0.475 0.5671875 0.0359375 0.0375
2 0.609375 0.50390625 0.02734375 0.0671875
0 0.62421875 0.565625 0.0328125 0.034375
0 0.66875 0.57421875 0.0328125 0.0296875
0 0.7125 0.5640625 0.0421875 0.034375
0 0.75703125 0.5625 0.03984375 0.03125
0 0.79609375 0.5640625 0.03359375 0.034375
0 0.94453125 0.55546875 0.0359375 0.0296875
0 0.97578125 0.55546875 0.0328125 0.0265625
0 0.775 0.08203125 0.03046875 0.0390625
3 0.796875 0.253125 0.028125 0.0625
2 0.79765625 0.325 0.0234375 0.059375
0 0.87109375 0.9671875 0.0421875 0.046875