3 0.22265625 0.58359375 0.0421875 0.0390625
2 0.36484375 0.52265625 0.02265625 0.0703125
0 0.378125 0.5859375 0.03359375 0.028125
0 0.42109375 0.5921875 0.03515625 0.03125
0 0.4671875 0.5875 0.04140625 0.03125
0 0.5109375 0.58359375 0.0390625 0.0328125
0 0.5515625 0.584375 0.0390625 0.03125
2 0.5671875 0.35390625 0.0234375 0.0765625
0 0.703125 0.584375 0.034375 0.025
0 0.73515625 0.58203125 0.02890625 0.0296875
0 0.85390625 0.58359375 0.03671875 0.0328125
0 0.5953125 0.98828125 0.04296875 0.0203125
3 0.5765625 0.2703125 0.02734375 0.06875