2 0.30703125 0.521875 0.0234375 0.075
0 0.31875 0.5859375 0.03515625 0.025
0 0.3640625 0.59609375 0.0359375 0.0390625
0 0.409375 0.59140625 0.046875 0.0359375
0 0.45390625 0.58984375 0.0375 0.0296875
0 0.49375 0.5859375 0.034375 0.0375
3 0.16328125 0.584375 0.040625 0.03125
0 0.6453125 0.5875 0.03515625 0.034375
0 0.67734375 0.58828125 0.0296875 0.0234375
0 0.7984375 0.58828125 0.0390625 0.0265625
2 0.51484375 0.35546875 0.0234375 0.0734375
0 0.52890625 0.99140625 0.0421875 0.0140625
3 0.5265625 0.2765625 0.0265625 0.0625