3 0.5328125 0.4515625 0.03046875 0.04375
2 0.6265625 0.309375 0.0328125 0.05625
0 0.6890625 0.32265625 0.02734375 0.0359375
0 0.65234375 0.346875 0.028125 0.034375
0 0.72109375 0.2875 0.03046875 0.04375
0 0.753125 0.25703125 0.0296875 0.0390625
0 0.78203125 0.22890625 0.028125 0.0359375
0 0.5546875 0.76015625 0.04140625 0.0609375
0 0.94296875 0.42265625 0.03046875 0.0359375
0 0.93515625 0.48515625 0.0359375 0.0421875
0 0.90625 0.12109375 0.0234375 0.0328125
0 0.8828125 0.1375 0.02265625 0.034375
0 0.98203125 0.04765625 0.028125 0.0328125