2 0.271875 0.071875 0.02265625 0.053125
3 0.42734375 0.478125 0.0265625 0.05625
0 0.5375 0.5234375 0.01875 0.0375
2 0.4796875 0.60078125 0.0296875 0.0765625
0 0.55234375 0.8015625 0.0296875 0.071875
0 0.47734375 0.7125 0.0203125 0.046875
0 0.45546875 0.61953125 0.021875 0.0484375
0 0.51328125 0.90078125 0.0296875 0.0671875
6 0.53203125 0.825 0.065625 0.15625
3 0.50859375 0.678125 0.025 0.059375
0 0.815625 0.7953125 0.02890625 0.03125
0 0.6125 0.91875 0.0328125 0.065625
6 0.61328125 0.02421875 0.0640625 0.0359375
2 0.37734375 0.02890625 0.01796875 0.0265625