3 0.83828125 0.2671875 0.01953125 0.04375
0 0.7984375 0.35546875 0.0234375 0.0421875
0 0.73828125 0.56875 0.0265625 0.05
0 0.66015625 0.5921875 0.0296875 0.0625
0 0.5609375 0.4203125 0.02578125 0.046875
0 0.540625 0.459375 0.02734375 0.05
0 0.51796875 0.50234375 0.028125 0.0546875
0 0.4953125 0.55234375 0.02578125 0.0484375
0 0.4671875 0.596875 0.02578125 0.046875
3 0.36796875 0.778125 0.02734375 0.059375
2 0.4328125 0.571875 0.0375 0.05
3 0.4484375 0.24375 0.034375 0.0375
0 0.36953125 0.16484375 0.01796875 0.0484375
0 0.64453125 0.2640625 0.01953125 0.034375
0 0.63046875 0.28984375 0.02109375 0.0421875