2 0.32890625 0.3109375 0.04921875 0.078125
0 0.334375 0.4203125 0.0234375 0.04375
0 0.41015625 0.47578125 0.02578125 0.0421875
3 0.5375 0.58125 0.04296875 0.05625
2 0.64375 0.63203125 0.05078125 0.0484375
0 0.646875 0.72109375 0.0359375 0.0359375
3 0.71640625 0.6421875 0.0375 0.03125
6 0.75234375 0.69609375 0.10078125 0.0953125
0 0.85390625 0.53359375 0.03359375 0.0484375
0 0.9171875 0.46171875 0.0296875 0.0421875
0 0.94375 0.2921875 0.028125 0.0375
6 0.8515625 0.39296875 0.0890625 0.1109375
0 0.73125 0.428125 0.02578125 0.0375
0 0.134375 0.11171875 0.0203125 0.0328125
3 0.96640625 0.940625 0.03359375 0.046875