3 0.2703125 0.26328125 0.02578125 0.0671875
2 0.24765625 0.34765625 0.0265625 0.0765625
0 0.02890625 0.57734375 0.03359375 0.0296875
0 0.07265625 0.58671875 0.03359375 0.0296875
0 0.121875 0.5828125 0.0421875 0.03125
0 0.1671875 0.57890625 0.0390625 0.0359375
0 0.2109375 0.58125 0.03515625 0.03125
0 0.36796875 0.58046875 0.03203125 0.0265625
0 0.40078125 0.58125 0.03046875 0.028125
0 0.5234375 0.58203125 0.03359375 0.0296875
0 0.2046875 0.98671875 0.0484375 0.0234375
2 0.01953125 0.515625 0.0265625 0.071875