6 0.97265625 0.47578125 0.05390625 0.0890625
0 0.7109375 0.65546875 0.02734375 0.0359375
6 0.7671875 0.86484375 0.12890625 0.1078125
6 0.490625 0.859375 0.08515625 0.134375
2 0.40625 0.665625 0.0375 0.071875
0 0.396875 0.72265625 0.02734375 0.0515625
3 0.33828125 0.57421875 0.03359375 0.0578125
3 0.4484375 0.7359375 0.02890625 0.05625
0 0.60234375 0.896875 0.03984375 0.05
0 0.5328125 0.8359375 0.03984375 0.05625
0 0.49296875 0.98671875 0.01875 0.0234375
2 0.103125 0.2265625 0.03359375 0.059375
0 0.33828125 0.40859375 0.02109375 0.0359375
0 0.0265625 0.146875 0.01796875 0.03125
2 0.1765625 0.0828125 0.01875 0.03125
6 0.13515625 0.01953125 0.02890625 0.0390625
6 0.15078125 0.0140625 0.021875 0.028125
6 0.41875 0.0171875 0.0640625 0.034375