0 0.4015625 0.8078125 0.02734375 0.059375
0 0.57265625 0.82890625 0.0296875 0.0671875
3 0.60078125 0.8421875 0.025 0.059375
0 0.5796875 0.921875 0.0265625 0.06875
3 0.54296875 0.03046875 0.0140625 0.0296875
0 0.5265625 0.04921875 0.01171875 0.0265625
0 0.51171875 0.05390625 0.01328125 0.0296875
6 0.52109375 0.12421875 0.01875 0.0671875
6 0.540625 0.13515625 0.021875 0.0859375
6 0.57109375 0.21015625 0.03203125 0.1109375
0 0.53984375 0.2296875 0.01328125 0.040625
0 0.56484375 0.28203125 0.0125 0.0390625
0 0.5984375 0.34140625 0.01796875 0.0484375
0 0.546875 0.28671875 0.0140625 0.0328125
0 0.528125 0.1828125 0.01328125 0.0375
0 0.5484375 0.08984375 0.0125 0.0421875
0 0.7828125 0.37578125 0.021875 0.0203125
0 0.76796875 0.4234375 0.0265625 0.03125