6 0.853125 0.365625 0.0828125 0.10625
6 0.9625 0.43515625 0.07265625 0.1078125
0 0.94609375 0.271875 0.02578125 0.0375
0 0.7515625 0.6125 0.0359375 0.046875
0 0.81171875 0.56796875 0.03046875 0.0453125
3 0.6359375 0.64609375 0.0390625 0.0359375
2 0.55 0.61015625 0.04453125 0.0578125
0 0.55390625 0.69609375 0.0359375 0.0421875
6 0.665625 0.7296875 0.109375 0.05625
3 0.45546875 0.51796875 0.0375 0.0578125
0 0.19296875 0.25703125 0.02109375 0.0359375
0 0.2578125 0.2984375 0.025 0.040625
2 0.24453125 0.228125 0.04375 0.075
3 0.9734375 0.97890625 0.04296875 0.0390625
0 0.70859375 0.43203125 0.02578125 0.0296875