2 0.64921875 0.49921875 0.02734375 0.0703125
3 0.515625 0.5609375 0.03671875 0.034375
0 0.665625 0.5609375 0.03203125 0.03125
0 0.70859375 0.56796875 0.03359375 0.0296875
0 0.75390625 0.5609375 0.040625 0.03125
0 0.79609375 0.55859375 0.03671875 0.0296875
0 0.8375 0.55703125 0.034375 0.0296875
0 0.98359375 0.55390625 0.03046875 0.0328125
3 0.834375 0.24765625 0.02890625 0.0609375
2 0.834375 0.315625 0.02578125 0.059375
0 0.915625 0.96328125 0.0484375 0.0390625
0 0.80859375 0.0765625 0.0296875 0.04375