0 0.5578125 0.5296875 0.02578125 0.046875
0 0.5359375 0.57578125 0.028125 0.0484375
0 0.51171875 0.62578125 0.028125 0.0609375
0 0.490625 0.67890625 0.02265625 0.0515625
0 0.46015625 0.73359375 0.0265625 0.0546875
0 0.6421875 0.3578125 0.01796875 0.0375
0 0.62890625 0.3859375 0.02265625 0.0375
0 0.690625 0.2546875 0.0203125 0.034375
0 0.76328125 0.48125 0.025 0.05625
0 0.74765625 0.6921875 0.025 0.05625
2 0.42578125 0.709375 0.0390625 0.046875
3 0.35859375 0.94140625 0.03046875 0.0609375
3 0.85625 0.3234375 0.02109375 0.040625
0 0.8265625 0.39765625 0.01875 0.0453125
3 0.4390625 0.3421875 0.0328125 0.0375
2 0.4671875 0.3859375 0.02890625 0.03125
0 0.3546875 0.25546875 0.01796875 0.0453125