6 0.6921875 0.03125 0.06484375 0.028125
6 0.696875 0.06015625 0.0671875 0.0328125
3 0.4453125 0.40390625 0.021875 0.0515625
0 0.4515625 0.50625 0.01796875 0.046875
2 0.48125 0.53515625 0.025 0.0703125
0 0.47109375 0.61640625 0.015625 0.0421875
3 0.5015625 0.615625 0.01953125 0.053125
6 0.509375 0.765625 0.04765625 0.159375
6 0.50546875 0.934375 0.03515625 0.128125
0 0.6125 0.6875 0.0203125 0.05
0 0.56328125 0.85703125 0.0234375 0.0640625
0 0.52578125 0.72265625 0.02265625 0.0671875
0 0.478125 0.76796875 0.02109375 0.0609375
2 0.45859375 0.01953125 0.015625 0.0203125
0 0.82109375 0.88984375 0.0296875 0.0265625
6 0.61953125 0.9734375 0.05 0.05