0 0.29453125 0.115625 0.01640625 0.053125
0 0.47578125 0.0640625 0.015625 0.04375
0 0.4484375 0.01796875 0.015625 0.0359375
0 0.4734375 0.0203125 0.0140625 0.040625
2 0.33046875 0.20546875 0.02265625 0.0765625
0 0.49296875 0.24765625 0.01875 0.0453125
0 0.49609375 0.2875 0.0140625 0.046875
2 0.59375 0.0640625 0.03515625 0.05
0 0.3375 0.634375 0.0203125 0.06875
0 0.51328125 0.4625 0.01484375 0.053125
0 0.33125 0.8203125 0.02109375 0.075
0 0.3765625 0.93046875 0.0234375 0.0734375
0 0.10546875 0.59375 0.0265625 0.0625
3 0.64375 0.07890625 0.03046875 0.0390625
0 0.7515625 0.06640625 0.02734375 0.0453125