6 0.671875 0.028125 0.0640625 0.025
6 0.6765625 0.05546875 0.06484375 0.0359375
3 0.41484375 0.365625 0.01796875 0.05
0 0.4140625 0.4453125 0.015625 0.046875
2 0.446875 0.49140625 0.0234375 0.0734375
3 0.46640625 0.565625 0.01796875 0.053125
0 0.4390625 0.5703125 0.0140625 0.040625
0 0.4375 0.6890625 0.01875 0.05625
0 0.4875 0.66796875 0.0203125 0.0671875
0 0.51953125 0.7921875 0.0203125 0.0625
6 0.4703125 0.71484375 0.0421875 0.1515625
0 0.6046875 0.74375 0.0203125 0.05
6 0.4625 0.85546875 0.03515625 0.1359375
6 0.5734375 0.93984375 0.06484375 0.1171875
0 0.784375 0.8703125 0.03046875 0.03125