0 0.0109375 0.55390625 0.02109375 0.0328125
0 0.16015625 0.55546875 0.0296875 0.0296875
0 0.19375 0.5578125 0.03359375 0.025
0 0.3203125 0.559375 0.0390625 0.03125
0 0.87109375 0.42734375 0.03046875 0.0421875
0 0.8265625 0.48359375 0.03359375 0.0484375
0 0.86875 0.48046875 0.03359375 0.0484375
0 0.83125 0.58125 0.0359375 0.0625
6 0.9125 0.48828125 0.1046875 0.1328125
6 0.9640625 0.3625 0.06953125 0.103125
0 0.98046875 0.41171875 0.0328125 0.0484375
3 0.08125 0.240625 0.02265625 0.065625
2 0.0515625 0.32109375 0.02734375 0.0734375