0 0.46171875 0.1453125 0.01953125 0.04375
3 0.53359375 0.2390625 0.03046875 0.040625
0 0.7296875 0.2953125 0.01875 0.034375
0 0.7859375 0.21328125 0.02109375 0.0328125
0 0.7125 0.3203125 0.021875 0.034375
0 0.63203125 0.4359375 0.02734375 0.04375
0 0.60703125 0.47265625 0.02734375 0.0453125
0 0.58125 0.509375 0.02890625 0.05
3 0.41484375 0.74296875 0.0328125 0.0546875
0 0.67578125 0.71015625 0.0375 0.0609375
0 0.8015625 0.62734375 0.02734375 0.0453125
0 0.55703125 0.5546875 0.02578125 0.04375
0 0.5234375 0.58828125 0.025 0.0515625
0 0.87109375 0.44453125 0.021875 0.0390625
3 0.9203125 0.359375 0.02578125 0.04375
2 0.4921875 0.559375 0.034375 0.053125
2 0.55703125 0.28203125 0.0296875 0.0359375