0 0.0078125 0.14140625 0.01484375 0.0328125
0 0.0234375 0.17265625 0.02578125 0.0328125
0 0.05078125 0.2015625 0.028125 0.034375
0 0.0765625 0.2296875 0.0265625 0.040625
0 0.10078125 0.26171875 0.028125 0.0390625
0 0.19765625 0.38203125 0.0265625 0.0359375
0 0.22109375 0.41015625 0.021875 0.0421875
0 0.30859375 0.5171875 0.0265625 0.04375
2 0.20546875 0.12734375 0.0234375 0.0640625
2 0.3046875 0.92109375 0.046875 0.0671875
0 0.84375 0.98671875 0.05078125 0.0234375
3 0.2484375 0.08203125 0.021875 0.0578125