3 0.4390625 0.29296875 0.03515625 0.0359375
2 0.465625 0.33515625 0.02578125 0.0265625
2 0.42578125 0.64375 0.040625 0.046875
0 0.4890625 0.61875 0.02265625 0.046875
0 0.459375 0.6671875 0.02578125 0.05
0 0.55390625 0.4765625 0.025 0.046875
0 0.53359375 0.51953125 0.028125 0.0484375
0 0.51171875 0.565625 0.0296875 0.053125
0 0.63828125 0.30859375 0.01875 0.0328125
0 0.62734375 0.3359375 0.02265625 0.03125
3 0.359375 0.8625 0.03203125 0.0625
3 0.84765625 0.2765625 0.01953125 0.034375
0 0.81328125 0.35859375 0.01875 0.0421875
0 0.7390625 0.4671875 0.0265625 0.05
0 0.7390625 0.63203125 0.02734375 0.0578125
0 0.3546875 0.21171875 0.0203125 0.0484375