0 0.071875 0.54453125 0.03359375 0.0328125
0 0.10546875 0.54765625 0.034375 0.0328125
0 0.23359375 0.54765625 0.0328125 0.0296875
0 0.79140625 0.42109375 0.0328125 0.0453125
0 0.74375 0.47265625 0.03515625 0.0515625
0 0.7890625 0.47109375 0.034375 0.0484375
0 0.74609375 0.5734375 0.0359375 0.05625
6 0.83046875 0.4765625 0.1046875 0.13125
6 0.91015625 0.33203125 0.08203125 0.1046875
0 0.9015625 0.3984375 0.0328125 0.046875
0 0.9578125 0.22734375 0.0265625 0.0390625
0 0.02890625 0.0578125 0.03515625 0.04375