0 0.334375 0.42734375 0.01796875 0.0546875
3 0.425 0.52578125 0.0375 0.0359375
2 0.45703125 0.58203125 0.03671875 0.0390625
0 0.5546875 0.746875 0.025 0.05
0 0.53203125 0.80234375 0.0296875 0.0578125
0 0.50703125 0.86484375 0.03046875 0.0609375
0 0.48203125 0.93671875 0.02734375 0.0609375
2 0.4078125 0.97265625 0.04140625 0.0515625
0 0.44921875 0.98359375 0.02265625 0.0296875
0 0.6484375 0.53515625 0.021875 0.0359375
0 0.69921875 0.41640625 0.02109375 0.0453125
0 0.63359375 0.56953125 0.025 0.0421875
0 0.80625 0.60546875 0.0265625 0.0609375
0 0.85546875 0.559375 0.02578125 0.05625
3 0.87890625 0.49453125 0.02109375 0.0453125
0 0.7671875 0.94453125 0.03046875 0.0734375