2 0.36796875 0.02109375 0.02109375 0.0421875
3 0.47890625 0.440625 0.0203125 0.059375
2 0.51796875 0.571875 0.02265625 0.075
0 0.61796875 0.6203125 0.01953125 0.04375
3 0.53984375 0.6578125 0.01953125 0.05625
0 0.50625 0.66171875 0.01875 0.0484375
0 0.49140625 0.5640625 0.01953125 0.05
0 0.56875 0.77890625 0.025 0.0703125
0 0.6125 0.91640625 0.02890625 0.0703125
6 0.55078125 0.80625 0.053125 0.16875
6 0.54296875 0.971875 0.0296875 0.053125
0 0.8578125 0.903125 0.03046875 0.03125
2 0.4796875 0.01953125 0.01484375 0.0234375
6 0.709375 0.0359375 0.0640625 0.034375
6 0.71484375 0.06484375 0.06875 0.0328125