0 0.08828125 0.565625 0.028125 0.053125
0 0.290625 0.13125 0.01796875 0.053125
0 0.49375 0.24609375 0.01953125 0.0421875
0 0.4984375 0.28671875 0.01640625 0.0453125
0 0.521875 0.4609375 0.01640625 0.05625
2 0.33828125 0.30703125 0.02265625 0.0765625
0 0.3578125 0.73046875 0.01953125 0.0734375
0 0.34921875 0.9328125 0.0203125 0.08125
2 0.58984375 0.0578125 0.0328125 0.05
3 0.63828125 0.0671875 0.03203125 0.040625
0 0.46484375 0.02265625 0.01640625 0.0453125
0 0.4703125 0.0671875 0.015625 0.04375
0 0.74296875 0.04609375 0.02734375 0.0421875