0 0.47578125 0.75546875 0.02265625 0.0546875
0 0.42109375 0.9328125 0.025 0.05625
0 0.40625 0.97734375 0.021875 0.0421875
0 0.63671875 0.796875 0.0265625 0.06875
3 0.671875 0.7859375 0.0203125 0.053125
0 0.6515625 0.8671875 0.021875 0.059375
0 0.55078125 0.0109375 0.009375 0.021875
3 0.584375 0.0109375 0.0125 0.021875
0 0.5640625 0.01015625 0.0078125 0.0203125
6 0.565625 0.09609375 0.02109375 0.0671875
6 0.58828125 0.11171875 0.021875 0.0828125
6 0.6203125 0.18203125 0.03046875 0.1046875
0 0.6390625 0.2734375 0.01328125 0.04375
0 0.6078125 0.221875 0.0125 0.0375
0 0.57578125 0.15859375 0.0109375 0.0296875
0 0.58828125 0.2 0.01171875 0.03125
0 0.59609375 0.24609375 0.0125 0.0359375
0 0.5921875 0.06171875 0.0140625 0.0390625
0 0.6046875 0.1171875 0.01484375 0.034375
0 0.83125 0.3421875 0.021875 0.021875
0 0.81875 0.390625 0.028125 0.025