3 0.3375 0.57734375 0.0359375 0.0359375
2 0.475 0.51953125 0.025 0.0703125
0 0.48828125 0.5796875 0.03203125 0.034375
0 0.53203125 0.58828125 0.03359375 0.0296875
0 0.57734375 0.58203125 0.0390625 0.0328125
0 0.61953125 0.58046875 0.03671875 0.0296875
0 0.66015625 0.578125 0.03359375 0.03125
2 0.66953125 0.35078125 0.028125 0.0703125
3 0.67578125 0.26875 0.0265625 0.065625
0 0.8109375 0.5765625 0.03359375 0.03125
0 0.840625 0.57734375 0.03203125 0.0265625
0 0.959375 0.57421875 0.0390625 0.0265625
0 0.715625 0.984375 0.040625 0.028125