0 0.55078125 0.5375 0.01953125 0.053125
0 0.68046875 0.4734375 0.0296875 0.03125
0 0.69921875 0.42265625 0.025 0.0296875
0 0.45703125 0.41328125 0.01640625 0.0453125
0 0.484375 0.43359375 0.0140625 0.0484375
0 0.4609375 0.32421875 0.0125 0.0390625
0 0.44453125 0.10625 0.0140625 0.034375
3 0.47421875 0.07421875 0.0140625 0.0328125
0 0.4578125 0.0921875 0.01171875 0.025
0 0.47890625 0.12421875 0.01328125 0.0390625
0 0.48515625 0.17578125 0.01171875 0.0359375
6 0.49453125 0.2671875 0.028125 0.11875
0 0.45 0.221875 0.0125 0.03125
6 0.4453125 0.16328125 0.01953125 0.0734375
6 0.465625 0.17109375 0.0203125 0.0921875
0 0.271875 0.88359375 0.02734375 0.0609375
0 0.45234375 0.88671875 0.0296875 0.0734375
3 0.47734375 0.92421875 0.0234375 0.0609375
0 0.453125 0.9828125 0.0234375 0.03125