0 0.19453125 0.5953125 0.01875 0.06875
2 0.34375 0.728125 0.04375 0.040625
3 0.3046875 0.67421875 0.0390625 0.0359375
0 0.578125 0.46328125 0.021875 0.0453125
0 0.53984375 0.60234375 0.01640625 0.0421875
0 0.5265625 0.6453125 0.01953125 0.053125
3 0.76015625 0.48828125 0.01953125 0.0484375
0 0.7453125 0.5578125 0.0203125 0.053125
0 0.7125 0.58125 0.02578125 0.0625
0 0.4640625 0.871875 0.025 0.059375
0 0.44296875 0.94140625 0.02890625 0.0671875
0 0.696875 0.9796875 0.021875 0.0375
0 0.90703125 0.10078125 0.0265625 0.0234375
0 0.89453125 0.140625 0.028125 0.025