6 0.8796875 0.3015625 0.08359375 0.103125
6 0.83984375 0.53203125 0.10234375 0.1296875
0 0.9765625 0.2078125 0.02734375 0.034375
6 0.5421875 0.703125 0.09921875 0.1
0 0.60703125 0.6484375 0.04296875 0.0375
0 0.67890625 0.6671875 0.0359375 0.0375
2 0.43984375 0.534375 0.04140625 0.071875
0 0.44609375 0.61484375 0.02890625 0.0484375
3 0.49921875 0.6046875 0.03515625 0.046875
3 0.3640625 0.43984375 0.0359375 0.0609375
2 0.125 0.115625 0.04140625 0.06875
0 0.17578125 0.0390625 0.01875 0.028125
0 0.07890625 0.1015625 0.021875 0.040625
0 0.02578125 0.06328125 0.02265625 0.0328125
0 0.6796875 0.43046875 0.0234375 0.0328125
0 0.54609375 0.90859375 0.02578125 0.0671875