3 0.3640625 0.5296875 0.0296875 0.05
2 0.4265625 0.63515625 0.03359375 0.0765625
6 0.5015625 0.84296875 0.0765625 0.1421875
0 0.41015625 0.675 0.021875 0.05
0 0.43984375 0.77890625 0.021875 0.0515625
0 0.496875 0.953125 0.028125 0.071875
0 0.53046875 0.821875 0.03984375 0.0625
3 0.46328125 0.70625 0.028125 0.05625
0 0.42578125 0.45546875 0.02109375 0.0359375
0 0.05078125 0.02734375 0.01328125 0.0265625
0 0.0828125 0.06015625 0.015625 0.0265625
2 0.15703125 0.15625 0.02890625 0.053125
2 0.24921875 0.0578125 0.01640625 0.025
6 0.48671875 0.01796875 0.06484375 0.0359375