0 0.41875 0.4984375 0.01875 0.05
0 0.39296875 0.60546875 0.0234375 0.0578125
0 0.4328125 0.62890625 0.021875 0.0546875
6 0.4140625 0.23359375 0.01953125 0.0859375
6 0.4359375 0.23359375 0.01796875 0.1015625
6 0.465625 0.3578125 0.02734375 0.13125
0 0.43125 0.14765625 0.0109375 0.0296875
0 0.41640625 0.165625 0.01171875 0.0375
0 0.45078125 0.18125 0.01171875 0.04375
0 0.45703125 0.23828125 0.0125 0.0390625
3 0.45078125 0.13046875 0.01328125 0.0328125
0 0.421875 0.30546875 0.0140625 0.0359375
2 0.44140625 0.04296875 0.0140625 0.0515625
0 0.67265625 0.4984375 0.02265625 0.025
0 0.65 0.55234375 0.028125 0.0234375
0 0.5625 0.8328125 0.021875 0.06875