0 0.61796875 0.30078125 0.01640625 0.0453125
0 0.5328125 0.03046875 0.0109375 0.0296875
3 0.5625 0.0171875 0.01328125 0.03125
0 0.54765625 0.03125 0.009375 0.028125
0 0.571875 0.07734375 0.0125 0.0390625
0 0.5546875 0.1703125 0.01328125 0.03125
0 0.584375 0.13046875 0.0125 0.0328125
0 0.56484375 0.21484375 0.0140625 0.0359375
0 0.57265625 0.2625 0.01484375 0.0375
0 0.5875 0.24921875 0.0140625 0.0390625
6 0.54375 0.1078125 0.0203125 0.06875
6 0.56640625 0.12265625 0.02265625 0.0796875
6 0.5984375 0.196875 0.03203125 0.103125
0 0.81015625 0.359375 0.02265625 0.021875
0 0.7953125 0.40625 0.02734375 0.025
0 0.4421875 0.7828125 0.02578125 0.05625
0 0.60703125 0.8125 0.02578125 0.06875
0 0.61953125 0.89921875 0.025 0.0578125
0 0.3828125 0.9671875 0.02578125 0.05625
3 0.6390625 0.81328125 0.021875 0.0515625