0 0.61171875 0.13828125 0.021875 0.0453125
0 0.75078125 0.478125 0.028125 0.0375
2 0.59609375 0.55078125 0.034375 0.0609375
3 0.503125 0.696875 0.03515625 0.04375
0 0.625 0.58984375 0.028125 0.0390625
0 0.66015625 0.57109375 0.028125 0.0453125
0 0.6921875 0.534375 0.03359375 0.046875
0 0.72265625 0.50546875 0.02890625 0.0421875
0 0.93984375 0.31171875 0.028125 0.0328125
0 0.86875 0.3734375 0.02265625 0.034375
0 0.85 0.39375 0.02578125 0.03125
3 0.67265625 0.24765625 0.03203125 0.0421875
2 0.69140625 0.29921875 0.025 0.0390625
0 0.95546875 0.6359375 0.02890625 0.034375
0 0.9109375 0.74140625 0.03359375 0.0484375