2 0.290625 0.26875 0.04609375 0.071875
0 0.265625 0.33515625 0.025 0.0421875
0 0.3359375 0.3828125 0.0265625 0.04375
3 0.5 0.54609375 0.03984375 0.0609375
2 0.60390625 0.62578125 0.04765625 0.0546875
0 0.60390625 0.71171875 0.03515625 0.0421875
0 0.86796875 0.515625 0.028125 0.040625
0 0.94921875 0.2859375 0.0265625 0.0375
0 0.8109375 0.57578125 0.03671875 0.0421875
3 0.68359375 0.6484375 0.03984375 0.03125
6 0.7171875 0.715625 0.109375 0.078125
6 0.98828125 0.4140625 0.02109375 0.053125
6 0.85703125 0.37734375 0.08359375 0.1078125
0 0.725 0.42734375 0.0234375 0.0328125
3 0.975 0.9625 0.0359375 0.05
0 0.0828125 0.0453125 0.0203125 0.034375