3 0.03828125 0.23515625 0.02734375 0.0640625
2 0.0109375 0.31328125 0.02109375 0.0734375
0 0.1140625 0.55 0.03359375 0.03125
0 0.146875 0.55 0.03359375 0.028125
0 0.27421875 0.5515625 0.034375 0.03125
0 0.83046875 0.42578125 0.034375 0.0453125
0 0.784375 0.478125 0.0359375 0.04375
0 0.82734375 0.475 0.034375 0.053125
0 0.78671875 0.5765625 0.034375 0.05625
6 0.93671875 0.3453125 0.08125 0.10625
6 0.87109375 0.484375 0.1046875 0.140625
0 0.9390625 0.4046875 0.034375 0.046875
0 0.978125 0.24921875 0.028125 0.0359375