0 0.03359375 0.5421875 0.0328125 0.028125
0 0.06875 0.5421875 0.03359375 0.028125
0 0.1953125 0.54375 0.0359375 0.03125
0 0.00703125 0.05234375 0.0140625 0.0328125
0 0.94453125 0.20859375 0.028125 0.0390625
0 0.86796875 0.4 0.0328125 0.046875
0 0.75703125 0.41796875 0.03046875 0.0484375
0 0.709375 0.47109375 0.03671875 0.0453125
0 0.753125 0.46953125 0.03359375 0.0484375
0 0.7078125 0.57265625 0.03359375 0.0609375
6 0.8890625 0.315625 0.08203125 0.10625
6 0.79453125 0.47734375 0.1046875 0.1390625