0 0.03515625 0.04609375 0.02109375 0.0359375
0 0.21875 0.09609375 0.021875 0.0296875
2 0.09609375 0.07890625 0.04375 0.0703125
3 0.346875 0.41953125 0.0359375 0.0578125
2 0.41953125 0.51328125 0.040625 0.0765625
0 0.4234375 0.58203125 0.02890625 0.0484375
3 0.4703125 0.57890625 0.03359375 0.0515625
6 0.51640625 0.684375 0.09296875 0.1125
0 0.571875 0.63984375 0.04296875 0.0484375
0 0.6453125 0.67734375 0.0375 0.0359375
0 0.5015625 0.8 0.028125 0.05625
0 0.6828125 0.42890625 0.025 0.0328125
6 0.80703125 0.5671875 0.10625 0.125
6 0.90078125 0.28046875 0.08203125 0.1046875
0 0.53515625 0.94375 0.03046875 0.078125