3 0.83203125 0.24296875 0.01796875 0.0359375
0 0.7953125 0.33046875 0.0203125 0.0421875
0 0.6859375 0.51484375 0.02890625 0.0578125
0 0.72890625 0.565625 0.02734375 0.05625
0 0.68046875 0.16640625 0.02109375 0.0390625
0 0.63359375 0.2609375 0.01875 0.0375
0 0.61796875 0.28828125 0.01953125 0.0390625
0 0.55078125 0.4203125 0.0234375 0.046875
0 0.45859375 0.6 0.0234375 0.04375
0 0.4875 0.5546875 0.025 0.046875
0 0.5109375 0.503125 0.02734375 0.046875
0 0.53046875 0.4609375 0.025 0.040625
2 0.425 0.57734375 0.0359375 0.0453125
3 0.36171875 0.78359375 0.02890625 0.0609375
0 0.35625 0.16875 0.01953125 0.053125
3 0.4375 0.246875 0.03203125 0.0375
2 0.46328125 0.284375 0.02578125 0.034375