3 0.125 0.2453125 0.021875 0.0625
2 0.0984375 0.3265625 0.0265625 0.075
0 0.0125 0.56015625 0.025 0.0359375
0 0.05078125 0.56015625 0.03515625 0.0328125
0 0.209375 0.5625 0.034375 0.028125
0 0.2421875 0.56328125 0.03515625 0.0296875
0 0.37109375 0.56484375 0.0359375 0.0265625
0 0.0234375 0.97890625 0.046875 0.0390625
0 0.91484375 0.43828125 0.0328125 0.0421875
0 0.87109375 0.4890625 0.0359375 0.053125
0 0.9140625 0.48671875 0.034375 0.0453125
0 0.8796875 0.58828125 0.03359375 0.0515625
6 0.984375 0.39453125 0.0296875 0.0609375
6 0.95390625 0.49765625 0.090625 0.1390625