6 0.49453125 0.1359375 0.01875 0.071875
6 0.51640625 0.14375 0.02265625 0.090625
6 0.54453125 0.225 0.0265625 0.11875
0 0.578125 0.38828125 0.01796875 0.0484375
0 0.51484375 0.25 0.0125 0.040625
0 0.51875 0.315625 0.01640625 0.040625
0 0.5390625 0.3234375 0.0140625 0.040625
0 0.50234375 0.19296875 0.01171875 0.0328125
0 0.50234375 0.06171875 0.0125 0.0296875
0 0.4890625 0.071875 0.01328125 0.0375
0 0.52421875 0.10390625 0.0109375 0.0421875
0 0.53359375 0.15234375 0.0125 0.0359375
3 0.51875 0.04375 0.01171875 0.034375
0 0.73828125 0.43828125 0.028125 0.0265625
0 0.7546875 0.3875 0.02578125 0.028125
0 0.53203125 0.840625 0.03046875 0.08125
3 0.56015625 0.8640625 0.0234375 0.053125
0 0.53828125 0.94609375 0.028125 0.0703125
0 0.35859375 0.8328125 0.028125 0.059375