3 0.46875 0.3046875 0.015625 0.046875
3 0.49921875 0.50625 0.015625 0.05
2 0.459375 0.36015625 0.0125 0.0390625
2 0.48828125 0.43125 0.01875 0.06875
0 0.47421875 0.5046875 0.0125 0.040625
0 0.46171875 0.59453125 0.015625 0.0515625
0 0.51171875 0.60703125 0.01875 0.0640625
0 0.52890625 0.71640625 0.01875 0.0640625
6 0.49140625 0.64609375 0.03046875 0.1421875
6 0.47265625 0.74609375 0.02890625 0.1296875
0 0.640625 0.8046875 0.021875 0.053125
6 0.57109375 0.90625 0.07421875 0.184375
0 0.4796875 0.93828125 0.01953125 0.0640625
6 0.76484375 0.05078125 0.06484375 0.0359375
6 0.76328125 0.07890625 0.0671875 0.0390625
0 0.7953125 0.9015625 0.03046875 0.03125