0 0.125 0.30859375 0.02265625 0.0359375
0 0.38671875 0.91953125 0.025 0.0609375
3 0.5921875 0.76796875 0.01796875 0.0546875
3 0.63515625 0.57890625 0.04296875 0.0515625
0 0.5984375 0.94375 0.01875 0.06875
3 0.7046875 0.88515625 0.028125 0.0453125
0 0.71953125 0.5390625 0.0296875 0.040625
0 0.71328125 0.37734375 0.028125 0.0421875
6 0.621875 0.465625 0.08984375 0.1125
5 0.63359375 0.50078125 0.0546875 0.0765625
2 0.73828125 0.4703125 0.0390625 0.059375
3 0.8140625 0.275 0.05 0.065625
2 0.74921875 0.37890625 0.03984375 0.0640625
3 0.81875 0.38359375 0.02890625 0.0390625
6 0.81640625 0.434375 0.07734375 0.1
0 0.56484375 0.44140625 0.021875 0.0296875
2 0.315625 0.52890625 0.05078125 0.0828125
2 0.525 0.96640625 0.03515625 0.0640625