3 0.9640625 0.2125 0.04921875 0.059375
2 0.95703125 0.25703125 0.040625 0.0609375
0 0.84921875 0.33125 0.02734375 0.0375
0 0.965625 0.32734375 0.03359375 0.0453125
6 0.74921875 0.434375 0.08984375 0.115625
6 0.8 0.56796875 0.0796875 0.1109375
3 0.7625 0.5484375 0.03203125 0.04375
5 0.84765625 0.378125 0.05 0.08125
0 0.66875 0.4265625 0.021875 0.034375
2 0.7015625 0.60625 0.05078125 0.05
0 0.70859375 0.671875 0.034375 0.04375
3 0.61796875 0.6328125 0.04453125 0.034375
0 0.28828125 0.4265625 0.0234375 0.040625
2 0.36640625 0.43984375 0.05 0.0828125
0 0.0640625 0.0640625 0.02109375 0.034375
3 0.84609375 0.88828125 0.03359375 0.0484375