0 0.12421875 0.4453125 0.02578125 0.04375
2 0.24375 0.55625 0.0546875 0.09375
5 0.52734375 0.5296875 0.05546875 0.08125
2 0.4015625 0.86015625 0.04375 0.1671875
0 0.4359375 0.86953125 0.02734375 0.0734375
0 0.5296875 0.69609375 0.02734375 0.0546875
3 0.6046875 0.89453125 0.03046875 0.0515625
3 0.57265625 0.58515625 0.02734375 0.0453125
3 0.659375 0.48125 0.0375 0.05625
0 0.75625 0.3984375 0.02578125 0.040625
0 0.6328125 0.384375 0.02890625 0.034375
6 0.53984375 0.46875 0.09609375 0.109375
6 0.8390625 0.33671875 0.071875 0.0953125
2 0.80859375 0.325 0.03515625 0.053125
3 0.7125 0.30546875 0.0515625 0.0671875
2 0.62265625 0.43359375 0.040625 0.0671875
3 0.890625 0.23671875 0.02578125 0.0328125
0 0.48515625 0.44609375 0.02265625 0.0296875