0 0.05390625 0.553125 0.0265625 0.04375
2 0.11953125 0.57265625 0.05 0.0859375
2 0.2109375 0.64453125 0.05078125 0.1328125
0 0.24921875 0.65625 0.02578125 0.059375
0 0.275 0.7859375 0.021875 0.065625
2 0.48515625 0.471875 0.0421875 0.0625
0 0.5265625 0.396875 0.02578125 0.034375
3 0.58984375 0.3421875 0.05703125 0.065625
3 0.63984375 0.4046875 0.02578125 0.034375
3 0.7109375 0.33359375 0.0375 0.0484375
0 0.5984375 0.484375 0.0265625 0.0375
5 0.40625 0.54453125 0.05859375 0.0765625
6 0.425 0.4859375 0.09765625 0.109375
3 0.465625 0.915625 0.0265625 0.046875
2 0.90859375 0.14375 0.03515625 0.05
0 0.85 0.20859375 0.02734375 0.0359375
6 0.88046875 0.21328125 0.07265625 0.0921875
3 0.9921875 0.0625 0.0140625 0.028125