0 0.51171875 0.4453125 0.021875 0.028125
6 0.56484375 0.47109375 0.09296875 0.1109375
5 0.5578125 0.5234375 0.05390625 0.078125
2 0.66015625 0.41953125 0.04140625 0.0671875
0 0.65859375 0.38125 0.028125 0.04375
3 0.65078125 0.51640625 0.040625 0.0578125
3 0.56875 0.634375 0.025 0.046875
3 0.6375 0.88828125 0.02734375 0.0484375
3 0.746875 0.30078125 0.0546875 0.0640625
0 0.7421875 0.44609375 0.02890625 0.0421875
2 0.78203125 0.37578125 0.03984375 0.0484375
3 0.865625 0.2875 0.02578125 0.03125
6 0.83046875 0.36875 0.07578125 0.1
0 0.12890625 0.41015625 0.0265625 0.0421875
2 0.2703125 0.5578125 0.053125 0.09375
0 0.53984375 0.7703125 0.02265625 0.065625
2 0.44609375 0.915625 0.05078125 0.165625
0 0.478125 0.9265625 0.028125 0.0875