0 0.07890625 0.5359375 0.02578125 0.046875
2 0.15234375 0.56796875 0.04921875 0.0890625
2 0.26171875 0.69453125 0.0484375 0.1421875
0 0.29921875 0.71015625 0.0234375 0.0703125
0 0.32265625 0.84609375 0.02265625 0.0703125
2 0.51796875 0.46484375 0.03984375 0.0640625
3 0.61953125 0.3359375 0.05703125 0.071875
0 0.5546875 0.39609375 0.028125 0.0390625
3 0.61796875 0.44765625 0.0265625 0.0390625
0 0.571875 0.53125 0.03203125 0.040625
6 0.45390625 0.48203125 0.10078125 0.1140625
5 0.43828125 0.53984375 0.0625 0.0796875
3 0.97265625 0.10234375 0.02578125 0.0265625
2 0.88359375 0.18828125 0.040625 0.0515625
6 0.87109375 0.24453125 0.07421875 0.0890625
0 0.82265625 0.25625 0.025 0.034375
3 0.696875 0.36953125 0.03515625 0.0484375
3 0.50078125 0.909375 0.02890625 0.046875
0 0.40078125 0.45703125 0.028125 0.0296875