0 0.0359375 0.01171875 0.0234375 0.0234375
0 0.25234375 0.33828125 0.0234375 0.0421875
2 0.365625 0.409375 0.0515625 0.084375
3 0.6 0.6296875 0.046875 0.040625
5 0.9 0.340625 0.0515625 0.075
0 0.8765625 0.31953125 0.0265625 0.0390625
0 0.94140625 0.38125 0.03203125 0.046875
3 0.7515625 0.58203125 0.03046875 0.0484375
2 0.6921875 0.62109375 0.04765625 0.0484375
0 0.56171875 0.84296875 0.0265625 0.0671875
0 0.69921875 0.6984375 0.03515625 0.04375
3 0.878125 0.89765625 0.0328125 0.0484375
0 0.4765625 0.765625 0.02578125 0.05625
0 0.6921875 0.42890625 0.025 0.0296875
6 0.7765625 0.42265625 0.08828125 0.1109375
6 0.78984375 0.60390625 0.08125 0.1234375