0 0.32265625 0.51953125 0.02578125 0.0421875
2 0.36171875 0.4640625 0.05390625 0.084375
0 0.0859375 0.125 0.025 0.034375
3 0.6265625 0.63203125 0.053125 0.0359375
3 0.77578125 0.50703125 0.0296875 0.0390625
3 0.92890625 0.23046875 0.04765625 0.0609375
2 0.9078125 0.2890625 0.03671875 0.053125
5 0.790625 0.4109375 0.0546875 0.08125
0 0.81640625 0.34296875 0.02890625 0.0390625
6 0.71796875 0.440625 0.096875 0.11875
6 0.80703125 0.5328125 0.084375 0.1125
0 0.9859375 0.28359375 0.0265625 0.0421875
3 0.70390625 0.97421875 0.02265625 0.0484375
3 0.8125 0.88671875 0.0328125 0.0515625
2 0.70625 0.58359375 0.04921875 0.0578125
0 0.7109375 0.6421875 0.0359375 0.046875