0 0.43125 0.45078125 0.0234375 0.0265625
6 0.48203125 0.47578125 0.096875 0.1109375
2 0.55 0.45625 0.04140625 0.065625
3 0.64765625 0.3296875 0.05703125 0.06875
3 0.5984375 0.49140625 0.02734375 0.0421875
3 0.684375 0.4046875 0.0359375 0.05625
3 0.94296875 0.1453125 0.02734375 0.03125
2 0.8609375 0.23359375 0.0375 0.0546875
6 0.859375 0.271875 0.075 0.0875
0 0.796875 0.30078125 0.0265625 0.0359375
0 0.5796875 0.3890625 0.0296875 0.040625
0 0.5484375 0.578125 0.03046875 0.04375
5 0.4671875 0.5375 0.0578125 0.084375
2 0.30859375 0.74765625 0.046875 0.1515625
0 0.3453125 0.76015625 0.02265625 0.0671875
0 0.36875 0.90625 0.021875 0.06875
3 0.53671875 0.90625 0.02734375 0.04375
0 0.09765625 0.51015625 0.0265625 0.0484375
2 0.1828125 0.55859375 0.05078125 0.0890625