2 0.34921875 0.3453125 0.05078125 0.08125
3 0.5625 0.60078125 0.04375 0.0546875
2 0.66875 0.62890625 0.04921875 0.0515625
0 0.3921875 0.51484375 0.0265625 0.0421875
0 0.47109375 0.57265625 0.028125 0.0453125
0 0.17734375 0.1796875 0.02109375 0.0375
3 0.73359375 0.62890625 0.0359375 0.0328125
6 0.7734375 0.66640625 0.09140625 0.1078125
0 0.67265625 0.7234375 0.0375 0.028125
6 0.83125 0.4015625 0.0859375 0.115625
0 0.725 0.4234375 0.0265625 0.03125
0 0.92578125 0.3 0.0265625 0.034375
0 0.95625 0.39921875 0.028125 0.0390625
0 0.8875 0.48125 0.0359375 0.05
5 0.9875 0.26796875 0.02265625 0.0609375
5 0.9421875 0.9203125 0.03359375 0.053125