2 0.0234375 0.63671875 0.046875 0.0953125
2 0.0453125 0.5484375 0.0625 0.1125
0 0.08671875 0.54921875 0.02890625 0.0578125
0 0.13125 0.6625 0.02265625 0.053125
6 0.3375 0.54375 0.103125 0.1125
0 0.44921875 0.4546875 0.0328125 0.034375
3 0.51484375 0.3984375 0.05859375 0.071875
2 0.39765625 0.534375 0.04609375 0.0625
5 0.315625 0.609375 0.05859375 0.08125
6 0.24296875 0.928125 0.05 0.140625
3 0.70078125 0.33515625 0.0234375 0.0359375
3 0.7671875 0.2703125 0.03359375 0.04375
0 0.7046875 0.36953125 0.028125 0.0359375
0 0.9421875 0.115625 0.0234375 0.025
6 0.92734375 0.16171875 0.06484375 0.0828125