0 0.12109375 0.24375 0.02578125 0.04375
2 0.3375 0.50546875 0.05390625 0.0890625
0 0.3734375 0.75625 0.0234375 0.05625
6 0.6578125 0.45625 0.0953125 0.1125
5 0.68359375 0.478125 0.05390625 0.084375
2 0.803125 0.353125 0.040625 0.0625
0 0.74921875 0.3671875 0.028125 0.034375
3 0.80625 0.4296875 0.03046875 0.0375
6 0.815625 0.46796875 0.07890625 0.1015625
0 0.71953125 0.57578125 0.02890625 0.0390625
3 0.634375 0.6046875 0.04375 0.05625
2 0.7265625 0.5078125 0.04453125 0.0625
3 0.8578125 0.2625 0.04921875 0.065625
3 0.62421875 0.84375 0.01796875 0.059375
3 0.7421875 0.88359375 0.0265625 0.0453125
0 0.5953125 0.43671875 0.02265625 0.0296875