2 0.1578125 0.59765625 0.05390625 0.1234375
0 0.19765625 0.60859375 0.0265625 0.0546875
0 0.2265625 0.73515625 0.02109375 0.0609375
0 0.0234375 0.56953125 0.028125 0.0484375
2 0.08828125 0.58125 0.05078125 0.09375
0 0.34375 0.46484375 0.02578125 0.0328125
0 0.49921875 0.40703125 0.02890625 0.0390625
2 0.453125 0.48203125 0.040625 0.0671875
6 0.39453125 0.49296875 0.10078125 0.1078125
5 0.375 0.55390625 0.05859375 0.0828125
6 0.890625 0.18671875 0.06953125 0.0828125
0 0.87734375 0.16640625 0.0234375 0.0296875
3 0.725 0.3015625 0.034375 0.04375
3 0.6578125 0.36953125 0.02578125 0.0328125
0 0.62734375 0.43671875 0.02734375 0.0328125
2 0.93515625 0.10546875 0.03515625 0.0484375
3 0.5625 0.34921875 0.05625 0.0671875
3 0.428125 0.93125 0.02734375 0.040625
6 0.30234375 0.95703125 0.04140625 0.0828125