0 0.421875 0.09453125 0.021875 0.0328125
0 0.43984375 0.13203125 0.021875 0.0328125
0 0.465625 0.1640625 0.025 0.0375
0 0.48828125 0.196875 0.0234375 0.040625
0 0.5109375 0.23203125 0.025 0.0390625
2 0.6125 0.13984375 0.0234375 0.0578125
3 0.65078125 0.1140625 0.0203125 0.05
2 0.54140625 0.27265625 0.04296875 0.0578125
0 0.59921875 0.36953125 0.0234375 0.0359375
0 0.6203125 0.403125 0.02265625 0.040625
0 0.7078125 0.53046875 0.02890625 0.0484375
0 0.509375 0.4859375 0.028125 0.05
0 0.51640625 0.5546875 0.03046875 0.05625
0 0.43359375 0.36015625 0.028125 0.0515625
0 0.33828125 0.26015625 0.0265625 0.0515625
0 0.37890625 0.43359375 0.02890625 0.0546875
2 0.43671875 0.05625 0.02578125 0.05
0 0.71796875 0.0328125 0.0296875 0.03125
0 0.60859375 0.646875 0.03203125 0.05625
0 0.57421875 0.6609375 0.03046875 0.059375
0 0.6578125 0.7375 0.034375 0.065625
0 0.7 0.81171875 0.0375 0.0671875
0 0.65078125 0.78828125 0.03671875 0.0671875
5 0.66015625 0.89296875 0.065625 0.1328125