2 0.36875 0.06953125 0.021875 0.0515625
2 0.275 0.2078125 0.04375 0.046875
3 0.40703125 0.04453125 0.02109375 0.0484375
0 0.1796875 0.0453125 0.01875 0.028125
2 0.19453125 0.01484375 0.03046875 0.0296875
0 0.19765625 0.0796875 0.02265625 0.03125
0 0.221875 0.10703125 0.02578125 0.0359375
0 0.24375 0.1390625 0.0234375 0.034375
0 0.2671875 0.17109375 0.0234375 0.0359375
0 0.35390625 0.29609375 0.02265625 0.0390625
0 0.371875 0.32578125 0.0203125 0.0359375
0 0.45234375 0.43671875 0.025 0.0421875
0 0.078125 0.1328125 0.02734375 0.04375
0 0.1421875 0.23359375 0.02734375 0.0453125
0 0.121875 0.37890625 0.02890625 0.0484375
0 0.184375 0.35703125 0.02734375 0.0453125
0 0.234375 0.3796875 0.03046875 0.046875
0 0.2578125 0.478125 0.03046875 0.053125
5 0.31953125 0.6609375 0.06328125 0.115625
0 0.35859375 0.640625 0.0328125 0.059375
0 0.38984375 0.6328125 0.0328125 0.05625
3 0.42734375 0.7609375 0.02890625 0.053125
0 0.4328125 0.70234375 0.0328125 0.0609375
0 0.37265625 0.74609375 0.03203125 0.0578125