0 0.303125 0.01015625 0.02265625 0.0203125
0 0.33984375 0.121875 0.025 0.0625
0 0.3625 0.225 0.02734375 0.06875
0 0.3171875 0.27890625 0.01875 0.0578125
0 0.57421875 0.25234375 0.03671875 0.0359375
0 0.63359375 0.4546875 0.0421875 0.04375
0 0.5484375 0.515625 0.03984375 0.046875
0 0.3421875 0.66640625 0.03515625 0.0546875
0 0.26875 0.884375 0.0375 0.065625
0 0.16171875 0.93359375 0.040625 0.0734375
0 0.95390625 0.25546875 0.04375 0.0421875
0 0.9609375 0.5859375 0.04140625 0.0375
3 0.86484375 0.35234375 0.04921875 0.0421875