6 0.1203125 0.9453125 0.0765625 0.10625
6 0.26171875 0.67734375 0.11328125 0.2015625
6 0.42109375 0.3140625 0.07265625 0.21875
0 0.2609375 0.0578125 0.0203125 0.046875
0 0.63828125 0.30625 0.0375 0.046875
3 0.81875 0.20703125 0.0375 0.0390625
0 0.71953125 0.06796875 0.03671875 0.0421875
0 0.7390625 0.01484375 0.03984375 0.0296875
0 0.7796875 0.0375 0.0359375 0.040625
0 0.85078125 0.009375 0.03671875 0.01875
0 0.9046875 0.09296875 0.0375 0.0390625
0 0.9890625 0.15859375 0.0203125 0.0296875
0 0.87578125 0.23046875 0.034375 0.0359375