6 0.3578125 0.5015625 0.0703125 0.1625
6 0.44921875 0.88515625 0.046875 0.2265625
0 0.28125 0.74140625 0.01640625 0.0515625
0 0.29765625 0.58125 0.0203125 0.05
0 0.32578125 0.68984375 0.0234375 0.0609375
0 0.10625 0.05078125 0.01875 0.0390625
0 0.77265625 0.64375 0.0375 0.0375
0 0.75703125 0.7046875 0.03984375 0.040625
0 0.75078125 0.76015625 0.040625 0.0390625
0 0.9109375 0.6609375 0.03671875 0.0375
0 0.8578125 0.69921875 0.03671875 0.0390625
0 0.8046875 0.7328125 0.03671875 0.04375
0 0.93203125 0.94296875 0.0421875 0.0359375