0 0.15234375 0.01875 0.02109375 0.0375
0 0.403125 0.49296875 0.01875 0.0546875
0 0.6953125 0.6953125 0.03984375 0.04375
0 0.73828125 0.4265625 0.03671875 0.04375
0 0.81328125 0.43125 0.03203125 0.0375
0 0.70625 0.490625 0.0390625 0.0375
0 0.55 0.7296875 0.0390625 0.04375
0 0.25625 0.4765625 0.01640625 0.05
0 0.98828125 0.203125 0.021875 0.034375
0 0.92890625 0.28203125 0.0375 0.0390625
0 0.921875 0.3703125 0.0296875 0.0375
0 0.978125 0.578125 0.02890625 0.034375
0 0.4078125 0.9734375 0.03515625 0.05
3 0.5625 0.80234375 0.03984375 0.0546875
6 0.34140625 0.90703125 0.10625 0.1828125
0 0.86875 0.64921875 0.03984375 0.0390625