2 0.3296875 0.0515625 0.025 0.05625
3 0.36953125 0.025 0.02265625 0.046875
2 0.2328125 0.18125 0.04453125 0.0375
0 0.14375 0.02578125 0.01875 0.0296875
6 0.08828125 0.03046875 0.04765625 0.0609375
0 0.01796875 0.07734375 0.02734375 0.0453125
0 0.08203125 0.1765625 0.0265625 0.046875
0 0.121875 0.30078125 0.02734375 0.0484375
0 0.078125 0.35234375 0.028125 0.0484375
0 0.16640625 0.3171875 0.0296875 0.046875
0 0.1953125 0.42578125 0.03046875 0.0515625
0 0.31015625 0.271875 0.02109375 0.03125
0 0.3296875 0.30078125 0.01953125 0.0359375
0 0.16015625 0.059375 0.02109375 0.03125
0 0.184375 0.08671875 0.021875 0.0328125
0 0.20546875 0.11640625 0.0234375 0.0359375
0 0.22734375 0.14609375 0.0234375 0.0359375
0 0.40703125 0.41328125 0.025 0.0390625
0 0.31875 0.70859375 0.0296875 0.0546875
0 0.30625 0.6078125 0.03359375 0.0625
0 0.3421875 0.60546875 0.03046875 0.0578125
0 0.3828125 0.66953125 0.03359375 0.0578125
3 0.36640625 0.7140625 0.03046875 0.05
5 0.26484375 0.625 0.06171875 0.115625
2 0.92890625 0.9609375 0.04375 0.0375