0 0.26328125 0.1375 0.0203125 0.053125
6 0.35625 0.58828125 0.10625 0.2109375
6 0.428125 0.1796875 0.04765625 0.215625
0 0.30234375 0.0828125 0.0265625 0.0625
0 0.76328125 0.0265625 0.03984375 0.04375
0 0.73515625 0.08984375 0.03984375 0.0390625
0 0.72578125 0.1453125 0.03984375 0.040625
0 0.78203125 0.11640625 0.03515625 0.0421875
0 0.83671875 0.08203125 0.034375 0.0359375
0 0.903125 0.03828125 0.0421875 0.0390625
0 0.95234375 0.175 0.0375 0.04375
6 0.19140625 0.91796875 0.09921875 0.1609375
0 0.8890625 0.3078125 0.0375 0.04375