6 0.43359375 0.2484375 0.06171875 0.215625
6 0.28828125 0.63125 0.10625 0.209375
6 0.1265625 0.921875 0.103125 0.153125
0 0.2609375 0.0484375 0.021875 0.05
0 0.70625 0.25 0.0390625 0.04375
3 0.89296875 0.15 0.0375 0.046875
0 0.71953125 0.06328125 0.0390625 0.0421875
0 0.73359375 0.01171875 0.0390625 0.0234375
0 0.778125 0.03125 0.034375 0.040625
0 0.9890625 0.153125 0.0203125 0.03125
0 0.83671875 0.009375 0.03359375 0.01875
0 0.99375 0.03359375 0.01171875 0.0296875
0 0.87890625 0.22109375 0.03515625 0.0390625