6 0.51953125 0.7015625 0.06796875 0.20625
6 0.39453125 0.35078125 0.06484375 0.1546875
6 0.284375 0.0296875 0.0296875 0.059375
0 0.27734375 0.225 0.01953125 0.05
0 0.3453125 0.44921875 0.021875 0.0515625
0 0.409375 0.65234375 0.0234375 0.0515625
0 0.4328125 0.75546875 0.02734375 0.0640625
0 0.3859375 0.809375 0.0203125 0.05625
0 0.9890625 0.86171875 0.01953125 0.0421875
0 0.9421875 0.88671875 0.0390625 0.0421875
0 0.85859375 0.91796875 0.0421875 0.0390625
0 0.87890625 0.84921875 0.04609375 0.0390625
0 0.89921875 0.784375 0.0421875 0.04375