3 0.24375 0.03046875 0.01953125 0.0453125
3 0.18515625 0.0640625 0.0234375 0.034375
0 0.27109375 0.15078125 0.02265625 0.0296875
0 0.29375 0.18125 0.025 0.03125
0 0.32421875 0.20390625 0.028125 0.0359375
0 0.35234375 0.2296875 0.02734375 0.034375
0 0.3796875 0.25703125 0.0265625 0.0359375
2 0.4671875 0.1296875 0.01953125 0.0625
2 0.415625 0.28046875 0.03671875 0.0734375
3 0.5 0.0921875 0.01484375 0.04375
0 0.484375 0.35859375 0.028125 0.0359375
0 0.5078125 0.37890625 0.0234375 0.0328125
0 0.60390625 0.46953125 0.03046875 0.0421875
0 0.4421875 0.5359375 0.03359375 0.046875
0 0.4421875 0.58984375 0.0328125 0.0484375
0 0.34453125 0.44296875 0.03359375 0.0484375
0 0.24921875 0.39765625 0.0328125 0.0484375
0 0.26875 0.51015625 0.03515625 0.0484375
0 0.51328125 0.66796875 0.03359375 0.0515625
0 0.53671875 0.63203125 0.034375 0.0484375
0 0.5828125 0.68671875 0.0359375 0.0515625
0 0.59765625 0.753125 0.03984375 0.05625
0 0.6328125 0.74140625 0.0375 0.0546875
5 0.6375 0.875 0.0703125 0.115625