5 0.08671875 0.53828125 0.06484375 0.1015625
0 0.128125 0.5125 0.03203125 0.05625
0 0.17734375 0.52578125 0.0328125 0.0546875
0 0.21796875 0.5859375 0.034375 0.053125
0 0.24375 0.3375 0.02578125 0.040625
0 0.140625 0.6125 0.03046875 0.053125
3 0.19765625 0.62109375 0.02734375 0.0484375
0 0.146875 0.21640625 0.02265625 0.0328125
0 0.16640625 0.23984375 0.021875 0.0328125
6 0.0328125 0.1625 0.06484375 0.10625
0 0.015625 0.04765625 0.0234375 0.0328125
0 0.0390625 0.07578125 0.0234375 0.0390625
0 0.0609375 0.1015625 0.0234375 0.028125
2 0.059375 0.134375 0.04453125 0.04375
2 0.165625 0.01484375 0.02578125 0.0296875
2 0.871875 0.81015625 0.03984375 0.0328125