0 0.26171875 0.46015625 0.01875 0.0453125
0 0.18359375 0.07734375 0.02109375 0.0484375
0 0.39296875 0.40546875 0.02109375 0.0546875
0 0.6265625 0.646875 0.0390625 0.04375
3 0.6203125 0.7359375 0.040625 0.046875
0 0.45546875 0.884375 0.03671875 0.0625
6 0.3640625 0.85546875 0.1109375 0.2109375
0 0.77734375 0.62109375 0.03671875 0.0390625
0 0.7359375 0.409375 0.034375 0.040625
0 0.790625 0.42890625 0.03203125 0.0390625
0 0.70703125 0.471875 0.03515625 0.04375
0 0.88203125 0.290625 0.03671875 0.040625
0 0.89375 0.3671875 0.03359375 0.034375
0 0.97890625 0.56015625 0.028125 0.0359375
0 0.9875 0.18671875 0.0234375 0.0421875
0 0.99375 0.30703125 0.01171875 0.0296875
0 0.86640625 0.63046875 0.03515625 0.0453125