3 0.05390625 0.1515625 0.0203125 0.053125
2 0.10625 0.221875 0.0265625 0.053125
0 0.10234375 0.26796875 0.02578125 0.0265625
0 0.13046875 0.290625 0.02890625 0.03125
0 0.1671875 0.3 0.0328125 0.03125
0 0.20078125 0.31640625 0.03203125 0.0328125
0 0.23359375 0.33125 0.028125 0.03125
2 0.30625 0.1703125 0.01796875 0.059375
3 0.33515625 0.12109375 0.015625 0.0484375
2 0.27890625 0.33671875 0.0296875 0.0859375
0 0.35625 0.3890625 0.0265625 0.03125
0 0.38359375 0.403125 0.0265625 0.03125
0 0.165625 0.55703125 0.03671875 0.0390625
0 0.153125 0.6328125 0.0359375 0.040625
0 0.26015625 0.55078125 0.0359375 0.0421875
0 0.48984375 0.453125 0.0296875 0.03125
0 0.3671875 0.6 0.0359375 0.040625
0 0.365625 0.646875 0.03671875 0.040625
0 0.45234375 0.63828125 0.03515625 0.0453125
0 0.44921875 0.69609375 0.03671875 0.0421875
0 0.49609375 0.6671875 0.0359375 0.040625
0 0.5515625 0.69765625 0.04140625 0.0421875
0 0.5390625 0.7328125 0.04140625 0.04375
5 0.6125 0.859375 0.0765625 0.09375
0 0.71484375 0.978125 0.0390625 0.040625
3 0.84609375 0.85546875 0.03515625 0.0296875