3 0.4453125 0.05859375 0.01875 0.0484375
2 0.40703125 0.0890625 0.02578125 0.0625
2 0.32109375 0.22578125 0.0421875 0.0453125
0 0.39609375 0.31640625 0.025 0.0359375
2 0.23203125 0.0234375 0.0296875 0.046875
0 0.21875 0.0625 0.021875 0.028125
0 0.23515625 0.096875 0.02109375 0.03125
0 0.26015625 0.12265625 0.025 0.0359375
0 0.284375 0.15546875 0.0234375 0.0359375
0 0.30703125 0.18671875 0.0234375 0.0359375
0 0.415625 0.34140625 0.02109375 0.0328125
0 0.49609375 0.45625 0.02578125 0.04375
0 0.1390625 0.184375 0.02734375 0.046875
0 0.20546875 0.28671875 0.028125 0.0453125
0 0.1671875 0.4015625 0.03203125 0.053125
0 0.24765625 0.40859375 0.0296875 0.0484375
0 0.30546875 0.43828125 0.03203125 0.0484375
0 0.31796875 0.52109375 0.03046875 0.0546875
0 0.43359375 0.78671875 0.0296875 0.0578125
0 0.4109375 0.66640625 0.03671875 0.0640625
0 0.44140625 0.65390625 0.0328125 0.0578125
0 0.48359375 0.7234375 0.03515625 0.0625
3 0.49609375 0.8109375 0.03046875 0.05625
5 0.378125 0.69453125 0.0625 0.1140625