2 0.1046875 0.15703125 0.04375 0.0453125
0 0.190625 0.240625 0.021875 0.034375
0 0.2109375 0.26640625 0.02265625 0.0328125
0 0.28828125 0.36796875 0.0234375 0.0421875
0 0.08203125 0.0984375 0.02890625 0.0375
0 0.10546875 0.12578125 0.02265625 0.0328125
2 0.21015625 0.028125 0.025 0.05625
6 0.03359375 0.12578125 0.06328125 0.1046875
0 0.01796875 0.0140625 0.02265625 0.028125
0 0.0359375 0.04375 0.021875 0.03125
0 0.059375 0.06953125 0.021875 0.0328125
0 0.00546875 0.23984375 0.0109375 0.0328125
0 0.034375 0.34921875 0.03203125 0.0484375
5 0.1359375 0.575 0.06484375 0.109375
0 0.17890625 0.55390625 0.0328125 0.0546875
0 0.22265625 0.56171875 0.034375 0.0578125
0 0.2640625 0.621875 0.034375 0.059375
3 0.24296875 0.6609375 0.03046875 0.05
0 0.18828125 0.65078125 0.034375 0.0515625
2 0.87578125 0.85625 0.040625 0.034375