0 0.3265625 0.21015625 0.02109375 0.0578125
0 0.34765625 0.04921875 0.0265625 0.0640625
0 0.37265625 0.15625 0.0296875 0.0625
0 0.42734375 0.45703125 0.040625 0.0578125
0 0.53046875 0.46875 0.0359375 0.046875
0 0.6125 0.34609375 0.03984375 0.0421875
0 0.77109375 0.3234375 0.0390625 0.0375
0 0.85234375 0.2828125 0.04140625 0.04375
0 0.778125 0.1859375 0.0359375 0.034375
3 0.9875 0.23828125 0.0234375 0.0359375
0 0.9703125 0.51328125 0.040625 0.0359375
0 0.26015625 0.75859375 0.03984375 0.0703125
0 0.19375 0.9578125 0.03671875 0.06875