0 0.25078125 0.175 0.01875 0.04375
0 0.3203125 0.4078125 0.0203125 0.053125
0 0.4078125 0.68828125 0.0234375 0.0546875
0 0.43125 0.7953125 0.0234375 0.059375
0 0.3859375 0.84921875 0.01796875 0.0546875
6 0.44375 0.525 0.06953125 0.165625
6 0.315625 0.15078125 0.04765625 0.1296875
6 0.5546875 0.89765625 0.0421875 0.2015625
0 0.90703125 0.821875 0.04375 0.040625
0 0.8765625 0.95390625 0.04296875 0.0421875
0 0.8890625 0.8859375 0.04453125 0.04375
0 0.99140625 0.89921875 0.015625 0.0390625
0 0.94296875 0.9265625 0.0390625 0.0375