6 0.14296875 0.91328125 0.103125 0.1703125
6 0.30546875 0.6046875 0.1046875 0.203125
6 0.4328125 0.21796875 0.0390625 0.2171875
0 0.2609375 0.0640625 0.021875 0.05625
0 0.78125 0.21875 0.0390625 0.040625
0 0.77734375 0.0515625 0.03359375 0.040625
0 0.8296875 0.02109375 0.0328125 0.0421875
0 0.73203125 0.02578125 0.0390625 0.0390625
0 0.72109375 0.0796875 0.04296875 0.04375
3 0.97109375 0.128125 0.04140625 0.0375
0 0.9890625 0.17109375 0.01953125 0.0265625
0 0.8765625 0.2453125 0.0390625 0.040625