2 0.87578125 0.4234375 0.0296875 0.04375
0 0.8890625 0.4609375 0.03515625 0.040625
3 0.815625 0.7046875 0.03203125 0.0375
5 0.5984375 0.85234375 0.07734375 0.0890625
0 0.7109375 0.95703125 0.040625 0.0640625
2 0.14921875 0.43671875 0.02265625 0.0890625
2 0.1546875 0.26328125 0.02265625 0.0578125
3 0.1796875 0.203125 0.01484375 0.053125
0 0.23671875 0.46953125 0.02890625 0.0265625
0 0.26640625 0.4703125 0.02734375 0.025
0 0.38046875 0.47890625 0.03203125 0.0265625
0 0.0203125 0.45234375 0.03671875 0.0296875
0 0.06015625 0.453125 0.03515625 0.028125
0 0.09921875 0.4546875 0.03203125 0.03125
0 0.10078125 0.72421875 0.04375 0.0359375
0 0.0484375 0.8046875 0.04296875 0.034375
0 0.19453125 0.67265625 0.040625 0.0390625
0 0.2953125 0.67734375 0.0375 0.0296875
0 0.36640625 0.68046875 0.0359375 0.0359375
0 0.41640625 0.68984375 0.0375 0.0359375
0 0.47265625 0.69609375 0.0421875 0.0359375
0 0.49375 0.73828125 0.04375 0.0390625
0 0.39296875 0.7421875 0.0421875 0.0375
0 0.30234375 0.72421875 0.040625 0.0359375