0 0.25625 0.18828125 0.02578125 0.0453125
0 0.37265625 0.31328125 0.02734375 0.0515625
0 0.33984375 0.425 0.02734375 0.053125
0 0.446875 0.43125 0.0296875 0.05
0 0.46796875 0.521875 0.02734375 0.053125
0 0.66484375 0.79140625 0.03671875 0.0609375
0 0.6203125 0.71875 0.03671875 0.059375
0 0.5546875 0.6046875 0.03203125 0.059375
0 0.52578125 0.62265625 0.03203125 0.0578125
0 0.60625 0.75234375 0.03671875 0.0671875
5 0.6015625 0.83203125 0.0671875 0.1265625
0 0.6703125 0.9640625 0.03515625 0.06875
2 0.39296875 0.04921875 0.02578125 0.0421875
2 0.56796875 0.12578125 0.02265625 0.0578125
3 0.60546875 0.09921875 0.01953125 0.0484375
0 0.37734375 0.08984375 0.02109375 0.0296875
0 0.396875 0.125 0.0203125 0.034375
0 0.42265625 0.1546875 0.0265625 0.0375
0 0.44765625 0.1890625 0.02265625 0.0375
0 0.4703125 0.22265625 0.025 0.0359375
0 0.5609375 0.359375 0.02109375 0.0375
0 0.67265625 0.01640625 0.02734375 0.0265625
2 0.49921875 0.2625 0.04296875 0.059375
0 0.5828125 0.3890625 0.021875 0.0375
0 0.6703125 0.5125 0.028125 0.046875