0 0.3265625 0.0140625 0.015625 0.028125
5 0.29453125 0.10234375 0.025 0.0765625
2 0.29921875 0.284375 0.02734375 0.109375
3 0.2734375 0.30625 0.015625 0.040625
3 0.22890625 0.3390625 0.0234375 0.075
0 0.2171875 0.453125 0.01953125 0.05625
6 0.2796875 0.55 0.028125 0.190625
2 0.159375 0.46875 0.0203125 0.059375
2 0.1765625 0.3828125 0.02109375 0.065625
0 0.18359375 0.4875 0.021875 0.0625
3 0.20546875 0.53125 0.02265625 0.078125
0 0.434375 0.746875 0.028125 0.03125
0 0.32578125 0.77890625 0.03046875 0.0546875
0 0.41171875 0.83515625 0.03515625 0.0453125