3 0.39921875 0.0328125 0.02734375 0.0625
0 0.37265625 0.14140625 0.021875 0.0484375
3 0.3546875 0.215625 0.028125 0.071875
2 0.3203125 0.13828125 0.01875 0.0515625
0 0.33828125 0.1640625 0.0234375 0.053125
0 0.43046875 0.2890625 0.01953125 0.05625
0 0.42109375 0.4453125 0.02578125 0.05625
0 0.53125 0.51171875 0.02265625 0.0359375
0 0.63515625 0.73203125 0.03515625 0.0453125
5 0.68515625 0.8390625 0.0703125 0.09375
2 0.74609375 0.83515625 0.084375 0.1078125
0 0.0390625 0.97578125 0.04296875 0.0453125