2 0.0125 0.25625 0.01953125 0.0625
2 0.03359375 0.04296875 0.02265625 0.0734375
0 0.0375 0.26953125 0.02109375 0.0640625
0 0.071875 0.22734375 0.0203125 0.0609375
3 0.0625 0.31875 0.0234375 0.090625
3 0.07890625 0.09140625 0.0265625 0.0765625
5 0.16640625 0.58046875 0.05546875 0.0859375
0 0.17578125 0.48046875 0.0265625 0.0546875
2 0.259375 0.6015625 0.08125 0.075
3 0.43828125 0.7359375 0.0359375 0.03125
6 0.4328125 0.671875 0.1359375 0.0875
0 0.59140625 0.7296875 0.04140625 0.034375
0 0.30234375 0.525 0.0265625 0.03125