2 0.240625 0.0515625 0.01796875 0.059375
0 0.26171875 0.075 0.0234375 0.05625
0 0.2953125 0.046875 0.02265625 0.053125
3 0.27890625 0.12734375 0.028125 0.0796875
0 0.34140625 0.0625 0.01640625 0.053125
0 0.42734375 0.47109375 0.03203125 0.0453125
5 0.44140625 0.5375 0.05859375 0.078125
2 0.52578125 0.55390625 0.07421875 0.0921875
6 0.71328125 0.71015625 0.13203125 0.1421875
3 0.8140625 0.85703125 0.0359375 0.0453125
0 0.89609375 0.8609375 0.0421875 0.05
0 0.0125 0.96484375 0.025 0.0578125
0 0.47421875 0.41015625 0.02265625 0.0328125