3 0.121875 0.05703125 0.025 0.0734375
3 0.10546875 0.28515625 0.021875 0.0796875
0 0.08125 0.23515625 0.02109375 0.0640625
0 0.11484375 0.190625 0.021875 0.059375
0 0.17421875 0.01015625 0.01953125 0.0203125
2 0.05625 0.21796875 0.01953125 0.0609375
5 0.240625 0.58671875 0.065625 0.0734375
0 0.2390625 0.49609375 0.02890625 0.0484375
2 0.33359375 0.584375 0.08203125 0.06875
0 0.3421875 0.490625 0.0265625 0.028125
6 0.51640625 0.653125 0.13359375 0.090625
3 0.55390625 0.73046875 0.034375 0.0328125
0 0.68671875 0.7234375 0.03984375 0.0375
0 0.821875 0.77421875 0.04140625 0.0421875