3 0.18984375 0.18203125 0.01640625 0.0546875
2 0.15859375 0.23671875 0.02109375 0.0609375
2 0.14140625 0.31640625 0.0296875 0.0734375
0 0.2078125 0.471875 0.02890625 0.03125
0 0.23671875 0.484375 0.028125 0.03125
0 0.346875 0.53125 0.0328125 0.03125
0 0.01171875 0.38671875 0.0234375 0.0328125
0 0.04296875 0.39765625 0.0328125 0.0296875
0 0.07890625 0.41640625 0.03359375 0.0328125
0 0.17265625 0.79453125 0.03984375 0.0421875
0 0.54765625 0.853125 0.03984375 0.040625
0 0.69453125 0.8984375 0.03984375 0.0375
2 0.878125 0.65078125 0.03671875 0.0421875
3 0.86640625 0.7640625 0.04921875 0.053125
0 0.87890625 0.70078125 0.040625 0.0359375
0 0.92109375 0.73515625 0.03671875 0.0390625
0 0.83046875 0.8765625 0.0375 0.0375