3 0.26328125 0.1125 0.01875 0.05
2 0.2296875 0.16015625 0.021875 0.0578125
2 0.2125 0.23671875 0.02890625 0.0734375
2 0.028125 0.19453125 0.0296875 0.0546875
0 0.0203125 0.24296875 0.0234375 0.0296875
0 0.0484375 0.26640625 0.028125 0.0296875
0 0.084375 0.2796875 0.03046875 0.03125
0 0.11640625 0.29921875 0.02890625 0.0296875
0 0.1484375 0.315625 0.02890625 0.03125
0 0.26796875 0.3875 0.02734375 0.03125
0 0.29453125 0.40390625 0.02578125 0.0296875
0 0.4 0.4625 0.03046875 0.03125
0 0.2546875 0.70859375 0.0375 0.0453125
0 0.046875 0.6171875 0.0359375 0.040625
0 0.91796875 0.70546875 0.040625 0.0328125
2 0.91875 0.65625 0.0359375 0.040625
3 0.903125 0.7671875 0.0546875 0.046875
0 0.9609375 0.746875 0.0390625 0.0375
0 0.946875 0.8484375 0.04140625 0.040625
0 0.64765625 0.83046875 0.040625 0.0421875
0 0.796875 0.88125 0.0421875 0.03125