0 0.33359375 0.4703125 0.03359375 0.04375
0 0.41015625 0.43984375 0.0265625 0.0328125
5 0.3421875 0.54765625 0.0625 0.0703125
2 0.4328125 0.55 0.07734375 0.078125
6 0.6140625 0.66015625 0.13359375 0.1203125
3 0.68515625 0.7609375 0.03515625 0.040625
0 0.79453125 0.76796875 0.0421875 0.0390625
0 0.93046875 0.85390625 0.04296875 0.0484375
2 0.14765625 0.12421875 0.01796875 0.0578125
0 0.17109375 0.14609375 0.021875 0.0609375
0 0.2046875 0.1078125 0.0203125 0.05625
3 0.1921875 0.19453125 0.0234375 0.0828125
0 0.2609375 0.025 0.01640625 0.05