0 0.18125 0.8171875 0.0359375 0.040625
0 0.01171875 0.903125 0.0234375 0.0375
0 0.03984375 0.88671875 0.03515625 0.0390625
0 0.67265625 0.74921875 0.03515625 0.0578125
2 0.6796875 0.4609375 0.02578125 0.053125
0 0.69296875 0.49765625 0.02890625 0.0515625
3 0.7046875 0.55390625 0.03359375 0.0703125
0 0.815625 0.30546875 0.0234375 0.0484375
3 0.9046875 0.2921875 0.01953125 0.0375
0 0.5859375 0.8984375 0.0390625 0.05
0 0.35703125 0.98515625 0.04765625 0.0265625
0 0.4390625 0.98671875 0.04296875 0.0234375