3 0.04296875 0.04609375 0.0234375 0.0453125
2 0.08671875 0.11796875 0.028125 0.0515625
0 0.08046875 0.16484375 0.0234375 0.0234375
0 0.1046875 0.18984375 0.025 0.0296875
0 0.13828125 0.20703125 0.0296875 0.0328125
0 0.16875 0.225 0.028125 0.03125
0 0.1984375 0.2453125 0.02734375 0.03125
2 0.28046875 0.10078125 0.01953125 0.0609375
2 0.25859375 0.1796875 0.0296875 0.075
0 0.31171875 0.32421875 0.025 0.0328125
0 0.33515625 0.340625 0.021875 0.03125
0 0.434375 0.40703125 0.02890625 0.0359375
0 0.09609375 0.5203125 0.0359375 0.04375
0 0.315625 0.64609375 0.03671875 0.0453125
0 0.7390625 0.8109375 0.04140625 0.04375
2 0.9453125 0.63984375 0.0390625 0.0359375
0 0.94375 0.6875 0.0421875 0.034375
3 0.92421875 0.74375 0.053125 0.040625
0 0.89296875 0.8484375 0.040625 0.028125
0 0.98203125 0.728125 0.03359375 0.03125
3 0.3125 0.05859375 0.0140625 0.0546875