0 0.0484375 0.86796875 0.04375 0.0609375
2 0.31640625 0.0203125 0.02109375 0.040625
0 0.33359375 0.0375 0.0234375 0.053125
3 0.34921875 0.0921875 0.02734375 0.078125
0 0.36953125 0.01953125 0.02265625 0.0390625
0 0.43515625 0.10390625 0.02109375 0.0515625
0 0.4046875 0.26796875 0.0203125 0.0578125
0 0.53046875 0.4015625 0.0234375 0.034375
0 0.5921875 0.57734375 0.03359375 0.0453125
2 0.69765625 0.6765625 0.08359375 0.1
5 0.62265625 0.6625 0.0671875 0.090625
6 0.9171875 0.90234375 0.1421875 0.1703125