2 0.090625 0.32421875 0.02109375 0.0703125
3 0.1234375 0.26328125 0.01640625 0.0546875
2 0.0765625 0.41015625 0.0296875 0.0828125
0 0.015625 0.52265625 0.03125 0.0359375
0 0.15234375 0.56484375 0.028125 0.0296875
0 0.18046875 0.5734375 0.03203125 0.03125
0 0.3 0.60703125 0.03359375 0.0359375
0 0.08359375 0.8984375 0.04375 0.04375
0 0.453125 0.896875 0.04140625 0.040625
2 0.8390625 0.65390625 0.03359375 0.0421875
0 0.8421875 0.70546875 0.0375 0.0390625
0 0.88515625 0.734375 0.03515625 0.04375
3 0.8328125 0.77578125 0.05078125 0.0578125
0 0.72578125 0.91640625 0.040625 0.0390625
0 0.59609375 0.93046875 0.04140625 0.0359375
3 0.9875 0.65234375 0.0234375 0.0484375