2 0.2890625 0.34921875 0.01953125 0.0640625
3 0.33671875 0.309375 0.01953125 0.0625
6 0.3984375 0.34609375 0.0296875 0.1671875
0 0.33125 0.41484375 0.01796875 0.0515625
3 0.32578125 0.49296875 0.01875 0.0734375
0 0.3015625 0.4515625 0.01953125 0.05625
2 0.2796875 0.43203125 0.015625 0.0546875
0 0.4125 0.61328125 0.02109375 0.0578125
0 0.47890625 0.7109375 0.03046875 0.059375
0 0.5578125 0.69921875 0.02734375 0.0359375
2 0.40859375 0.10703125 0.01875 0.0859375
3 0.3875 0.11875 0.01328125 0.040625