5 0.34609375 0.03203125 0.0203125 0.0640625
2 0.35625 0.1953125 0.0265625 0.096875
6 0.33984375 0.44453125 0.02734375 0.1734375
3 0.28359375 0.32265625 0.0203125 0.0734375
2 0.23203125 0.36328125 0.01875 0.0671875
2 0.22109375 0.45078125 0.01953125 0.0578125
0 0.24296875 0.46875 0.01953125 0.05625
0 0.2734375 0.43359375 0.01484375 0.0484375
3 0.265625 0.51328125 0.01953125 0.0734375
0 0.36640625 0.7015625 0.02734375 0.05625
0 0.49609375 0.7234375 0.02734375 0.034375
0 0.4421875 0.77734375 0.03515625 0.0484375
3 0.3328125 0.21015625 0.01640625 0.0421875