2 0.01484375 0.3640625 0.0203125 0.065625
3 0.071875 0.3171875 0.028125 0.065625
0 0.053125 0.4390625 0.02265625 0.05625
3 0.03515625 0.52421875 0.028125 0.0828125
0 0.015625 0.47890625 0.0234375 0.0609375
2 0.11953125 0.4953125 0.0328125 0.128125
0 0.16015625 0.19296875 0.01484375 0.0390625
5 0.1203125 0.28515625 0.03515625 0.0890625
3 0.075 0.58671875 0.01953125 0.0546875
6 0.13984375 0.753125 0.109375 0.16875
0 0.259375 0.75234375 0.025 0.0296875
0 0.24921875 0.87109375 0.0390625 0.0390625
0 0.3421875 0.91953125 0.040625 0.0453125