2 0.63671875 0.2671875 0.02265625 0.05
0 0.6484375 0.30078125 0.02578125 0.0484375
3 0.73828125 0.35234375 0.01953125 0.0421875
3 0.69453125 0.2703125 0.0296875 0.065625
0 0.47734375 0.7046875 0.03984375 0.046875
5 0.63671875 0.859375 0.07734375 0.084375
0 0.80625 0.72890625 0.025 0.0453125
0 0.7828125 0.81328125 0.034375 0.0640625
0 0.828125 0.903125 0.0390625 0.06875
0 0.18984375 0.63203125 0.03515625 0.0390625
0 0.06171875 0.71015625 0.0328125 0.0359375
0 0.02734375 0.73125 0.034375 0.040625
0 0.109375 0.92578125 0.04453125 0.0484375
0 0.16875 0.87734375 0.04140625 0.0484375
0 0.22109375 0.840625 0.0421875 0.046875
0 0.275 0.81171875 0.0390625 0.0484375
0 0.2515625 0.8765625 0.04375 0.046875
0 0.34375 0.76640625 0.04375 0.0421875
0 0.37578125 0.8078125 0.04140625 0.046875
0 0.09765625 0.98359375 0.04921875 0.0296875