0 0.1796875 0.70078125 0.03515625 0.0390625
0 0.0453125 0.78515625 0.034375 0.0390625
0 0.01328125 0.80625 0.0265625 0.040625
0 0.65 0.3546875 0.0265625 0.05
2 0.6375 0.31953125 0.021875 0.0515625
3 0.67421875 0.3734375 0.03203125 0.071875
3 0.79453125 0.271875 0.01953125 0.0375
0 0.5609375 0.68984375 0.0375 0.0515625
0 0.46953125 0.81171875 0.0390625 0.0453125
0 0.346875 0.8421875 0.04296875 0.04375
0 0.2734375 0.88828125 0.04140625 0.0453125
0 0.20859375 0.925 0.04296875 0.05
0 0.32421875 0.90859375 0.0421875 0.0515625
0 0.8109375 0.81015625 0.025 0.0484375
0 0.78828125 0.896875 0.03515625 0.065625
0 0.8328125 0.978125 0.034375 0.040625
0 0.15546875 0.9625 0.04609375 0.05