0 0.23828125 0.58203125 0.034375 0.0359375
0 0.11171875 0.63671875 0.03203125 0.0328125
0 0.07890625 0.65078125 0.03203125 0.0359375
0 0.08125 0.94375 0.0484375 0.05
0 0.1328125 0.86171875 0.04375 0.0484375
0 0.19921875 0.82109375 0.04140625 0.0421875
0 0.2515625 0.8484375 0.040625 0.04375
0 0.25625 0.7921875 0.0375 0.040625
0 0.31015625 0.7734375 0.03984375 0.040625
0 0.375 0.74453125 0.03984375 0.0390625
0 0.3609375 0.809375 0.03984375 0.040625
0 0.46953125 0.7296875 0.040625 0.04375
5 0.61484375 0.85078125 0.0765625 0.0796875
2 0.696875 0.2921875 0.02265625 0.046875
0 0.709375 0.32578125 0.02890625 0.0484375
3 0.7734375 0.26953125 0.03046875 0.0609375
3 0.7640625 0.46015625 0.0234375 0.0421875
0 0.7421875 0.97578125 0.0390625 0.0453125
0 0.84453125 0.7859375 0.0265625 0.046875
0 0.81796875 0.8703125 0.03515625 0.065625
0 0.8609375 0.965625 0.03984375 0.065625