0 0.021875 0.75 0.034375 0.040625
0 0.05625 0.73046875 0.03359375 0.0390625
0 0.18671875 0.65078125 0.0359375 0.0421875
0 0.10625 0.94765625 0.0484375 0.0546875
0 0.3453125 0.78828125 0.04375 0.0453125
0 0.27578125 0.83359375 0.03984375 0.0484375
0 0.2171875 0.8640625 0.04140625 0.046875
0 0.16328125 0.90078125 0.0421875 0.0484375
0 0.2859375 0.87578125 0.0421875 0.0453125
0 0.13984375 0.98125 0.04765625 0.034375
0 0.421875 0.79609375 0.03984375 0.0484375
0 0.51796875 0.68359375 0.03671875 0.0484375
0 0.65 0.3140625 0.0265625 0.04375
2 0.63515625 0.284375 0.02265625 0.053125
3 0.68125 0.3140625 0.028125 0.06875
3 0.76484375 0.29921875 0.02109375 0.0421875
5 0.690625 0.9359375 0.075 0.10625
0 0.78515625 0.83828125 0.0375 0.0640625
0 0.80546875 0.7515625 0.025 0.046875
0 0.83046875 0.928125 0.0375 0.065625