0 0.60625 0.7046875 0.0375 0.05625
0 0.51953125 0.84609375 0.0375 0.0515625
2 0.6421875 0.3765625 0.0234375 0.05625
0 0.65625 0.41171875 0.02890625 0.0515625
3 0.67578125 0.4484375 0.034375 0.06875
3 0.82734375 0.2609375 0.01875 0.040625
0 0.78984375 0.1484375 0.01953125 0.04375
0 0.81953125 0.89140625 0.0265625 0.0484375
0 0.79609375 0.97421875 0.0359375 0.0484375
0 0.171875 0.7703125 0.03671875 0.04375
0 0.34609375 0.91875 0.04296875 0.046875
0 0.375 0.95078125 0.04140625 0.0453125
0 0.27421875 0.9640625 0.04140625 0.05
0 0.20390625 0.9875 0.040625 0.021875
0 0.03203125 0.85625 0.0359375 0.04375
0 0.00625 0.8703125 0.0125 0.034375