3 0.95 0.58125 0.04296875 0.059375
2 0.78359375 0.640625 0.03203125 0.05
0 0.79140625 0.690625 0.0375 0.046875
0 0.834375 0.7125 0.0328125 0.046875
3 0.7859375 0.7625 0.04765625 0.065625
0 0.88203125 0.78671875 0.03515625 0.0484375
0 0.6171875 0.96328125 0.040625 0.0390625
0 0.3546875 0.98125 0.04453125 0.034375
0 0.49453125 0.984375 0.04140625 0.028125
3 0.02265625 0.3890625 0.021875 0.05625
0 0.075 0.7046875 0.03359375 0.025
0 0.10859375 0.7078125 0.0359375 0.028125
0 0.23828125 0.71328125 0.03359375 0.0328125