3 0.9203125 0.67890625 0.05078125 0.0453125
2 0.93984375 0.578125 0.03671875 0.034375
0 0.9390625 0.62578125 0.040625 0.0328125
0 0.978125 0.665625 0.0359375 0.034375
0 0.96484375 0.765625 0.0390625 0.03125
0 0.81171875 0.76484375 0.040625 0.0390625
2 0.09921875 0.0796875 0.0265625 0.05
2 0.28828125 0.0609375 0.01953125 0.059375
2 0.265625 0.14140625 0.028125 0.0734375
0 0.0921875 0.125 0.025 0.028125
0 0.11796875 0.14921875 0.02578125 0.0265625
0 0.14765625 0.16484375 0.0265625 0.0265625
0 0.1796875 0.18046875 0.02890625 0.0328125
0 0.2109375 0.20234375 0.02578125 0.0328125
0 0.31953125 0.275 0.025 0.03125
0 0.34375 0.290625 0.025 0.03125
0 0.44140625 0.3578125 0.028125 0.034375
3 0.3203125 0.02265625 0.015625 0.0453125
0 0.1109375 0.465625 0.0359375 0.040625
0 0.3484375 0.6015625 0.0359375 0.04375
3 0.05546875 0.01640625 0.02109375 0.0328125