2 0.078125 0.14921875 0.021875 0.0640625
3 0.1 0.0859375 0.02265625 0.05625
2 0.08203125 0.26484375 0.0234375 0.0890625
0 0.18671875 0.35 0.02890625 0.028125
0 0.21796875 0.346875 0.02890625 0.028125
0 0.33515625 0.33671875 0.0328125 0.0234375
0 0.33125 0.4109375 0.03515625 0.03125
0 0.359375 0.53515625 0.0390625 0.0328125
2 0.434375 0.5265625 0.05078125 0.040625
0 0.45 0.57890625 0.03984375 0.0328125
0 0.36796875 0.5875 0.04140625 0.028125
0 0.415625 0.6421875 0.04296875 0.034375
0 0.2875 0.59609375 0.04140625 0.0359375
0 0.0078125 0.3609375 0.015625 0.034375
0 0.0375 0.3578125 0.03359375 0.025
0 0.02265625 0.7109375 0.04453125 0.034375
3 0.7203125 0.734375 0.028125 0.08125
0 0.8734375 0.84765625 0.03046875 0.0734375
0 0.7984375 0.91015625 0.02578125 0.0703125
6 0.878125 0.215625 0.0984375 0.134375
0 0.9078125 0.7546875 0.0234375 0.05625
0 0.9125 0.95546875 0.0359375 0.0765625