0 0.0984375 0.21875 0.0359375 0.03125
0 0.13125 0.22734375 0.03359375 0.0296875
0 0.26796875 0.25234375 0.03984375 0.0328125
0 0.25234375 0.35703125 0.04375 0.0359375
2 0.11796875 0.6 0.046875 0.0375
0 0.37109375 0.60390625 0.04140625 0.0328125
0 0.309375 0.59140625 0.04375 0.0390625
0 0.55 0.36640625 0.04296875 0.0359375
0 0.60859375 0.39765625 0.04375 0.0390625
3 0.43828125 0.39609375 0.034375 0.0328125
0 0.46796875 0.45 0.04140625 0.03125
0 0.74609375 0.39765625 0.0421875 0.0421875
0 0.71875 0.521875 0.03984375 0.0625
0 0.7078125 0.6265625 0.02890625 0.06875
0 0.5203125 0.76484375 0.03359375 0.0546875
2 0.97421875 0.20703125 0.04453125 0.0609375
2 0.88984375 0.35234375 0.05078125 0.0609375