5 0.3375 0.328125 0.0703125 0.071875
0 0.60234375 0.41640625 0.04375 0.0359375
0 0.73046875 0.3625 0.04296875 0.059375
0 0.74140625 0.18828125 0.03203125 0.0609375
0 0.803125 0.20234375 0.0375 0.0796875
0 0.7953125 0.3515625 0.0296875 0.071875
0 0.78203125 0.659375 0.02890625 0.0875
6 0.85859375 0.05390625 0.0578125 0.1078125
2 0.48125 0.56171875 0.103125 0.0828125
2 0.48359375 0.6140625 0.04140625 0.040625
0 0.42578125 0.5875 0.04140625 0.040625
0 0.475 0.66953125 0.04375 0.0453125
0 0.98203125 0.9765625 0.034375 0.04375