2 0.34609375 0.37578125 0.04140625 0.0890625
0 0.3328125 0.4296875 0.03359375 0.05625
3 0.41484375 0.2859375 0.0390625 0.065625
0 0.50078125 0.39296875 0.0375 0.0578125
6 0.56953125 0.553125 0.07578125 0.109375
0 0.22421875 0.22578125 0.03046875 0.0546875
0 0.2859375 0.34296875 0.03203125 0.0578125
0 0.38828125 0.1390625 0.02578125 0.046875
0 0.31328125 0.01953125 0.02265625 0.0390625
0 0.0625 0.0484375 0.03046875 0.05625
0 0.490625 0.89375 0.03515625 0.05625
0 0.4390625 0.9765625 0.028125 0.04375
6 0.93203125 0.86171875 0.1203125 0.0921875