0 0.04609375 0.53125 0.03515625 0.034375
0 0.078125 0.51875 0.0296875 0.03125
0 0.2046875 0.46875 0.03515625 0.03125
6 0.20078125 0.553125 0.0890625 0.075
2 0.321875 0.63671875 0.0546875 0.0546875
0 0.26015625 0.71953125 0.0421875 0.0390625
0 0.34140625 0.6859375 0.03984375 0.040625
0 0.17421875 0.75703125 0.0421875 0.0421875
3 0.72890625 0.153125 0.02890625 0.053125
0 0.81015625 0.0671875 0.0203125 0.0375
0 0.66953125 0.33203125 0.02734375 0.0546875
6 0.640625 0.6203125 0.0421875 0.178125
0 0.80703125 0.69765625 0.02265625 0.0453125
0 0.78515625 0.80546875 0.03359375 0.0671875
0 0.83046875 0.8984375 0.03515625 0.071875
0 0.871875 0.98125 0.0296875 0.034375