0 0.0375 0.7765625 0.0421875 0.034375
0 0.0609375 0.87734375 0.04453125 0.0390625
3 0.40078125 0.76328125 0.0484375 0.0453125
0 0.4859375 0.70234375 0.03984375 0.0390625
0 0.47109375 0.76328125 0.040625 0.0359375
0 0.46015625 0.81640625 0.04140625 0.0359375
0 0.359375 0.43828125 0.0390625 0.0265625
0 0.19296875 0.4453125 0.03203125 0.028125
0 0.2265625 0.44453125 0.0328125 0.0296875
2 0.065625 0.32734375 0.03046875 0.1078125
2 0.0484375 0.15703125 0.0359375 0.0859375
3 0.06796875 0.05390625 0.02890625 0.0828125
0 0.0328125 0.45 0.034375 0.03125
0 0.9359375 0.32421875 0.04296875 0.0578125
0 0.98046875 0.26484375 0.0375 0.0578125
2 0.9609375 0.36328125 0.04140625 0.0609375
2 0.96171875 0.42265625 0.075 0.1078125
0 0.96640625 0.97734375 0.02265625 0.0421875