0 0.02734375 0.1859375 0.03671875 0.034375
0 0.19453125 0.2125 0.03359375 0.034375
0 0.22890625 0.21796875 0.03359375 0.0296875
2 0.07109375 0.06796875 0.03203125 0.1140625
0 0.36484375 0.23828125 0.0359375 0.0359375
0 0.028125 0.61640625 0.04375 0.0390625
0 0.715625 0.59140625 0.040625 0.0359375
0 0.9125 0.53203125 0.04140625 0.0484375
0 0.92890625 0.88984375 0.02109375 0.0609375
0 0.87265625 0.96640625 0.02578125 0.0640625
0 0.984375 0.39765625 0.0296875 0.0515625
2 0.95859375 0.26640625 0.0421875 0.0546875
0 0.99296875 0.22578125 0.0125 0.0328125