6 0.7953125 0.5203125 0.06015625 0.228125
2 0.559375 0.4 0.04765625 0.04375
0 0.46796875 0.3890625 0.03984375 0.034375
0 0.44921875 0.4390625 0.0390625 0.03125
0 0.55390625 0.4578125 0.0390625 0.034375
0 0.48125 0.5015625 0.03984375 0.034375
0 0.08984375 0.45546875 0.040625 0.0421875
0 0.0109375 0.10390625 0.021875 0.0328125
0 0.04765625 0.10625 0.0359375 0.028125
0 0.0875 0.11015625 0.0375 0.0296875
0 0.12734375 0.1171875 0.03046875 0.034375
0 0.346875 0.41953125 0.040625 0.0328125
0 0.9484375 0.75390625 0.02109375 0.0453125
0 0.90078125 0.83359375 0.02890625 0.0796875
0 0.92890625 0.953125 0.02890625 0.078125
0 0.26640625 0.1484375 0.0296875 0.028125
0 0.29765625 0.1515625 0.0296875 0.028125
0 0.41328125 0.17265625 0.03046875 0.0296875
2 0.1734375 0.040625 0.021875 0.08125