3 0.34453125 0.2734375 0.0375 0.06875
0 0.10078125 0.2390625 0.03203125 0.05
0 0.28125 0.41640625 0.0296875 0.0515625
0 0.3359375 0.50546875 0.03359375 0.0578125
0 0.3875 0.58671875 0.03203125 0.0578125
0 0.3296875 0.15390625 0.0203125 0.0359375
0 0.3484375 0.18125 0.02109375 0.0375
0 0.428125 0.29453125 0.0234375 0.0453125
0 0.42265625 0.3484375 0.034375 0.05625
2 0.40078125 0.53046875 0.04609375 0.0828125
0 0.22578125 0.00859375 0.02109375 0.0171875
0 0.24609375 0.03125 0.021875 0.0375
6 0.56640625 0.60234375 0.07578125 0.1140625
6 0.8609375 0.89921875 0.11796875 0.0828125