0 0.04921875 0.3390625 0.03359375 0.05
0 0.259375 0.47734375 0.034375 0.0453125
0 0.32109375 0.546875 0.034375 0.046875
0 0.3828125 0.61640625 0.0359375 0.0484375
2 0.38984375 0.55625 0.04921875 0.075
0 0.28046875 0.19921875 0.0234375 0.0359375
0 0.30234375 0.221875 0.02265625 0.034375
0 0.3921875 0.31484375 0.028125 0.0390625
3 0.24296875 0.2453125 0.0375 0.05625
0 0.31953125 0.290625 0.0375 0.046875
2 0.23984375 0.046875 0.03203125 0.059375
0 0.18046875 0.09375 0.0265625 0.0375
0 0.096875 0.01484375 0.02734375 0.0296875
0 0.1265625 0.03828125 0.02890625 0.0359375
0 0.15390625 0.0640625 0.0265625 0.0375
6 0.5234375 0.55234375 0.07734375 0.1078125
6 0.809375 0.803125 0.11484375 0.0625