2 0.83671875 0.4890625 0.05 0.0625
2 0.93046875 0.32734375 0.04609375 0.0515625
0 0.9796875 0.3609375 0.03984375 0.046875
0 0.68984375 0.5078125 0.04375 0.0375
0 0.678125 0.6734375 0.040625 0.06875
0 0.6953125 0.76953125 0.02734375 0.0703125
0 0.490625 0.453125 0.040625 0.034375
0 0.5234375 0.50078125 0.04375 0.0390625
0 0.43515625 0.9734375 0.034375 0.05
0 0.37109375 0.6953125 0.0390625 0.034375
0 0.31015625 0.68359375 0.04453125 0.0390625
0 0.38359375 0.53515625 0.04453125 0.0359375
3 0.3765625 0.4734375 0.0390625 0.0375
0 0.26796875 0.34609375 0.03671875 0.0296875
0 0.15546875 0.43515625 0.04140625 0.0328125
2 0.1671875 0.7078125 0.04765625 0.0375
0 0.0984375 0.31484375 0.0359375 0.0328125
0 0.13125 0.32109375 0.03515625 0.0359375