0 0.18671875 0.51796875 0.034375 0.0390625
0 0.06015625 0.5984375 0.034375 0.040625
0 0.02578125 0.6203125 0.0328125 0.04375
2 0.31953125 0.6484375 0.05390625 0.059375
0 0.346875 0.6875 0.040625 0.046875
0 0.14453125 0.76953125 0.04453125 0.0484375
0 0.18359375 0.809375 0.04296875 0.05
0 0.26953125 0.81015625 0.04453125 0.0546875
0 0.26796875 0.7453125 0.04296875 0.05
0 0.51328125 0.309375 0.02890625 0.05
0 0.6140625 0.4078125 0.015625 0.05625
3 0.56484375 0.40703125 0.01875 0.0640625
0 0.79375 0.5796875 0.02578125 0.040625
0 0.78203125 0.68515625 0.03515625 0.0609375
0 0.73828125 0.8484375 0.034375 0.065625
0 0.83125 0.75859375 0.0375 0.0609375
0 0.8828125 0.83984375 0.03984375 0.0640625
3 0.96953125 0.9640625 0.06015625 0.06875