0 0.7609375 0.04296875 0.0265625 0.0421875
0 0.73203125 0.196875 0.025 0.04375
3 0.67734375 0.2375 0.03359375 0.059375
0 0.671875 0.559375 0.01953125 0.065625
6 0.8265625 0.92109375 0.08828125 0.1546875
0 0.82734375 0.71953125 0.03515625 0.0671875
0 0.87578125 0.8078125 0.0359375 0.06875
0 0.92109375 0.90859375 0.0375 0.0734375
0 0.84921875 0.61328125 0.021875 0.0453125
0 0.25390625 0.39609375 0.03671875 0.0328125
0 0.0984375 0.46015625 0.02890625 0.0390625
0 0.13203125 0.44375 0.028125 0.0375
2 0.37265625 0.559375 0.0546875 0.05
0 0.39609375 0.6046875 0.0390625 0.0375
0 0.315625 0.64140625 0.04296875 0.0390625
0 0.2296875 0.6796875 0.03984375 0.040625
6 0.034375 0.5703125 0.06875 0.071875
0 0.20390625 0.75078125 0.04609375 0.0453125
0 0.0390625 0.70234375 0.046875 0.0390625