2 0.17890625 0.06875 0.0234375 0.090625
0 0.0125 0.1375 0.025 0.028125
0 0.0515625 0.14140625 0.03984375 0.0296875
0 0.08984375 0.146875 0.03515625 0.028125
0 0.12890625 0.15625 0.0328125 0.034375
0 0.13359375 0.2375 0.0375 0.03125
0 0.26875 0.18203125 0.02890625 0.0265625
0 0.2984375 0.1875 0.028125 0.025
0 0.4125 0.21015625 0.03359375 0.0296875
0 0.509375 0.484375 0.03984375 0.034375
0 0.471875 0.5359375 0.03984375 0.034375
0 0.44140625 0.41796875 0.03671875 0.0359375
0 0.34453125 0.45390625 0.03984375 0.0328125
0 0.42890625 0.46796875 0.0375 0.0328125
2 0.509375 0.4296875 0.04921875 0.046875
6 0.83984375 0.39765625 0.10234375 0.1703125
0 0.9515625 0.790625 0.021875 0.053125
0 0.93046875 0.9765625 0.025 0.04375
0 0.90390625 0.87734375 0.02890625 0.0796875
0 0.08828125 0.48984375 0.04375 0.0359375