0 0.30859375 0.6109375 0.0421875 0.046875
0 0.51171875 0.68984375 0.04296875 0.0359375
0 0.67578125 0.66171875 0.040625 0.0484375
3 0.76640625 0.50625 0.0546875 0.128125
3 0.815625 0.35625 0.03203125 0.08125
0 0.70703125 0.47421875 0.0234375 0.0515625
3 0.9265625 0.034375 0.04140625 0.06875
0 0.7421875 0.91171875 0.025 0.0765625
0 0.38984375 0.86796875 0.04296875 0.0421875
0 0.43828125 0.953125 0.04140625 0.046875
2 0.45625 0.853125 0.09765625 0.084375
2 0.4484375 0.89921875 0.03984375 0.0359375