0 0.01796875 0.43984375 0.03515625 0.0578125
0 0.05859375 0.01875 0.0375 0.0375
0 0.09921875 0.04609375 0.034375 0.0484375
0 0.2390625 0.17734375 0.02890625 0.0453125
0 0.26875 0.20390625 0.0296875 0.0453125
0 0.434375 0.64609375 0.03671875 0.0546875
0 0.40390625 0.68984375 0.03984375 0.0515625
0 0.38046875 0.72578125 0.03984375 0.0484375
3 0.33984375 0.62890625 0.04921875 0.0609375
0 0.93515625 0.67578125 0.04609375 0.0359375
2 0.94453125 0.73359375 0.04765625 0.0359375
0 0.98828125 0.66171875 0.021875 0.0328125
0 0.990625 0.72265625 0.01796875 0.0296875
2 0.9453125 0.78671875 0.10703125 0.0578125
0 0.38984375 0.3109375 0.03515625 0.04375