2 0.01796875 0.7625 0.0359375 0.06875
2 0.07109375 0.88671875 0.04609375 0.0921875
0 0.2484375 0.83125 0.0328125 0.046875
0 0.21953125 0.86171875 0.02890625 0.0484375
0 0.5609375 0.9203125 0.0359375 0.05625
0 0.55390625 0.86640625 0.03671875 0.0578125
0 0.5484375 0.79609375 0.03671875 0.0578125
3 0.49609375 0.93046875 0.04375 0.0703125
2 0.86640625 0.1046875 0.07421875 0.18125
2 0.8125 0.21015625 0.028125 0.0703125
0 0.73984375 0.2609375 0.03359375 0.071875
0 0.8015625 0.07109375 0.028125 0.0734375
0 0.8484375 0.03359375 0.02890625 0.0671875
0 0.36171875 0.69296875 0.0359375 0.0609375