0 0.0546875 0.5359375 0.04375 0.034375
0 0.0140625 0.0953125 0.028125 0.0375
0 0.053125 0.10234375 0.03671875 0.0359375
0 0.21875 0.13046875 0.03515625 0.0359375
0 0.25390625 0.1359375 0.03359375 0.03125
2 0.09921875 0.0234375 0.0265625 0.046875
0 0.3890625 0.15703125 0.03671875 0.0359375
0 0.67578125 0.5203125 0.04140625 0.034375
0 0.875 0.49140625 0.040625 0.0390625
0 0.94765625 0.36875 0.04140625 0.04375
2 0.9796875 0.18984375 0.03984375 0.0578125
0 0.95234375 0.809375 0.0203125 0.059375
0 0.7859375 0.86953125 0.03046875 0.0734375
0 0.89609375 0.89375 0.02578125 0.075
0 0.9109375 0.98359375 0.021875 0.0296875