6 0.175 0.534375 0.08828125 0.075
2 0.35234375 0.5921875 0.053125 0.053125
0 0.3734375 0.64140625 0.0421875 0.0359375
0 0.2921875 0.67421875 0.04140625 0.0421875
0 0.20859375 0.7140625 0.03984375 0.040625
0 0.23515625 0.4328125 0.03359375 0.034375
0 0.07734375 0.49140625 0.03203125 0.0359375
0 0.11015625 0.4796875 0.03046875 0.034375
0 0.79921875 0.08828125 0.02265625 0.0421875
0 0.66875 0.36015625 0.021875 0.0578125
3 0.725 0.16484375 0.02890625 0.0515625
0 0.81015625 0.759375 0.0328125 0.065625
0 0.83203125 0.65703125 0.025 0.0453125
0 0.85703125 0.85 0.034375 0.071875
0 0.90234375 0.94765625 0.0390625 0.0734375
6 0.68671875 0.6671875 0.06015625 0.178125