2 0.02109375 0.671875 0.0421875 0.075
2 0.078125 0.7953125 0.0484375 0.09375
0 0.08828125 0.9296875 0.0328125 0.05
0 0.05078125 0.97265625 0.0359375 0.0515625
0 0.25234375 0.73984375 0.0296875 0.0453125
0 0.22265625 0.76953125 0.03046875 0.0453125
3 0.49765625 0.83671875 0.0421875 0.0671875
0 0.5609375 0.82734375 0.0375 0.0546875
0 0.5546875 0.7734375 0.03515625 0.059375
0 0.54921875 0.70234375 0.0375 0.0578125
0 0.7921875 0.0296875 0.03203125 0.059375
2 0.83125 0.025 0.028125 0.05
2 0.8625 0.0390625 0.04765625 0.078125
0 0.3640625 0.60625 0.03515625 0.05