0 0.13515625 0.4828125 0.0296875 0.034375
0 0.10390625 0.49375 0.03203125 0.034375
0 0.25859375 0.43671875 0.03515625 0.0328125
0 0.2640625 0.6453125 0.04296875 0.040625
0 0.23125 0.715625 0.04296875 0.040625
0 0.315625 0.68046875 0.0421875 0.0390625
0 0.34921875 0.728125 0.04140625 0.040625
0 0.396875 0.64765625 0.0375 0.0390625
2 0.375 0.60078125 0.053125 0.0515625
0 0.43828125 0.43125 0.03203125 0.040625
3 0.6359375 0.56328125 0.021875 0.0734375
0 0.6984375 0.63203125 0.02109375 0.0609375
0 0.92421875 0.9671875 0.0359375 0.0625
0 0.83046875 0.78125 0.034375 0.06875
0 0.878125 0.871875 0.0375 0.071875
0 0.85390625 0.67734375 0.0265625 0.0484375
6 0.85234375 0.0546875 0.0765625 0.109375