0 0.06640625 0.11875 0.04296875 0.040625
0 0.4765625 0.090625 0.04140625 0.034375
0 0.6421875 0.23359375 0.04140625 0.0515625
0 0.66640625 0.12109375 0.04140625 0.0359375
0 0.71796875 0.0515625 0.04140625 0.0375
2 0.875 0.02265625 0.05703125 0.0453125
0 0.8453125 0.1140625 0.04140625 0.040625
0 0.959375 0.41484375 0.01953125 0.0578125
0 0.90390625 0.496875 0.02265625 0.078125
0 0.921875 0.60546875 0.0234375 0.0734375
3 0.95703125 0.909375 0.0390625 0.1375
6 0.83984375 0.90078125 0.0421875 0.1953125
0 0.934375 0.71875 0.02578125 0.075
0 0.93203125 0.96796875 0.025 0.0609375