2 0.0328125 0.24609375 0.02890625 0.0671875
3 0.05390625 0.17734375 0.02578125 0.0609375
2 0.040625 0.35625 0.02578125 0.090625
0 0.0078125 0.46015625 0.015625 0.0328125
0 0.303125 0.4015625 0.03203125 0.03125
0 0.18203125 0.4265625 0.03203125 0.03125
0 0.1515625 0.43046875 0.03046875 0.0296875
0 0.31953125 0.6015625 0.04140625 0.034375
0 0.3921875 0.45078125 0.03515625 0.0359375
0 0.428125 0.63359375 0.0390625 0.0359375
0 0.34609375 0.65234375 0.04140625 0.0359375
0 0.38671875 0.70078125 0.04140625 0.0359375
0 0.2609375 0.671875 0.04140625 0.040625
2 0.40859375 0.58125 0.05078125 0.046875
0 0.0078125 0.82109375 0.015625 0.0390625
0 0.8578125 0.84609375 0.0296875 0.0734375
0 0.90078125 0.9484375 0.034375 0.075
0 0.8859375 0.7453125 0.02578125 0.05
3 0.68359375 0.6671875 0.0265625 0.078125
0 0.74921875 0.78515625 0.0234375 0.0671875
6 0.87421875 0.16171875 0.084375 0.1390625