0 0.096875 0.51015625 0.03359375 0.0359375
0 0.13046875 0.49765625 0.03359375 0.0359375
0 0.25390625 0.44765625 0.03359375 0.0390625
0 0.096875 0.72734375 0.04453125 0.0421875
0 0.228125 0.73046875 0.04296875 0.0453125
0 0.3125 0.69140625 0.040625 0.0359375
0 0.3953125 0.65390625 0.04140625 0.0390625
0 0.24375 0.78203125 0.04375 0.0453125
2 0.371875 0.60625 0.05390625 0.05625
0 0.70546875 0.17734375 0.02734375 0.0453125
0 0.70625 0.3046875 0.025 0.046875
3 0.6578125 0.33046875 0.0296875 0.0609375
0 0.828125 0.7671875 0.03359375 0.065625
0 0.69375 0.7015625 0.0265625 0.065625
0 0.87734375 0.8546875 0.034375 0.071875
0 0.925 0.95546875 0.0390625 0.0765625
0 0.84921875 0.6640625 0.0265625 0.046875