0 0.8953125 0.31640625 0.0421875 0.0421875
0 0.8296875 0.425 0.04296875 0.0375
0 0.62890625 0.428125 0.04140625 0.034375
0 0.765625 0.69296875 0.0359375 0.0734375
0 0.90625 0.80234375 0.021875 0.0765625
0 0.92578125 0.915625 0.02578125 0.075
0 0.9609375 0.72109375 0.02109375 0.0609375
0 0.065625 0.4421875 0.046875 0.0375
0 0.065625 0.01171875 0.04140625 0.0234375
0 0.01953125 0.009375 0.0390625 0.01875
0 0.23046875 0.03515625 0.0390625 0.0359375
0 0.2671875 0.04375 0.03359375 0.034375
0 0.40234375 0.0671875 0.04140625 0.0375
2 0.98515625 0.10625 0.02734375 0.05