6 0.81015625 0.4671875 0.08359375 0.203125
0 0.26875 0.1828125 0.02734375 0.028125
0 0.296875 0.18828125 0.02734375 0.0265625
0 0.4140625 0.2078125 0.03203125 0.028125
0 0.0125 0.13828125 0.025 0.0296875
0 0.04609375 0.21796875 0.03515625 0.0328125
0 0.05078125 0.14296875 0.0375 0.0296875
0 0.090625 0.14765625 0.03515625 0.0328125
0 0.12890625 0.153125 0.03203125 0.03125
2 0.17734375 0.07109375 0.02265625 0.0859375
0 0.0890625 0.4890625 0.04140625 0.0375
0 0.34453125 0.45 0.0390625 0.034375
0 0.453125 0.41875 0.0390625 0.034375
0 0.5265625 0.4859375 0.03671875 0.034375
0 0.475 0.5328125 0.03984375 0.034375
0 0.4359375 0.46484375 0.03671875 0.0328125
2 0.5296875 0.4296875 0.0484375 0.046875
0 0.95078125 0.78515625 0.02109375 0.0515625
0 0.9046875 0.87109375 0.02890625 0.0796875
0 0.9328125 0.97421875 0.02734375 0.0484375