2 0.12890625 0.14453125 0.03203125 0.0828125
2 0.15625 0.04609375 0.01875 0.0640625
0 0.03671875 0.18984375 0.0296875 0.0359375
0 0.07109375 0.209375 0.02890625 0.034375
0 0.190625 0.2796875 0.028125 0.03125
0 0.21796875 0.296875 0.02578125 0.03125
0 0.3234375 0.35390625 0.03046875 0.0359375
6 0.4421875 0.51015625 0.078125 0.0796875
3 0.07734375 0.29140625 0.04453125 0.0515625
0 0.16015625 0.30859375 0.03671875 0.0421875
0 0.0109375 0.1765625 0.021875 0.03125
0 0.209375 0.5703125 0.03671875 0.04375
0 0.28359375 0.6125 0.0375 0.04375
0 0.35546875 0.65625 0.040625 0.046875
2 0.35390625 0.59375 0.0546875 0.0625
6 0.7328125 0.696875 0.09609375 0.11875
0 0.95546875 0.5859375 0.03671875 0.034375