0 0.903125 0.58984375 0.02265625 0.0765625
0 0.921875 0.703125 0.02265625 0.075
0 0.93515625 0.8140625 0.02265625 0.075
0 0.95703125 0.509375 0.0203125 0.053125
0 0.68359375 0.36484375 0.04296875 0.0515625
0 0.065625 0.2171875 0.04453125 0.034375
0 0.521875 0.19609375 0.040625 0.0390625
0 0.71875 0.2234375 0.04453125 0.03125
0 0.7734375 0.13984375 0.04296875 0.0390625
0 0.9046875 0.18203125 0.04140625 0.0421875
2 0.934375 0.0796875 0.05703125 0.0625
0 0.921875 0.97890625 0.0234375 0.0390625
3 0.9546875 0.96796875 0.0328125 0.0609375