0 0.11171875 0.4171875 0.0296875 0.028125
0 0.2328125 0.428125 0.03359375 0.028125
0 0.1515625 0.69375 0.04453125 0.03125
0 0.23828125 0.69609375 0.04296875 0.0328125
0 0.3171875 0.7015625 0.04140625 0.034375
2 0.30703125 0.6421875 0.05703125 0.04375
6 0.3265625 0.51328125 0.08359375 0.0578125
0 0.08125 0.41484375 0.02890625 0.0265625
2 0.00390625 0.1984375 0.0078125 0.075
3 0.02734375 0.12890625 0.01953125 0.0546875
6 0.6515625 0.6203125 0.0671875 0.165625
3 0.89921875 0.26484375 0.034375 0.0453125
0 0.803125 0.40703125 0.03203125 0.0421875