0 0.08046875 0.44140625 0.02890625 0.0296875
0 0.11171875 0.43984375 0.0296875 0.0328125
0 0.23515625 0.428125 0.03359375 0.025
6 0.28203125 0.503125 0.084375 0.059375
2 0.32890625 0.628125 0.0546875 0.046875
0 0.3421875 0.6828125 0.0390625 0.0375
0 0.1734375 0.703125 0.04140625 0.03125
0 0.2609375 0.69140625 0.04140625 0.0296875
6 0.64765625 0.62421875 0.04296875 0.1734375
0 0.74765625 0.371875 0.028125 0.05
3 0.8296875 0.21640625 0.03046875 0.0453125
0 0.9296875 0.1453125 0.025 0.040625
0 0.8140625 0.85234375 0.02109375 0.0515625
0 0.77734375 0.9515625 0.03046875 0.071875