5 0.50703125 0.3078125 0.06796875 0.071875
0 0.69453125 0.28203125 0.040625 0.0484375
2 0.47421875 0.45703125 0.10078125 0.0828125
2 0.48671875 0.5125 0.0390625 0.034375
0 0.42890625 0.4875 0.0390625 0.040625
0 0.4765625 0.5671875 0.04140625 0.04375
0 0.74296875 0.0828125 0.02734375 0.059375
0 0.77890625 0.171875 0.0328125 0.071875
0 0.81875 0.171875 0.0328125 0.071875
0 0.82890625 0.02421875 0.02734375 0.0484375
0 0.77734375 0.39609375 0.02109375 0.0796875
0 0.98515625 0.88359375 0.028125 0.0734375