0 0.0109375 0.02890625 0.02109375 0.0546875
0 0.1390625 0.15859375 0.0265625 0.0515625
0 0.22109375 0.31171875 0.03203125 0.0578125
0 0.26875 0.40546875 0.03203125 0.0609375
2 0.28125 0.35078125 0.0421875 0.0890625
0 0.259375 0.00859375 0.01953125 0.0171875
0 0.32734375 0.11875 0.02265625 0.04375
3 0.459375 0.41640625 0.040625 0.0640625
0 0.5609375 0.52265625 0.040625 0.0578125
6 0.5625 0.59375 0.07890625 0.103125
0 0.51796875 0.7640625 0.03515625 0.040625
0 0.44453125 0.8140625 0.0390625 0.05625
6 0.98359375 0.88984375 0.03203125 0.0609375