0 0.03203125 0.03515625 0.03046875 0.0515625
0 0.18046875 0.1921875 0.02890625 0.053125
0 0.25078125 0.32421875 0.03203125 0.0546875
0 0.29765625 0.41171875 0.03203125 0.0609375
3 0.43515625 0.35234375 0.04296875 0.0671875
2 0.31171875 0.35859375 0.04140625 0.0859375
0 0.35546875 0.1265625 0.0234375 0.040625
0 0.284375 0.01171875 0.01875 0.0234375
6 0.5625 0.57109375 0.0765625 0.1078125
0 0.52890625 0.45859375 0.03671875 0.0578125
0 0.49921875 0.8125 0.03671875 0.046875
0 0.43515625 0.88671875 0.03671875 0.0671875
6 0.95703125 0.8734375 0.08359375 0.084375