0 0.00546875 0.15625 0.0109375 0.028125
0 0.03515625 0.15703125 0.0390625 0.0296875
0 0.07578125 0.1609375 0.034375 0.03125
0 0.11484375 0.1671875 0.03203125 0.03125
0 0.21171875 0.26015625 0.0359375 0.0328125
0 0.25625 0.19140625 0.02890625 0.0296875
0 0.28515625 0.19609375 0.02734375 0.0296875
0 0.08125 0.50234375 0.04296875 0.0359375
0 0.33671875 0.459375 0.04140625 0.03125
0 0.425 0.41875 0.0390625 0.034375
0 0.41796875 0.46953125 0.03984375 0.0328125
2 0.49140625 0.42734375 0.05 0.0484375
0 0.49609375 0.48203125 0.0375 0.0359375
0 0.4640625 0.53359375 0.040625 0.0359375
0 0.403125 0.21328125 0.03203125 0.0296875
6 0.87109375 0.3234375 0.109375 0.153125
3 0.790625 0.92890625 0.0296875 0.0890625
0 0.90078125 0.86640625 0.028125 0.0828125
0 0.94609375 0.778125 0.021875 0.05625
0 0.928125 0.97265625 0.0265625 0.0515625
2 0.16171875 0.08125 0.025 0.090625