0 0.209375 0.49296875 0.0359375 0.0390625
0 0.0828125 0.5640625 0.03046875 0.04375
0 0.05 0.5828125 0.0328125 0.0375
0 0.11640625 0.7703125 0.04609375 0.046875
0 0.1984375 0.78359375 0.04296875 0.0515625
0 0.2828125 0.7265625 0.040625 0.04375
0 0.3625 0.67578125 0.0390625 0.0484375
0 0.25078125 0.809375 0.04453125 0.046875
2 0.3375 0.6359375 0.0546875 0.0625
0 0.59765625 0.23125 0.02734375 0.05
0 0.640625 0.34140625 0.015625 0.0484375
3 0.59296875 0.359375 0.0234375 0.065625
0 0.70078125 0.76484375 0.03046875 0.0640625
0 0.796875 0.71015625 0.03515625 0.0609375
0 0.846875 0.7875 0.03515625 0.0625
0 0.896875 0.875 0.0375 0.06875
0 0.81171875 0.6046875 0.02578125 0.04375