0 0.5453125 0.30234375 0.015625 0.0453125
0 0.6 0.31484375 0.01875 0.0609375
0 0.078125 0.559375 0.04140625 0.03125
0 0.23515625 0.54296875 0.03984375 0.0328125
0 0.378125 0.5125 0.03984375 0.034375
0 0.33125 0.77734375 0.04296875 0.0328125
2 0.60703125 0.2265625 0.02109375 0.065625
3 0.846875 0.53203125 0.04375 0.0390625
3 0.61484375 0.61484375 0.04375 0.0453125
0 0.7015625 0.6734375 0.03671875 0.04375
0 0.828125 0.73359375 0.040625 0.0484375
0 0.8640625 0.83046875 0.0328125 0.0453125
6 0.74609375 0.76640625 0.08984375 0.1109375