0 0.70546875 0.3984375 0.034375 0.053125
0 0.715625 0.43671875 0.03203125 0.0515625
0 0.72578125 0.4875 0.03359375 0.05
0 0.84765625 0.2734375 0.02578125 0.040625
0 0.790625 0.34453125 0.03203125 0.0453125
3 0.75625 0.3890625 0.0375 0.05625
6 0.78828125 0.40234375 0.0703125 0.1078125
2 0.278125 0.55859375 0.0390625 0.0640625
0 0.3265625 0.6140625 0.034375 0.053125
0 0.29140625 0.7078125 0.02578125 0.046875
3 0.13984375 0.1671875 0.03203125 0.046875
2 0.0265625 0.06484375 0.053125 0.0890625
0 0.92734375 0.08359375 0.02734375 0.0453125
0 0.98671875 0.4359375 0.025 0.040625