2 0.94609375 0.2453125 0.0515625 0.0625
0 0.79765625 0.30546875 0.0421875 0.0484375
0 0.75625 0.41328125 0.04140625 0.0578125
0 0.68359375 0.30859375 0.04375 0.0453125
0 0.72265625 0.5203125 0.03046875 0.065625
0 0.60078125 0.5859375 0.03203125 0.05625
0 0.61015625 0.2984375 0.04296875 0.040625
0 0.3453125 0.30390625 0.040625 0.0421875
3 0.49765625 0.3453125 0.03515625 0.034375
0 0.5453125 0.3828125 0.0421875 0.0375
0 0.31015625 0.53125 0.04296875 0.0375
0 0.36953125 0.53828125 0.03984375 0.0359375
0 0.096875 0.15625 0.0375 0.03125
0 0.1328125 0.1640625 0.03359375 0.034375
0 0.2671875 0.19453125 0.03984375 0.0359375
2 0.06015625 0.5234375 0.04765625 0.040625
0 0.81796875 0.87734375 0.01796875 0.0640625