0 0.90078125 0.25234375 0.0421875 0.0484375
0 0.8203125 0.25546875 0.04453125 0.0515625
0 0.80234375 0.3890625 0.04375 0.053125
0 0.73984375 0.29765625 0.04375 0.0421875
0 0.76796875 0.37109375 0.034375 0.0453125
0 0.74375 0.4625 0.0359375 0.059375
0 0.70546875 0.38046875 0.04140625 0.0453125
3 0.62109375 0.38515625 0.0375 0.0328125
0 0.2859375 0.56953125 0.04609375 0.0359375
0 0.34765625 0.578125 0.0375 0.0375
0 0.55546875 0.35078125 0.040625 0.0359375
0 0.07265625 0.1984375 0.03515625 0.0375
0 0.10703125 0.20703125 0.0359375 0.0328125
0 0.24296875 0.23515625 0.0375 0.0390625
0 0.79765625 0.91640625 0.01640625 0.0609375