0 0.08984375 0.31484375 0.03671875 0.0328125
0 0.125 0.6546875 0.046875 0.040625
0 0.19375 0.66640625 0.03984375 0.0359375
2 0.75703125 0.60078125 0.046875 0.0609375
0 0.6296875 0.50234375 0.03671875 0.0484375
0 0.6125 0.3875 0.03984375 0.040625
0 0.67421875 0.3953125 0.04140625 0.046875
0 0.69453125 0.44140625 0.04140625 0.0484375
0 0.703125 0.31953125 0.04140625 0.0484375
0 0.7734375 0.26015625 0.04140625 0.0515625
0 0.759375 0.3296875 0.0359375 0.046875
3 0.60546875 0.43984375 0.034375 0.0421875
0 0.91484375 0.20546875 0.0421875 0.0515625
0 0.6453125 0.9859375 0.01484375 0.025