0 0.8375 0.028125 0.03046875 0.05625
0 0.87109375 0.02109375 0.02734375 0.0421875
0 0.8375 0.15625 0.02890625 0.06875
0 0.78125 0.21953125 0.0296875 0.0671875
2 0.803125 0.35546875 0.02578125 0.0703125
0 0.69921875 0.4296875 0.03515625 0.06875
2 0.859375 0.2140625 0.07421875 0.178125
0 0.99140625 0.7625 0.015625 0.04375
0 0.3609375 0.775 0.034375 0.053125
2 0.0171875 0.84296875 0.034375 0.0703125
2 0.06953125 0.9578125 0.05390625 0.08125
0 0.24765625 0.9109375 0.03203125 0.046875
0 0.21796875 0.94296875 0.0296875 0.0484375
0 0.54921875 0.8765625 0.03984375 0.0625
0 0.5546875 0.94609375 0.03984375 0.0578125
0 0.565625 0.984375 0.03359375 0.028125