0 0.0921875 0.15 0.0359375 0.034375
0 0.1265625 0.15859375 0.03359375 0.0328125
0 0.2609375 0.1859375 0.0375 0.034375
0 0.30234375 0.5203125 0.046875 0.040625
0 0.36328125 0.53046875 0.03671875 0.0328125
0 0.8765625 0.2359375 0.04375 0.05
0 0.79296875 0.2359375 0.04140625 0.046875
0 0.79765625 0.35234375 0.0421875 0.0546875
0 0.70859375 0.265625 0.04296875 0.04375
0 0.7265625 0.3796875 0.0328125 0.05
0 0.74609375 0.4375 0.03515625 0.0625
0 0.6703125 0.34765625 0.046875 0.0390625
0 0.5015625 0.30234375 0.04140625 0.0359375
3 0.58984375 0.33828125 0.03671875 0.0328125
0 0.8125 0.8671875 0.0203125 0.059375