0 0.26640625 0.7078125 0.0265625 0.046875
2 0.253125 0.559375 0.0390625 0.059375
0 0.3015625 0.61875 0.034375 0.053125
2 0.59609375 0.8765625 0.03671875 0.0875
0 0.90625 0.08828125 0.02890625 0.0421875
0 0.8171875 0.28671875 0.025 0.0390625
0 0.7671875 0.35 0.03046875 0.046875
0 0.68125 0.40234375 0.03359375 0.0546875
0 0.69140625 0.44140625 0.03359375 0.0515625
0 0.7 0.4921875 0.03203125 0.04375
3 0.73046875 0.39375 0.0375 0.0625
6 0.76171875 0.4078125 0.07109375 0.109375
3 0.08203125 0.11796875 0.03359375 0.0484375
0 0.88203125 0.55703125 0.0265625 0.0390625
0 0.98359375 0.4140625 0.025 0.04375
0 0.96328125 0.43984375 0.0234375 0.0390625
0 0.984375 0.04375 0.02890625 0.040625