0 0.9421875 0.32109375 0.03046875 0.0390625
0 0.86015625 0.39921875 0.03515625 0.0421875
0 0.7640625 0.4390625 0.03515625 0.046875
0 0.77109375 0.47890625 0.03671875 0.0453125
0 0.78046875 0.53359375 0.03671875 0.0453125
6 0.85078125 0.459375 0.0796875 0.1
3 0.81875 0.4359375 0.0375 0.059375
2 0.17265625 0.0734375 0.05703125 0.090625
3 0.29140625 0.21875 0.0328125 0.059375
2 0.3296875 0.51171875 0.03671875 0.0703125
0 0.33203125 0.659375 0.0234375 0.05
0 0.37265625 0.57734375 0.0328125 0.0546875