0 0.40390625 0.271875 0.01484375 0.05
2 0.45703125 0.1828125 0.015625 0.075
0 0.46015625 0.26875 0.01484375 0.05625
3 0.72890625 0.38359375 0.03984375 0.0390625
3 0.55390625 0.5671875 0.040625 0.040625
0 0.634375 0.59375 0.0390625 0.0375
6 0.68359375 0.66171875 0.09375 0.0859375
0 0.7703125 0.61171875 0.0375 0.0359375
0 0.8015625 0.6828125 0.0328125 0.0375
0 0.07578125 0.67421875 0.04375 0.0390625
0 0.2140625 0.5953125 0.04140625 0.040625
0 0.340625 0.52734375 0.03984375 0.0359375
0 0.23359375 0.828125 0.04296875 0.040625