0 0.83984375 0.0953125 0.02890625 0.04375
0 0.8484375 0.13203125 0.02890625 0.0390625
0 0.73515625 0.30390625 0.02578125 0.0453125
0 0.69453125 0.3515625 0.0328125 0.04375
3 0.64921875 0.40390625 0.0359375 0.0578125
0 0.6015625 0.409375 0.03203125 0.05
0 0.603125 0.4578125 0.03203125 0.05
0 0.60390625 0.5203125 0.034375 0.05
6 0.68828125 0.41328125 0.07265625 0.1109375
0 0.90859375 0.4171875 0.025 0.034375
0 0.88671875 0.4453125 0.025 0.034375
2 0.65234375 0.6234375 0.040625 0.071875
0 0.18125 0.70703125 0.025 0.0453125
2 0.17421875 0.55859375 0.0390625 0.0609375
0 0.221875 0.61328125 0.0328125 0.0546875