2 0.31875 0.2 0.02109375 0.071875
0 0.275 0.309375 0.0125 0.046875
0 0.33046875 0.28203125 0.01875 0.0578125
3 0.62578125 0.28984375 0.0375 0.0453125
3 0.49921875 0.54296875 0.04140625 0.0359375
0 0.31328125 0.54765625 0.0390625 0.0453125
0 0.09375 0.75078125 0.04375 0.0515625
0 0.20234375 0.6375 0.04140625 0.046875
0 0.1390625 0.9390625 0.04609375 0.059375
0 0.71484375 0.52109375 0.0359375 0.0328125
0 0.73828125 0.57734375 0.03046875 0.0296875
0 0.57421875 0.54765625 0.03671875 0.0296875
6 0.628125 0.596875 0.0890625 0.059375
0 0.93125 0.9015625 0.03515625 0.034375
0 0.96640625 0.90625 0.03359375 0.034375