0 0.0203125 0.25703125 0.03515625 0.0359375
0 0.05625 0.26484375 0.03515625 0.0359375
0 0.2359375 0.63203125 0.04296875 0.0390625
0 0.296875 0.64140625 0.0375 0.0296875
0 0.746875 0.9765625 0.01640625 0.04375
0 0.7328125 0.39921875 0.040625 0.0453125
0 0.62734375 0.39375 0.040625 0.034375
3 0.65234375 0.43203125 0.03359375 0.0328125
0 0.715625 0.49296875 0.03671875 0.0546875
0 0.78125 0.42421875 0.040625 0.0515625
0 0.803125 0.353125 0.034375 0.046875
0 0.76015625 0.31953125 0.03984375 0.0453125
0 0.8375 0.26484375 0.040625 0.0484375
0 0.93046875 0.24609375 0.040625 0.0484375
2 0.96640625 0.4828125 0.04921875 0.059375
0 0.19375 0.29296875 0.0390625 0.0328125