2 0.03046875 0.01796875 0.02734375 0.0359375
0 0.01015625 0.01796875 0.01875 0.0359375
0 0.14375 0.13671875 0.02734375 0.0484375
0 0.14296875 0.30546875 0.034375 0.0453125
0 0.0375 0.44765625 0.03671875 0.0515625
0 0.31328125 0.40703125 0.03515625 0.0421875
0 0.44453125 0.71953125 0.034375 0.0484375
0 0.8859375 0.91484375 0.040625 0.0609375
0 0.79453125 0.871875 0.04140625 0.053125
0 0.9453125 0.68046875 0.02578125 0.0421875
3 0.6875 0.77421875 0.046875 0.0578125
6 0.84140625 0.96015625 0.07578125 0.0765625
0 0.99296875 0.74453125 0.0125 0.0484375