0 0.22265625 0.271875 0.0390625 0.034375
0 0.0515625 0.2328125 0.0359375 0.034375
0 0.0859375 0.24140625 0.03671875 0.0328125
0 0.265625 0.6078125 0.04609375 0.0375
0 0.3265625 0.6171875 0.03671875 0.03125
0 0.9203125 0.25390625 0.040625 0.0484375
0 0.8375 0.26484375 0.040625 0.0546875
0 0.75703125 0.31484375 0.0421875 0.0453125
0 0.79453125 0.36171875 0.034375 0.0453125
0 0.79765625 0.40859375 0.04140625 0.0515625
0 0.72890625 0.39921875 0.04140625 0.0515625
0 0.73359375 0.48046875 0.0375 0.0578125
0 0.60078125 0.38046875 0.03984375 0.0359375
3 0.64375 0.4171875 0.03671875 0.0375
0 0.7765625 0.9578125 0.01796875 0.059375