0 0.03046875 0.18046875 0.0328125 0.0390625
0 0.12890625 0.0984375 0.028125 0.04375
0 0.215625 0.3484375 0.034375 0.05
0 0.3796875 0.44296875 0.0359375 0.0453125
0 0.36875 0.63359375 0.034375 0.0515625
3 0.71796875 0.78828125 0.046875 0.0578125
0 0.61875 0.97265625 0.03984375 0.0515625
0 0.82421875 0.89453125 0.04140625 0.0578125
0 0.92578125 0.96640625 0.040625 0.0640625
0 0.97734375 0.7078125 0.03203125 0.065625
0 0.92109375 0.64765625 0.0234375 0.0453125
6 0.85390625 0.971875 0.05078125 0.053125