0 0.06171875 0.11796875 0.015625 0.0515625
0 0.06015625 0.271875 0.01796875 0.059375
0 0.1578125 0.0390625 0.01640625 0.053125
0 0.1359375 0.515625 0.028125 0.065625
0 0.346875 0.45390625 0.0265625 0.0328125
0 0.41484375 0.5515625 0.0375 0.0375
0 0.38046875 0.60234375 0.03671875 0.0296875
0 0.35 0.54609375 0.03671875 0.0328125
0 0.32578125 0.59453125 0.0359375 0.0296875
6 0.57578125 0.575 0.1828125 0.075
0 0.6171875 0.73125 0.0359375 0.034375
3 0.17890625 0.22265625 0.0265625 0.0671875
6 0.0859375 0.084375 0.03046875 0.16875
6 0.0828125 0.93671875 0.06328125 0.1234375
0 0.02734375 0.475 0.021875 0.0625