6 0.646875 0.8421875 0.17890625 0.0875
6 0.23359375 0.92734375 0.06328125 0.1421875
6 0.19453125 0.43671875 0.0296875 0.1578125
0 0.16875 0.52734375 0.01640625 0.0484375
0 0.165625 0.58671875 0.02109375 0.0515625
0 0.29453125 0.08046875 0.00859375 0.0234375
0 0.27265625 0.11640625 0.0125 0.0234375
3 0.27890625 0.25625 0.01796875 0.04375
0 0.428125 0.81796875 0.0375 0.0390625
0 0.42421875 0.73515625 0.025 0.0265625
0 0.4890625 0.82421875 0.0359375 0.0390625
0 0.4015625 0.86171875 0.03359375 0.0265625
0 0.45859375 0.8671875 0.0328125 0.028125
0 0.20546875 0.3171875 0.015625 0.046875
0 0.25703125 0.45234375 0.0140625 0.0453125
0 0.92734375 0.896875 0.03515625 0.03125