5 0.30859375 0.96015625 0.07109375 0.0765625
6 0.21953125 0.38984375 0.02578125 0.1453125
6 0.66015625 0.76875 0.16875 0.075
0 0.44921875 0.74296875 0.03046875 0.0359375
0 0.50859375 0.7484375 0.03984375 0.0375
0 0.44375 0.6671875 0.02578125 0.034375
0 0.42265625 0.7875 0.03203125 0.034375
0 0.47421875 0.79296875 0.034375 0.0328125
0 0.19453125 0.47890625 0.015625 0.0546875
0 0.19453125 0.5296875 0.01640625 0.05
0 0.22890625 0.2765625 0.01484375 0.040625
0 0.28203125 0.2171875 0.01484375 0.040625
6 0.28671875 0.70234375 0.0421875 0.1953125
0 0.853125 0.81328125 0.03671875 0.0296875
3 0.29921875 0.06171875 0.0109375 0.0359375