5 0.5359375 0.89140625 0.075 0.0640625
0 0.52578125 0.7546875 0.0328125 0.040625
0 0.58203125 0.7625 0.0375 0.034375
0 0.54609375 0.8 0.03515625 0.034375
0 0.49765625 0.79609375 0.0328125 0.0265625
6 0.3640625 0.53515625 0.0296875 0.1640625
6 0.28203125 0.38984375 0.021875 0.1296875
0 0.259375 0.4765625 0.0140625 0.04375
0 0.259375 0.52890625 0.0140625 0.0453125
0 0.28671875 0.27734375 0.0125 0.0359375
6 0.73671875 0.78515625 0.17265625 0.0828125
0 0.88984375 0.82734375 0.03359375 0.0328125
0 0.3359375 0.06015625 0.0109375 0.0328125