0 0.9 0.8359375 0.03359375 0.025
6 0.25859375 0.8515625 0.06328125 0.21875
6 0.21171875 0.40703125 0.028125 0.1359375
6 0.65703125 0.7875 0.1703125 0.084375
0 0.44453125 0.7625 0.03203125 0.03125
0 0.4390625 0.6875 0.02109375 0.025
0 0.41875 0.80546875 0.03203125 0.0265625
0 0.47109375 0.8109375 0.03359375 0.028125
0 0.503125 0.77109375 0.03359375 0.0359375
0 0.22265625 0.28984375 0.01484375 0.0390625
0 0.27734375 0.34765625 0.01328125 0.0390625
0 0.1859375 0.4890625 0.01484375 0.046875
0 0.18671875 0.54453125 0.01484375 0.0453125
0 0.28515625 0.0359375 0.01171875 0.025
0 0.30703125 0.01484375 0.009375 0.0203125
3 0.2921875 0.1703125 0.0125 0.046875