6 0.1234375 0.27578125 0.0296875 0.1609375
6 0.59765625 0.7328125 0.18203125 0.090625
0 0.7375 0.90234375 0.0359375 0.0265625
0 0.37109375 0.61328125 0.02890625 0.0296875
0 0.3734375 0.7046875 0.0359375 0.03125
0 0.4390625 0.71015625 0.040625 0.0390625
0 0.34765625 0.75234375 0.034375 0.0296875
0 0.4015625 0.75390625 0.03671875 0.0296875
0 0.1828125 0.56875 0.0203125 0.06875
0 0.23359375 0.05546875 0.0140625 0.0390625
0 0.1984375 0.14140625 0.01953125 0.0390625
0 0.1359375 0.08828125 0.01875 0.0515625
0 0.0984375 0.33125 0.01953125 0.053125
0 0.09375 0.44375 0.01796875 0.053125
0 0.040625 0.71640625 0.025 0.0578125
3 0.21171875 0.30703125 0.01875 0.0578125
6 0.128125 0.98359375 0.04375 0.0296875