5 0.365625 0.93359375 0.0765625 0.0953125
0 0.46328125 0.74765625 0.03359375 0.0328125
0 0.52265625 0.7546875 0.03515625 0.034375
0 0.43515625 0.7859375 0.0375 0.03125
0 0.4859375 0.7921875 0.0328125 0.028125
6 0.67265625 0.77578125 0.1703125 0.0828125
0 0.85078125 0.81640625 0.03359375 0.0296875
0 0.20703125 0.475 0.01484375 0.046875
0 0.20625 0.5234375 0.01640625 0.04375
0 0.23984375 0.278125 0.0140625 0.04375
3 0.31015625 0.015625 0.01640625 0.03125
0 0.29453125 0.159375 0.0125 0.034375
6 0.23125 0.38828125 0.025 0.1359375
6 0.3046875 0.63828125 0.03203125 0.1796875
0 0.45703125 0.66953125 0.02109375 0.0234375