0 0.271875 0.25078125 0.034375 0.0515625
0 0.3828125 0.2484375 0.0375 0.06875
0 0.36015625 0.26640625 0.0375 0.0609375
0 0.3484375 0.2953125 0.03515625 0.065625
0 0.334375 0.321875 0.03515625 0.059375
0 0.3203125 0.34921875 0.03671875 0.0640625
0 0.3078125 0.384375 0.03515625 0.0625
0 0.43515625 0.4265625 0.034375 0.0625
0 0.47421875 0.4828125 0.0359375 0.059375
0 0.45703125 0.509375 0.0359375 0.0625
0 0.44453125 0.54453125 0.0390625 0.0640625
0 0.4328125 0.57421875 0.0390625 0.0640625
0 0.48828125 0.68125 0.034375 0.071875
0 0.5109375 0.70859375 0.03203125 0.0703125
0 0.41796875 0.60546875 0.0359375 0.0578125
0 0.40390625 0.6375 0.03671875 0.065625
0 0.3921875 0.671875 0.03515625 0.0625
0 0.375 0.6984375 0.034375 0.065625
0 0.3578125 0.725 0.0390625 0.065625
0 0.24375 0.96640625 0.040625 0.0640625
0 0.13046875 0.7453125 0.0375 0.0625
0 0.08984375 0.80078125 0.03359375 0.0609375
0 0.16953125 0.69453125 0.028125 0.0515625
0 0.18046875 0.65546875 0.040625 0.0703125
0 0.21171875 0.6078125 0.028125 0.053125
0 0.22578125 0.571875 0.025 0.04375
0 0.23828125 0.54140625 0.028125 0.0390625
0 0.246875 0.5 0.02890625 0.046875
0 0.265625 0.4765625 0.0390625 0.059375
0 0.28984375 0.4578125 0.02578125 0.040625
0 0.2953125 0.41796875 0.03046875 0.0546875
0 0.22890625 0.84765625 0.03671875 0.0640625
0 0.24453125 0.81796875 0.0390625 0.0640625
0 0.26015625 0.78515625 0.0390625 0.0703125
0 0.27578125 0.7578125 0.0390625 0.0625
0 0.290625 0.728125 0.0359375 0.0625
0 0.30625 0.69453125 0.03359375 0.0671875
0 0.31875 0.66484375 0.0359375 0.0640625
0 0.3375 0.63671875 0.034375 0.0640625
0 0.35234375 0.60703125 0.03515625 0.0578125
0 0.38203125 0.54765625 0.0390625 0.0578125
0 0.3703125 0.58046875 0.03359375 0.0609375
0 0.39375 0.509375 0.034375 0.0625
0 0.4078125 0.4828125 0.034375 0.059375
0 0.42109375 0.45546875 0.03515625 0.0546875
0 0.2546875 0.9375 0.0359375 0.0625
0 0.26875 0.90625 0.03515625 0.0625
0 0.28359375 0.8734375 0.0359375 0.065625
0 0.3015625 0.84765625 0.0359375 0.0640625
0 0.3140625 0.8171875 0.034375 0.059375
0 0.32890625 0.78515625 0.03671875 0.0671875
0 0.34375 0.75703125 0.0359375 0.0640625