0 0.00859375 0.68984375 0.0171875 0.0328125
0 0.09296875 0.690625 0.0421875 0.034375
0 0.14765625 0.684375 0.0390625 0.03125
0 0.2328125 0.659375 0.04296875 0.034375
0 0.11875 0.184375 0.0421875 0.034375
0 0.11875 0.25703125 0.040625 0.0296875
0 0.1203125 0.29375 0.03984375 0.028125
0 0.015625 0.3546875 0.03046875 0.0375
0 0.37578125 0.121875 0.0421875 0.034375
2 0.36171875 0.0359375 0.04375 0.05
2 0.3609375 0.00546875 0.04375 0.0109375
0 0.590625 0.6890625 0.04140625 0.034375
0 0.9203125 0.94453125 0.04921875 0.0421875
0 0.9875 0.80859375 0.0234375 0.0328125
0 0.984375 0.84921875 0.02890625 0.0359375
0 0.98359375 0.8875 0.03046875 0.03125
0 0.98671875 0.9265625 0.02578125 0.03125
0 0.98515625 0.96171875 0.02734375 0.0328125