2 0.36953125 0.11875 0.02734375 0.08125
2 0.13359375 0.2140625 0.028125 0.06875
3 0.4015625 0.0390625 0.02109375 0.071875
0 0.1375 0.28125 0.0328125 0.028125
0 0.17734375 0.309375 0.03515625 0.034375
0 0.2234375 0.3203125 0.0421875 0.040625
0 0.2671875 0.33828125 0.0359375 0.0421875
0 0.30859375 0.35625 0.0359375 0.0375
0 0.4625 0.42265625 0.0328125 0.0390625
0 0.49453125 0.434375 0.03046875 0.04375
0 0.32421875 0.6921875 0.046875 0.040625
0 0.76328125 0.821875 0.046875 0.040625
0 0.7546875 0.88125 0.04296875 0.040625
0 0.6703125 0.84296875 0.04375 0.0484375
0 0.653125 0.88515625 0.04140625 0.0421875
0 0.62109375 0.48984375 0.0375 0.0390625
0 0.26328125 0.77109375 0.04296875 0.0421875
6 0.33046875 0.47578125 0.15546875 0.1046875