0 0.2390625 0.40078125 0.0375 0.0421875
0 0.34140625 0.3296875 0.04375 0.053125
0 0.32578125 0.36015625 0.03671875 0.0453125
0 0.31796875 0.39375 0.0375 0.05
0 0.309375 0.4296875 0.0390625 0.046875
0 0.30078125 0.46015625 0.0390625 0.0484375
0 0.2953125 0.5 0.03984375 0.05
0 0.2875 0.5359375 0.03515625 0.046875
0 0.2890625 0.5828125 0.0265625 0.0375
0 0.2703125 0.61171875 0.03671875 0.0484375
0 0.25625 0.64296875 0.02890625 0.0359375
0 0.2578125 0.6890625 0.0296875 0.0375
0 0.24921875 0.72578125 0.02734375 0.0421875
0 0.24375 0.7625 0.0296875 0.040625
0 0.22421875 0.83046875 0.04453125 0.0515625
0 0.21953125 0.8796875 0.028125 0.0375
0 0.190625 0.93671875 0.04375 0.0515625
0 0.42265625 0.46875 0.0359375 0.046875
0 0.4703125 0.50078125 0.0421875 0.0515625
0 0.459375 0.5359375 0.04140625 0.046875
0 0.4078125 0.540625 0.03984375 0.05
0 0.41484375 0.50546875 0.03671875 0.0453125
0 0.4546875 0.5734375 0.0421875 0.05
0 0.44765625 0.60859375 0.0421875 0.0484375
0 0.43984375 0.64765625 0.0390625 0.0515625
0 0.43203125 0.68828125 0.03984375 0.0546875
0 0.4265625 0.7234375 0.03671875 0.05
0 0.41484375 0.76171875 0.0390625 0.0484375
0 0.403125 0.79453125 0.04140625 0.0484375
0 0.340625 0.8328125 0.040625 0.05625
0 0.346875 0.7953125 0.0390625 0.046875
0 0.35625 0.759375 0.0375 0.05
0 0.36640625 0.72421875 0.03984375 0.0578125
0 0.3765625 0.68828125 0.0390625 0.0484375
0 0.3859375 0.6515625 0.0390625 0.046875
0 0.39453125 0.615625 0.040625 0.046875
0 0.4 0.5734375 0.04140625 0.05
0 0.39609375 0.83203125 0.040625 0.0546875
0 0.3859375 0.8671875 0.040625 0.046875
0 0.37890625 0.90234375 0.03671875 0.0484375
0 0.36953125 0.940625 0.0375 0.053125
0 0.32109375 0.90390625 0.04296875 0.0546875
0 0.33203125 0.86953125 0.03984375 0.0515625
0 0.3125 0.94375 0.0390625 0.053125
0 0.35859375 0.9734375 0.0421875 0.05
0 0.5203125 0.68125 0.0265625 0.078125
0 0.54453125 0.69296875 0.0234375 0.0671875
0 0.3015625 0.97578125 0.03984375 0.0453125