6 0.1171875 0.765625 0.16796875 0.103125
3 0.20625 0.24375 0.034375 0.06875
2 0.19765625 0.3484375 0.0328125 0.084375
0 0.1921875 0.02734375 0.034375 0.0515625
0 0.01328125 0.690625 0.0265625 0.034375
0 0.05546875 0.6828125 0.0359375 0.040625
0 0.10390625 0.6578125 0.04140625 0.04375
0 0.15078125 0.63984375 0.040625 0.0421875
0 0.1953125 0.62421875 0.0359375 0.0390625
0 0.521875 0.5015625 0.0359375 0.0375
0 0.3921875 0.5515625 0.0328125 0.034375
0 0.35859375 0.5625 0.03046875 0.0375
0 0.7921875 0.66640625 0.04296875 0.0484375
0 0.74140625 0.75625 0.0421875 0.0375
0 0.6578125 0.78671875 0.040625 0.0421875
0 0.6453125 0.84453125 0.0359375 0.0390625
0 0.4 0.8828125 0.04375 0.04375
0 0.83046875 0.4078125 0.040625 0.046875