0 0.2859375 0.7359375 0.0421875 0.03125
0 0.3640625 0.59765625 0.04375 0.0296875
0 0.35546875 0.6390625 0.04140625 0.034375
0 0.3578125 0.7140625 0.0390625 0.034375
0 0.35625 0.675 0.04140625 0.03125
0 0.35703125 0.75 0.040625 0.034375
0 0.3625 0.79140625 0.0421875 0.0359375
0 0.3625 0.83125 0.040625 0.03125
0 0.375 0.86953125 0.02578125 0.0328125
0 0.36796875 0.909375 0.028125 0.03125
0 0.35625 0.95234375 0.0328125 0.0328125
0 0.365625 0.984375 0.0375 0.028125
0 0.47109375 0.665625 0.03671875 0.034375
0 0.5203125 0.6640625 0.04140625 0.03125
0 0.51953125 0.70390625 0.04140625 0.0328125
0 0.52265625 0.7421875 0.04453125 0.025
0 0.5265625 0.78125 0.03984375 0.03125
0 0.60859375 0.790625 0.02109375 0.078125
0 0.634375 0.784375 0.01875 0.071875
0 0.52890625 0.8609375 0.04296875 0.028125
0 0.5265625 0.81953125 0.03984375 0.0359375
0 0.471875 0.7078125 0.0375 0.034375
0 0.47265625 0.7484375 0.04375 0.03125
0 0.475 0.82109375 0.04140625 0.0296875
0 0.48046875 0.8625 0.0421875 0.034375
0 0.478125 0.90390625 0.0390625 0.0328125
0 0.53359375 0.90078125 0.03984375 0.0359375
0 0.53046875 0.94453125 0.03984375 0.0359375
0 0.528125 0.9796875 0.04453125 0.028125
0 0.478125 0.93984375 0.040625 0.0390625
0 0.478125 0.9828125 0.04140625 0.03125