2 0.11875 0.25078125 0.0265625 0.0765625
2 0.35625 0.15 0.0203125 0.08125
3 0.3875 0.06171875 0.02109375 0.0765625
0 0.1234375 0.32109375 0.0328125 0.0328125
0 0.16328125 0.34921875 0.03359375 0.0359375
0 0.20859375 0.3609375 0.03984375 0.0375
0 0.253125 0.3734375 0.0375 0.034375
0 0.29453125 0.390625 0.0359375 0.040625
6 0.2578125 0.48671875 0.15546875 0.1015625
0 0.6109375 0.515625 0.03984375 0.034375
0 0.44921875 0.453125 0.02890625 0.034375
0 0.48125 0.46484375 0.03046875 0.0359375
0 0.36796875 0.75 0.04140625 0.046875
0 0.253125 0.8171875 0.04375 0.053125
0 0.78828125 0.8546875 0.046875 0.046875
0 0.75078125 0.90546875 0.04296875 0.0421875
0 0.66640625 0.8703125 0.04140625 0.04375
0 0.6453125 0.91484375 0.03671875 0.0390625