0 0.10234375 0.58046875 0.04375 0.0453125
0 0.309375 0.25234375 0.03203125 0.0390625
0 0.33984375 0.26640625 0.0296875 0.0390625
0 0.46640625 0.32265625 0.0390625 0.0421875
0 0.028125 0.13359375 0.03515625 0.0359375
0 0.0734375 0.146875 0.04140625 0.0375
0 0.115625 0.16328125 0.03984375 0.0453125
0 0.1578125 0.18046875 0.03359375 0.0421875
6 0.39375 0.39609375 0.14765625 0.1046875
0 0.4578125 0.63515625 0.03984375 0.0390625
0 0.5453125 0.62109375 0.04375 0.0453125
0 0.58203125 0.69296875 0.04296875 0.0421875
0 0.48359375 0.696875 0.03515625 0.0375
0 0.91015625 0.653125 0.0390625 0.046875