0 0.43671875 0.0234375 0.021875 0.046875
0 0.45625 0.2140625 0.021875 0.05625
0 0.48203125 0.43828125 0.02109375 0.0703125
0 0.334375 0.3140625 0.01953125 0.06875
0 0.50234375 0.7390625 0.01875 0.084375
0 0.70234375 0.71640625 0.0421875 0.0359375
0 0.6984375 0.60703125 0.03515625 0.0359375
0 0.77734375 0.72109375 0.04765625 0.0390625
0 0.85625 0.778125 0.04140625 0.034375
0 0.92734375 0.784375 0.0421875 0.0375
0 0.71171875 0.76640625 0.0390625 0.0328125
0 0.78515625 0.76953125 0.04453125 0.0328125
2 0.8421875 0.7203125 0.05078125 0.0375