2 0.12578125 0.178125 0.0296875 0.078125
2 0.36171875 0.0875 0.0265625 0.078125
0 0.1296875 0.246875 0.0328125 0.028125
0 0.16875 0.2765625 0.03671875 0.0375
0 0.21484375 0.28671875 0.04375 0.0390625
0 0.2578125 0.30390625 0.03984375 0.0390625
0 0.2984375 0.321875 0.03359375 0.0375
0 0.4515625 0.39296875 0.034375 0.0359375
0 0.48515625 0.40546875 0.03046875 0.0390625
0 0.61171875 0.459375 0.0328125 0.040625
0 0.2546875 0.6265625 0.04765625 0.040625
0 0.253125 0.73515625 0.04140625 0.0484375
0 0.728125 0.78046875 0.04609375 0.0421875
0 0.73984375 0.846875 0.04296875 0.040625
0 0.65390625 0.8046875 0.04140625 0.040625
0 0.63984375 0.85 0.0375 0.040625