0 0.7234375 0.81328125 0.04296875 0.0453125
0 0.73125 0.70703125 0.03203125 0.0328125
0 0.72578125 0.86953125 0.04140625 0.0390625
0 0.50390625 0.90234375 0.021875 0.0796875
0 0.3890625 0.25390625 0.01875 0.0703125
0 0.52265625 0.165625 0.0203125 0.06875
0 0.5328125 0.38125 0.01796875 0.059375
0 0.5265625 0.596875 0.0203125 0.071875
0 0.79921875 0.84296875 0.04453125 0.0453125
0 0.80234375 0.89375 0.04765625 0.04375
2 0.865625 0.86171875 0.05625 0.0484375
0 0.8734375 0.9171875 0.04140625 0.046875