0 0.00859375 0.584375 0.0171875 0.071875
0 0.0296875 0.5890625 0.0234375 0.078125
0 0.0515625 0.590625 0.025 0.071875
0 0.0734375 0.60078125 0.021875 0.0703125
0 0.096875 0.6046875 0.021875 0.06875
0 0.1203125 0.61015625 0.02109375 0.0796875
0 0.14140625 0.615625 0.01953125 0.06875
0 0.17421875 0.62265625 0.0234375 0.0703125
0 0.2671875 0.665625 0.04296875 0.0375
0 0.3078125 0.6625 0.02109375 0.078125
0 0.33515625 0.66875 0.01640625 0.075
0 0.35703125 0.66953125 0.02265625 0.0796875
0 0.38046875 0.67890625 0.02265625 0.0828125
0 0.403125 0.68828125 0.0234375 0.0765625
0 0.48984375 0.703125 0.01953125 0.059375
0 0.534375 0.71796875 0.01640625 0.0640625
0 0.5546875 0.72578125 0.0203125 0.0671875
0 0.57578125 0.728125 0.01796875 0.06875
0 0.596875 0.734375 0.02109375 0.071875
0 0.61796875 0.74453125 0.0203125 0.0671875
0 0.63984375 0.74453125 0.01875 0.0703125
0 0.6640625 0.75234375 0.015625 0.0671875
0 0.68359375 0.76015625 0.02109375 0.0703125
0 0.7046875 0.76796875 0.01796875 0.0671875
0 0.7265625 0.775 0.021875 0.06875
0 0.6125 0.16796875 0.03671875 0.0328125
0 0.88671875 0.91953125 0.01875 0.0765625
0 0.07890625 0.21015625 0.028125 0.0328125
0 0.1 0.06640625 0.015625 0.0359375