0 0.36171875 0.20546875 0.0203125 0.0453125
0 0.453125 0.4703125 0.0203125 0.075
0 0.4796875 0.46640625 0.01796875 0.0828125
0 0.521875 0.47109375 0.02109375 0.0671875
0 0.56328125 0.47421875 0.01875 0.0796875
0 0.58984375 0.48828125 0.01953125 0.0796875
0 0.625 0.56328125 0.0375 0.0328125
0 0.78359375 0.47109375 0.04765625 0.0328125
2 0.9234375 0.21015625 0.02109375 0.0421875
2 0.93203125 0.121875 0.0359375 0.046875
0 0.921875 0.82578125 0.0390625 0.0390625
0 0.865625 0.82578125 0.040625 0.0328125
0 0.76484375 0.821875 0.0421875 0.034375
0 0.28515625 0.92890625 0.021875 0.0828125
0 0.31640625 0.9296875 0.0203125 0.0875
0 0.340625 0.93046875 0.01953125 0.0734375
0 0.396875 0.93671875 0.02265625 0.0828125