2 0.11328125 0.35625 0.028125 0.09375
2 0.209375 0.3546875 0.028125 0.084375
2 0.23359375 0.3515625 0.02578125 0.084375
0 0.28515625 0.32734375 0.01953125 0.0765625
0 0.18828125 0.34296875 0.01796875 0.0703125
0 0.04296875 0.33671875 0.01640625 0.0671875
0 0.01640625 0.553125 0.0328125 0.0375
0 0.00859375 0.5109375 0.0171875 0.03125
0 0.07578125 0.79921875 0.02109375 0.0453125
0 0.31875 0.77734375 0.01953125 0.0546875
0 0.36171875 0.775 0.01640625 0.05
0 0.38125 0.775 0.01484375 0.05625
2 0.26328125 0.7734375 0.0265625 0.06875
2 0.21171875 0.7640625 0.02734375 0.096875
0 0.48515625 0.06640625 0.01640625 0.0765625
0 0.51484375 0.29453125 0.01875 0.0734375
0 0.584375 0.56484375 0.01796875 0.0765625
0 0.60234375 0.71796875 0.01875 0.0703125
0 0.60390625 0.81796875 0.02109375 0.0734375
2 0.55859375 0.86484375 0.02109375 0.1203125
0 0.41640625 0.96875 0.01640625 0.059375
0 0.60546875 0.9765625 0.01875 0.04375
0 0.90390625 0.75703125 0.02265625 0.0734375
0 0.81171875 0.7984375 0.01640625 0.03125
0 0.83046875 0.7984375 0.01640625 0.025
0 0.79453125 0.80390625 0.015625 0.0328125
2 0.9640625 0.271875 0.06953125 0.059375
2 0.96875 0.47265625 0.0609375 0.0484375
2 0.96953125 0.525 0.06015625 0.05
0 0.83046875 0.29296875 0.0203125 0.0390625
0 0.8046875 0.28203125 0.01640625 0.0453125