0 0.95234375 0.90625 0.02265625 0.071875
0 0.79140625 0.77578125 0.0203125 0.0734375
0 0.7703125 0.76953125 0.01796875 0.0671875
0 0.74921875 0.76328125 0.01796875 0.0703125
0 0.728125 0.75625 0.01640625 0.059375
0 0.70703125 0.75390625 0.0203125 0.0734375
0 0.68359375 0.75 0.01953125 0.065625
0 0.6625 0.74453125 0.0203125 0.0765625
0 0.6421875 0.73828125 0.01796875 0.0671875
0 0.6203125 0.7375 0.01796875 0.071875
0 0.5984375 0.7375 0.01875 0.065625
0 0.553125 0.721875 0.015625 0.059375
0 0.00625 0.62109375 0.0125 0.0671875
0 0.02578125 0.625 0.021875 0.078125
0 0.04921875 0.63125 0.02109375 0.075
0 0.07109375 0.63515625 0.0203125 0.0765625
0 0.09375 0.63828125 0.02109375 0.0765625
0 0.11640625 0.63984375 0.0203125 0.0734375
0 0.1375 0.646875 0.01875 0.071875
0 0.1625 0.653125 0.02109375 0.06875
0 0.18515625 0.653125 0.021875 0.071875
0 0.23828125 0.6609375 0.02109375 0.071875
0 0.33125 0.6984375 0.04765625 0.040625
0 0.3734375 0.69375 0.02109375 0.075
0 0.4 0.69609375 0.01875 0.0734375
0 0.42265625 0.69765625 0.01953125 0.0734375
0 0.44453125 0.70078125 0.01796875 0.0828125
0 0.46796875 0.709375 0.01953125 0.075
0 0.66328125 0.178125 0.03984375 0.03125
0 0.15625 0.1078125 0.02265625 0.03125
0 0.1390625 0.2546875 0.0328125 0.03125
0 0.00625 0.01328125 0.0125 0.0265625
0 0.02265625 0.01796875 0.02109375 0.0359375
0 0.04453125 0.02109375 0.02265625 0.0421875
0 0.0671875 0.01484375 0.02109375 0.0296875
0 0.08984375 0.01875 0.02265625 0.0375
0 0.1140625 0.01484375 0.02578125 0.0296875