0 0.21875 0.2875 0.04375 0.034375
0 0.38359375 0.0234375 0.0390625 0.034375
0 0.378125 0.0953125 0.040625 0.0375
0 0.38046875 0.13984375 0.0421875 0.0296875
0 0.62578125 0.253125 0.04296875 0.0375
0 0.6203125 0.3453125 0.0390625 0.034375
0 0.61953125 0.39296875 0.04609375 0.0359375
0 0.61640625 0.43515625 0.04375 0.0359375
3 0.54453125 0.315625 0.02265625 0.078125
2 0.509375 0.40234375 0.0265625 0.1078125
0 0.71875 0.48125 0.04140625 0.034375
0 0.66015625 0.55078125 0.01875 0.0734375
0 0.82578125 0.66328125 0.0203125 0.0734375
0 0.8484375 0.665625 0.01796875 0.06875
0 0.87109375 0.671875 0.015625 0.075
0 0.8890625 0.67578125 0.01796875 0.0609375
0 0.91171875 0.67890625 0.01953125 0.0703125
0 0.934375 0.6796875 0.01640625 0.071875
0 0.95546875 0.6875 0.01796875 0.075
0 0.9765625 0.68359375 0.01875 0.0671875
0 0.99296875 0.6859375 0.0125 0.071875
2 0.47578125 0.66953125 0.01796875 0.0609375
0 0.47421875 0.8078125 0.01953125 0.06875