0 0.74609375 0.11328125 0.01640625 0.0703125
0 0.0140625 0.44140625 0.025 0.0796875
0 0.0359375 0.44921875 0.02265625 0.0765625
0 0.059375 0.4578125 0.021875 0.075
0 0.1484375 0.47265625 0.02109375 0.0640625
0 0.19375 0.48671875 0.01875 0.0703125
0 0.215625 0.490625 0.0203125 0.075
0 0.2359375 0.4953125 0.0203125 0.06875
0 0.25859375 0.496875 0.02265625 0.075
0 0.278125 0.509375 0.0203125 0.065625
0 0.3015625 0.50859375 0.02109375 0.0734375
0 0.346875 0.5203125 0.01953125 0.075
0 0.32578125 0.51484375 0.01484375 0.0640625
0 0.36953125 0.5328125 0.01953125 0.071875
0 0.390625 0.53359375 0.02109375 0.0703125
0 0.553125 0.678125 0.0203125 0.078125
0 0.76640625 0.69140625 0.01796875 0.0671875
0 0.57734375 0.98515625 0.04296875 0.0265625
0 0.59296875 0.8015625 0.046875 0.046875
0 0.5875 0.8484375 0.04609375 0.040625
0 0.5859375 0.89375 0.0421875 0.034375