2 0.17421875 0.0703125 0.025 0.065625
2 0.22421875 0.07890625 0.02265625 0.0515625
0 0.375 0.3046875 0.01875 0.078125
0 0.55703125 0.0515625 0.01953125 0.06875
0 0.5578125 0.1484375 0.0203125 0.06875
0 0.56171875 0.31640625 0.021875 0.0765625
2 0.51953125 0.49609375 0.02734375 0.1109375
3 0.5859375 0.72734375 0.0328125 0.0796875
0 0.434375 0.571875 0.01875 0.06875
0 0.39296875 0.6359375 0.0375 0.03125
0 0.38671875 0.67890625 0.0421875 0.0328125
0 0.3875 0.75625 0.0375 0.03125
0 0.3859375 0.82890625 0.03984375 0.0328125
0 0.3875 0.8765625 0.04375 0.03125
0 0.715625 0.59375 0.01953125 0.075
0 0.79609375 0.56015625 0.04375 0.0296875
0 0.7984375 0.60546875 0.0421875 0.0359375
0 0.80078125 0.65078125 0.04453125 0.0328125
0 0.728125 0.87734375 0.02109375 0.0734375
0 0.64140625 0.9484375 0.04296875 0.03125
0 0.8546875 0.08203125 0.0234375 0.0765625