0 0.58125 0.0140625 0.0375 0.028125
0 0.58671875 0.0453125 0.04140625 0.04375
0 0.5296875 0.4828125 0.02890625 0.084375
0 0.571875 0.36875 0.0421875 0.040625
0 0.50078125 0.4890625 0.025 0.08125
0 0.47734375 0.5 0.025 0.071875
0 0.4234375 0.52265625 0.02734375 0.0765625
0 0.22265625 0.29921875 0.0234375 0.0734375
0 0.21015625 0.46015625 0.04375 0.0453125
0 0.175 0.32421875 0.028125 0.0859375
0 0.2 0.30859375 0.0234375 0.0828125
0 0.32421875 0.88046875 0.040625 0.0453125
0 0.084375 0.80078125 0.04140625 0.0421875
0 0.25390625 0.978125 0.03671875 0.040625