0 0.35390625 0.0390625 0.04296875 0.034375
0 0.35625 0.08125 0.04609375 0.03125
0 0.196875 0.22890625 0.04453125 0.0390625
0 0.1390625 0.2421875 0.0140625 0.028125
2 0.48359375 0.440625 0.02265625 0.10625
2 0.4515625 0.5640625 0.01484375 0.05625
3 0.515625 0.30390625 0.02109375 0.0796875
0 0.45 0.6765625 0.02265625 0.071875
0 0.59921875 0.1984375 0.04296875 0.034375
0 0.59375 0.29296875 0.04140625 0.0328125
0 0.5953125 0.3359375 0.04296875 0.034375
0 0.5921875 0.38125 0.04375 0.034375
0 0.634375 0.49296875 0.0203125 0.0734375
0 0.70234375 0.4328125 0.040625 0.03125
0 0.8 0.6078125 0.01953125 0.06875
0 0.82265625 0.6140625 0.01640625 0.071875
0 0.84375 0.6171875 0.01953125 0.065625
0 0.8640625 0.62265625 0.01640625 0.0609375
0 0.88515625 0.62421875 0.02109375 0.0703125
0 0.9078125 0.621875 0.01875 0.065625
0 0.95 0.63125 0.01796875 0.06875
0 0.97109375 0.62890625 0.01953125 0.0703125
0 0.98984375 0.634375 0.01875 0.065625