0 0.16875 0.18671875 0.01953125 0.0359375
0 0.2640625 0.45234375 0.01953125 0.0828125
0 0.290625 0.45078125 0.01875 0.0765625
0 0.33359375 0.45703125 0.01953125 0.0765625
0 0.3765625 0.4609375 0.01875 0.078125
0 0.4015625 0.4734375 0.01640625 0.075
0 0.43828125 0.55234375 0.0390625 0.0328125
0 0.09140625 0.91953125 0.0265625 0.0828125
0 0.11875 0.92109375 0.01953125 0.0890625
0 0.20234375 0.92578125 0.02578125 0.0859375
0 0.14609375 0.921875 0.01875 0.078125
0 0.57734375 0.809375 0.04140625 0.034375
0 0.67890625 0.8140625 0.0421875 0.034375
0 0.73671875 0.815625 0.0375 0.028125
0 0.828125 0.79375 0.04140625 0.0375
0 0.596875 0.4578125 0.04453125 0.034375
0 0.728125 0.28984375 0.01171875 0.0265625
0 0.72578125 0.36953125 0.0109375 0.0234375
0 0.72578125 0.40546875 0.0109375 0.0265625
2 0.740625 0.10078125 0.040625 0.0421875
2 0.73359375 0.19609375 0.0265625 0.0390625
2 0.9640625 0.11640625 0.05625 0.0453125
2 0.965625 0.1625 0.05703125 0.04375
0 0.97421875 0.25390625 0.0421875 0.0359375
0 0.96640625 0.07734375 0.0375 0.0328125