0 0.28046875 0.828125 0.02890625 0.03125
0 0.425 0.41796875 0.03984375 0.0328125
0 0.421875 0.4609375 0.040625 0.03125
0 0.4671875 0.3546875 0.01953125 0.065625
0 0.42421875 0.53359375 0.040625 0.0328125
0 0.42109375 0.60859375 0.040625 0.0328125
0 0.42265625 0.653125 0.0421875 0.03125
2 0.5546875 0.4265625 0.025 0.1125
3 0.603125 0.5703125 0.0265625 0.078125
0 0.40859375 0.08203125 0.01640625 0.0796875
0 0.596875 0.1015625 0.02265625 0.065625
0 0.74921875 0.3765625 0.021875 0.075
0 0.828125 0.34375 0.04609375 0.03125
0 0.8296875 0.38984375 0.04453125 0.0296875
0 0.8328125 0.43515625 0.0421875 0.0328125
0 0.67421875 0.72734375 0.040625 0.0390625
0 0.74765625 0.76640625 0.01953125 0.0734375
0 0.67421875 0.821875 0.03984375 0.03125
0 0.675 0.8671875 0.04453125 0.034375
0 0.67421875 0.91953125 0.04296875 0.0328125