0 0.0953125 0.48203125 0.040625 0.0421875
0 0.42421875 0.8 0.03515625 0.0375
0 0.30703125 0.54296875 0.028125 0.0765625
0 0.359375 0.51875 0.021875 0.08125
0 0.38359375 0.50625 0.025 0.084375
0 0.4109375 0.4984375 0.02578125 0.078125
0 0.45703125 0.38828125 0.04375 0.0390625
0 0.10703125 0.3171875 0.02265625 0.078125
0 0.06015625 0.34375 0.02890625 0.09375
0 0.08359375 0.3296875 0.025 0.0875
0 0.4609375 0.00625 0.04140625 0.0125
0 0.46484375 0.0296875 0.03984375 0.04375
0 0.47109375 0.06875 0.04609375 0.040625
0 0.959375 0.940625 0.025 0.078125
0 0.984375 0.93984375 0.02265625 0.0671875