3 0.75859375 0.38515625 0.05 0.0609375
0 0.88203125 0.20546875 0.04375 0.0421875
0 0.53359375 0.10703125 0.040625 0.0421875
0 0.4375 0.015625 0.03359375 0.03125
0 0.44765625 0.0453125 0.0421875 0.04375
0 0.4515625 0.07890625 0.04140625 0.0421875
0 0.4625 0.12265625 0.046875 0.0421875
0 0.47890625 0.225 0.04140625 0.04375
0 0.47265625 0.1921875 0.04140625 0.05
0 0.465625 0.1546875 0.0390625 0.046875
0 0.47421875 0.26875 0.0421875 0.046875
0 0.18515625 0.20078125 0.02578125 0.0703125
0 0.209375 0.190625 0.025 0.084375
0 0.31171875 0.271875 0.04140625 0.046875
0 0.30859375 0.2296875 0.04609375 0.05
0 0.29921875 0.19609375 0.04453125 0.0515625
0 0.2921875 0.1640625 0.04296875 0.046875
0 0.265625 0.015625 0.0421875 0.03125
0 0.2703125 0.046875 0.04140625 0.04375
0 0.278125 0.08515625 0.04375 0.0390625
0 0.28515625 0.11875 0.03984375 0.046875
0 0.32265625 0.028125 0.0375 0.04375
0 0.32578125 0.06484375 0.0375 0.0421875
0 0.3359375 0.10078125 0.040625 0.0390625
0 0.34453125 0.13828125 0.040625 0.0421875
0 0.34921875 0.17578125 0.03984375 0.0421875
0 0.35546875 0.2078125 0.03984375 0.04375
0 0.3625 0.246875 0.03984375 0.0375