0 0.12109375 0.18515625 0.02109375 0.0359375
0 0.215625 0.4515625 0.021875 0.090625
0 0.2421875 0.44921875 0.01953125 0.0828125
0 0.28515625 0.4546875 0.02109375 0.08125
0 0.33046875 0.4578125 0.01796875 0.075
0 0.35234375 0.4671875 0.01796875 0.08125
0 0.390625 0.55078125 0.03671875 0.0390625
0 0.55 0.4546875 0.04609375 0.034375
2 0.6859375 0.19296875 0.0296875 0.0421875
0 0.6796875 0.2859375 0.015625 0.028125
0 0.678125 0.36875 0.0140625 0.028125
0 0.67890625 0.40234375 0.0140625 0.0234375
0 0.9203125 0.07421875 0.03984375 0.0359375
0 0.9296875 0.25 0.0421875 0.03125
2 0.9203125 0.16015625 0.05625 0.0453125
2 0.91875 0.11328125 0.05390625 0.0453125
2 0.69453125 0.0984375 0.04296875 0.040625
0 0.53203125 0.8046875 0.0390625 0.034375
0 0.63203125 0.81171875 0.03984375 0.0328125
0 0.690625 0.81328125 0.03984375 0.0390625
0 0.77890625 0.7890625 0.040625 0.034375
0 0.040625 0.9171875 0.028125 0.090625
0 0.06953125 0.91796875 0.0203125 0.0859375
0 0.096875 0.9203125 0.02265625 0.078125
0 0.1546875 0.92265625 0.0234375 0.0890625