0 0.92734375 0.1828125 0.04765625 0.04375
3 0.87265625 0.32421875 0.04921875 0.0515625
0 0.22890625 0.18125 0.0234375 0.06875
0 0.25390625 0.165625 0.0234375 0.08125
0 0.31328125 0.02578125 0.0390625 0.0453125
0 0.321875 0.059375 0.040625 0.04375
0 0.32890625 0.10078125 0.0390625 0.0453125
0 0.33515625 0.13828125 0.04453125 0.0390625
0 0.3421875 0.1765625 0.046875 0.05
0 0.3515625 0.2109375 0.0421875 0.046875
0 0.35625 0.24921875 0.0421875 0.0484375
0 0.40625 0.2234375 0.0390625 0.046875
0 0.36484375 0.01171875 0.04140625 0.0234375
0 0.37109375 0.03984375 0.0390625 0.0453125
0 0.3796875 0.07578125 0.03984375 0.0390625
0 0.3890625 0.11328125 0.03984375 0.0359375
0 0.39453125 0.15 0.040625 0.04375
0 0.39765625 0.18515625 0.04296875 0.0453125
0 0.49140625 0.0203125 0.04375 0.040625
0 0.49453125 0.059375 0.04140625 0.04375
0 0.50625 0.0953125 0.040625 0.040625
0 0.5109375 0.13125 0.0375 0.040625
0 0.51640625 0.16640625 0.0421875 0.0453125
0 0.52265625 0.20234375 0.040625 0.0453125
0 0.51953125 0.246875 0.03984375 0.04375
0 0.578125 0.07890625 0.03984375 0.0421875