0 0.28359375 0.1484375 0.02578125 0.0375
0 0.296875 0.25859375 0.021875 0.0390625
0 0.6359375 0.36796875 0.046875 0.0453125
3 0.19453125 0.70859375 0.05 0.0515625
0 0.2234375 0.428125 0.04921875 0.040625
0 0.20078125 0.20625 0.04453125 0.034375
0 0.2046875 0.24140625 0.04765625 0.0390625
0 0.21484375 0.27734375 0.04296875 0.0421875
0 0.21875 0.3125 0.040625 0.046875
0 0.225 0.35 0.04453125 0.040625
0 0.23125 0.38046875 0.04140625 0.0421875
0 0.1125 0.40625 0.0421875 0.040625
0 0.10625 0.36796875 0.040625 0.0484375
0 0.1 0.3296875 0.0390625 0.040625
0 0.096875 0.2921875 0.03984375 0.040625
0 0.0859375 0.2578125 0.03984375 0.0375
0 0.078125 0.22265625 0.03671875 0.0421875
0 0.07421875 0.178125 0.03984375 0.040625
0 0.06953125 0.1453125 0.03984375 0.040625
0 0.06640625 0.1046875 0.03984375 0.04375
0 0.05390625 0.02890625 0.040625 0.0390625
0 0.0609375 0.06796875 0.0421875 0.0421875
0 0.00859375 0.01328125 0.0171875 0.0265625
0 0.01328125 0.0546875 0.0265625 0.046875
0 0.015625 0.0890625 0.03046875 0.04375
0 0.01953125 0.1296875 0.0390625 0.046875
0 0.0203125 0.165625 0.040625 0.040625
0 0.0203125 0.2078125 0.040625 0.04375
0 0.03046875 0.23984375 0.040625 0.0390625
0 0.0375 0.2828125 0.04140625 0.046875
0 0.04296875 0.31953125 0.0421875 0.0421875
0 0.05234375 0.35546875 0.04296875 0.0421875
0 0.05859375 0.3921875 0.04375 0.046875
0 0.0640625 0.43125 0.04453125 0.046875