0 0.940625 0.828125 0.021875 0.071875
0 0.91328125 0.9 0.02265625 0.0625
0 0.9171875 0.31328125 0.02265625 0.0859375
0 0.0125 0.52265625 0.025 0.0828125
0 0.14765625 0.56015625 0.025 0.0796875
0 0.17421875 0.5640625 0.021875 0.075
0 0.196875 0.56484375 0.0234375 0.0859375
0 0.21953125 0.5765625 0.02265625 0.08125
0 0.24453125 0.5828125 0.025 0.071875
0 0.33125 0.60078125 0.02578125 0.0703125
0 0.56953125 0.6640625 0.01953125 0.071875
0 0.546875 0.65859375 0.01953125 0.0703125
0 0.5265625 0.65390625 0.021875 0.0640625
0 0.50625 0.64453125 0.01875 0.0640625
0 0.484375 0.63828125 0.021875 0.0671875
0 0.46015625 0.634375 0.021875 0.075
0 0.44140625 0.6265625 0.021875 0.078125
0 0.4171875 0.62265625 0.0203125 0.0734375
0 0.3953125 0.6234375 0.01875 0.071875
0 0.375 0.615625 0.0203125 0.06875
0 0.73125 0.8125 0.015625 0.078125
0 0.771875 0.93671875 0.04453125 0.0390625
0 0.76484375 0.9828125 0.04453125 0.03125
0 0.4546875 0.0578125 0.040625 0.04375
0 0.1078125 0.565625 0.0484375 0.03125