0 0.45703125 0.2109375 0.02109375 0.040625
0 0.3890625 0.93125 0.01875 0.090625
0 0.49609375 0.9375 0.02109375 0.0875
0 0.41484375 0.9359375 0.01640625 0.0875
0 0.44140625 0.9328125 0.01953125 0.078125
0 0.72265625 0.57265625 0.034375 0.0328125
0 0.54921875 0.475 0.01640625 0.075
0 0.57578125 0.471875 0.01953125 0.075
0 0.6171875 0.47734375 0.01875 0.0703125
0 0.66015625 0.478125 0.01953125 0.075
0 0.684375 0.49140625 0.01640625 0.0703125
0 0.8796875 0.478125 0.04609375 0.03125
0 0.8640625 0.8234375 0.040625 0.0375
0 0.9609375 0.82890625 0.0421875 0.0359375