2 0.4203125 0.50078125 0.015625 0.0609375
2 0.44921875 0.49765625 0.025 0.1046875
3 0.4796875 0.31796875 0.0203125 0.0765625
0 0.1609375 0.2 0.0421875 0.0375
0 0.321875 0.01328125 0.04609375 0.0265625
0 0.3234375 0.05078125 0.04609375 0.0328125
0 0.675 0.4046875 0.04140625 0.03125
0 0.603125 0.46484375 0.0140625 0.0703125
0 0.55859375 0.35390625 0.04375 0.0328125
0 0.56796875 0.171875 0.04296875 0.0375
0 0.5640625 0.26484375 0.0421875 0.0328125
0 0.56171875 0.309375 0.04375 0.034375
0 0.41796875 0.59765625 0.01796875 0.0703125
0 0.76796875 0.584375 0.015625 0.071875
0 0.78828125 0.58515625 0.01640625 0.0671875
0 0.81015625 0.59140625 0.01796875 0.0734375
0 0.83046875 0.5953125 0.01640625 0.059375
0 0.8515625 0.5984375 0.01953125 0.071875
0 0.87421875 0.59765625 0.01796875 0.0703125
0 0.89609375 0.603125 0.02109375 0.075
0 0.9171875 0.60546875 0.01796875 0.0640625
0 0.95625 0.60546875 0.0203125 0.0703125
0 0.9375 0.60390625 0.01953125 0.0671875
0 0.9953125 0.6140625 0.0078125 0.0625
0 0.10546875 0.2140625 0.01640625 0.03125