0 0.0125 0.44765625 0.025 0.0765625
0 0.14609375 0.47734375 0.01796875 0.0671875
0 0.1015625 0.465625 0.021875 0.059375
0 0.1671875 0.484375 0.021875 0.071875
0 0.18984375 0.4859375 0.01875 0.065625
0 0.2109375 0.490625 0.02265625 0.071875
0 0.2328125 0.5 0.02109375 0.071875
0 0.25546875 0.50078125 0.0203125 0.0703125
0 0.278125 0.50546875 0.01796875 0.0609375
0 0.3 0.51328125 0.01953125 0.0734375
0 0.321875 0.5234375 0.01953125 0.06875
0 0.34453125 0.525 0.0203125 0.06875
0 0.50703125 0.6671875 0.0203125 0.071875
0 0.54765625 0.7921875 0.04375 0.040625
0 0.54296875 0.8390625 0.04609375 0.0375
0 0.5390625 0.884375 0.0421875 0.0375
0 0.53203125 0.9796875 0.0421875 0.0375
0 0.7203125 0.68046875 0.01796875 0.0578125
0 0.7015625 0.06875 0.01796875 0.071875
0 0.96953125 0.0328125 0.0375 0.0375
0 0.96171875 0.06953125 0.04140625 0.0359375
0 0.946875 0.98828125 0.0421875 0.0203125