0 0.31171875 0.45546875 0.0203125 0.0765625
0 0.33828125 0.4578125 0.01875 0.08125
0 0.38203125 0.46171875 0.01875 0.0765625
0 0.42734375 0.46796875 0.0203125 0.0796875
0 0.44921875 0.47578125 0.01640625 0.0734375
0 0.48515625 0.55625 0.03984375 0.0375
0 0.64296875 0.46171875 0.04375 0.0328125
0 0.215625 0.1890625 0.021875 0.04375
0 0.25234375 0.928125 0.02265625 0.084375
0 0.1390625 0.92109375 0.02578125 0.0859375
0 0.16875 0.928125 0.025 0.090625
0 0.1953125 0.92578125 0.01875 0.0828125
0 0.72578125 0.815625 0.03984375 0.034375
0 0.78359375 0.81875 0.0390625 0.034375
0 0.62578125 0.81328125 0.03984375 0.0328125
0 0.87265625 0.79296875 0.04296875 0.0390625
2 0.78984375 0.10859375 0.04375 0.0453125
2 0.78203125 0.2 0.0265625 0.04375