0 0.2359375 0.38359375 0.04296875 0.0328125
0 0.18359375 0.40234375 0.01328125 0.0359375
2 0.52578125 0.37734375 0.025 0.1109375
0 0.39453125 0.0359375 0.0421875 0.034375
0 0.3921875 0.10546875 0.0359375 0.0328125
0 0.390625 0.1796875 0.040625 0.028125
0 0.390625 0.2234375 0.04296875 0.034375
0 0.40078125 0.0046875 0.03671875 0.009375
0 0.6390625 0.31875 0.0421875 0.0375
0 0.6359375 0.41171875 0.04140625 0.0359375
0 0.6375 0.45546875 0.04609375 0.0328125
0 0.6359375 0.50390625 0.04375 0.0359375
0 0.684375 0.60625 0.01953125 0.075
0 0.72578125 0.52578125 0.03984375 0.0484375
0 0.8484375 0.71484375 0.021875 0.0796875
0 0.871875 0.715625 0.01875 0.078125
0 0.89296875 0.71640625 0.01875 0.0765625
0 0.91328125 0.7203125 0.0203125 0.06875
0 0.93515625 0.721875 0.0203125 0.075
0 0.959375 0.72109375 0.0203125 0.0796875
0 0.98046875 0.72578125 0.01796875 0.0765625
0 0.9953125 0.71953125 0.00703125 0.0703125
3 0.5625 0.33828125 0.021875 0.0765625
0 0.80546875 0.040625 0.040625 0.0375
0 0.80625 0.00703125 0.04453125 0.0140625
2 0.49921875 0.8125 0.0140625 0.05625
0 0.49921875 0.97109375 0.015625 0.0546875