2 0.0875 0.23828125 0.02578125 0.0984375
2 0.1828125 0.23828125 0.02734375 0.0859375
2 0.21015625 0.2390625 0.028125 0.084375
2 0.1859375 0.646875 0.02734375 0.090625
2 0.23828125 0.65703125 0.025 0.0671875
0 0.0171875 0.22265625 0.0203125 0.0703125
0 0.1625 0.22734375 0.01640625 0.0640625
0 0.259375 0.21328125 0.015625 0.0796875
0 0.0515625 0.6796875 0.01953125 0.0375
0 0.2921875 0.6578125 0.01796875 0.040625
0 0.33671875 0.659375 0.015625 0.05
0 0.35546875 0.6546875 0.015625 0.046875
0 0.3890625 0.865625 0.01875 0.08125
0 0.55703125 0.45390625 0.01796875 0.0703125
0 0.57265625 0.60625 0.02109375 0.06875
0 0.5796875 0.878125 0.01875 0.071875
0 0.57578125 0.70234375 0.01796875 0.0734375
2 0.53046875 0.77890625 0.02734375 0.1203125
0 0.77578125 0.165625 0.01796875 0.059375
0 0.803125 0.17109375 0.0203125 0.0578125
0 0.8734375 0.6421875 0.0203125 0.071875
0 0.7640625 0.6890625 0.01640625 0.025
0 0.7828125 0.68203125 0.01640625 0.0296875
0 0.8015625 0.6828125 0.01484375 0.021875
2 0.946875 0.35859375 0.07421875 0.0515625
2 0.9484375 0.41171875 0.07578125 0.0453125
2 0.9390625 0.1578125 0.075 0.06875
0 0.4859375 0.0125 0.01640625 0.025