0 0.8890625 0.03359375 0.03515625 0.0359375
0 0.8828125 0.06796875 0.0375 0.0390625
0 0.8828125 0.11328125 0.0390625 0.0390625
0 0.63984375 0.68671875 0.01875 0.0609375
0 0.86875 0.9875 0.040625 0.021875
0 0.425 0.6765625 0.01875 0.075
0 0.46640625 0.796875 0.0484375 0.040625
0 0.4609375 0.84375 0.0421875 0.0375
0 0.4578125 0.890625 0.04296875 0.040625
0 0.44921875 0.98359375 0.04296875 0.0296875
0 0.01953125 0.4828125 0.01875 0.0625
0 0.06484375 0.48984375 0.01875 0.0703125
0 0.08671875 0.4953125 0.01953125 0.06875
0 0.10859375 0.49609375 0.0203125 0.0703125
0 0.1296875 0.50078125 0.021875 0.0734375
0 0.1515625 0.51015625 0.0203125 0.0734375
0 0.17421875 0.509375 0.021875 0.075
0 0.196875 0.51640625 0.01796875 0.0609375
0 0.21640625 0.52265625 0.01953125 0.0671875
0 0.240625 0.5328125 0.01875 0.071875
0 0.26171875 0.53671875 0.01953125 0.0703125