0 0.04453125 0.07578125 0.02109375 0.0734375
0 0.06328125 0.08203125 0.01796875 0.0703125
0 0.08515625 0.08046875 0.01796875 0.0703125
0 0.1078125 0.06796875 0.01640625 0.0578125
0 0.128125 0.0734375 0.01953125 0.065625
0 0.153125 0.0625 0.0234375 0.065625
0 0.20546875 0.17109375 0.02265625 0.0296875
0 0.19453125 0.31640625 0.03671875 0.0359375
0 0.7078125 0.16171875 0.0390625 0.0359375
0 0.009375 0.69765625 0.01875 0.0703125
0 0.07265625 0.69375 0.01953125 0.078125
0 0.09765625 0.696875 0.01953125 0.08125
0 0.1203125 0.69765625 0.01796875 0.0703125
0 0.14296875 0.70078125 0.01875 0.0734375
0 0.165625 0.6984375 0.02109375 0.075
0 0.18828125 0.69921875 0.01953125 0.0734375
0 0.209375 0.70546875 0.0203125 0.0765625
0 0.2328125 0.70625 0.0203125 0.0625
0 0.25625 0.7015625 0.01953125 0.071875
0 0.278125 0.709375 0.01640625 0.06875
0 0.30859375 0.70625 0.021875 0.078125
0 0.40546875 0.7296875 0.04375 0.034375
0 0.44609375 0.71640625 0.01953125 0.0796875
0 0.47109375 0.7140625 0.01640625 0.075
0 0.4921875 0.71171875 0.015625 0.0796875
0 0.515625 0.71484375 0.01640625 0.0828125
0 0.5375 0.71796875 0.01875 0.0734375
0 0.625 0.71953125 0.01875 0.0671875
0 0.67109375 0.72421875 0.015625 0.0671875
0 0.69140625 0.72421875 0.0140625 0.0734375
0 0.7109375 0.721875 0.01640625 0.065625
0 0.734375 0.7234375 0.01953125 0.065625
0 0.7546875 0.7296875 0.01796875 0.071875
0 0.77578125 0.7265625 0.01796875 0.06875
0 0.8 0.72734375 0.01875 0.0609375
0 0.82109375 0.7328125 0.0203125 0.075
0 0.8421875 0.7359375 0.01640625 0.06875
0 0.8625 0.7375 0.01875 0.065625