0 0.06484375 0.440625 0.0203125 0.078125
0 0.09375 0.43671875 0.021875 0.0765625
0 0.13515625 0.4453125 0.02109375 0.078125
0 0.1828125 0.44921875 0.0203125 0.0765625
0 0.20625 0.459375 0.01875 0.071875
0 0.24140625 0.5421875 0.03984375 0.034375
0 0.1484375 0.96171875 0.02734375 0.0734375
0 0.3859375 0.803125 0.04140625 0.0375
0 0.4046875 0.44375 0.04453125 0.034375
0 0.48671875 0.803125 0.04140625 0.034375
0 0.54296875 0.80546875 0.0375 0.0359375
0 0.58046875 0.71953125 0.04375 0.0359375
0 0.63515625 0.7828125 0.03984375 0.034375
0 0.52734375 0.39375 0.02109375 0.025
0 0.52890625 0.36015625 0.02109375 0.0265625
0 0.5296875 0.2796875 0.02109375 0.028125
2 0.54375 0.0859375 0.0515625 0.04375
2 0.5359375 0.18125 0.034375 0.040625
2 0.77421875 0.10234375 0.0515625 0.0453125
2 0.77578125 0.14765625 0.053125 0.0453125
0 0.7875 0.2390625 0.0421875 0.034375
0 0.77890625 0.06171875 0.0375 0.0359375
0 0.99140625 0.84375 0.01484375 0.034375
0 0.00703125 0.9203125 0.0140625 0.0875