0 0.01640625 0.30078125 0.02265625 0.0578125
0 0.05703125 0.325 0.0234375 0.0625
0 0.07734375 0.3375 0.02578125 0.065625
0 0.096875 0.34375 0.021875 0.065625
0 0.11796875 0.35546875 0.0265625 0.0671875
0 0.1375 0.37109375 0.025 0.0703125
0 0.159375 0.37890625 0.02265625 0.0734375
0 0.1796875 0.3921875 0.0203125 0.0625
0 0.1984375 0.40390625 0.0234375 0.0734375
0 0.21953125 0.41953125 0.021875 0.0703125
0 0.23828125 0.43046875 0.0234375 0.0703125
0 0.38359375 0.62265625 0.025 0.0734375
0 0.3734375 0.93203125 0.04609375 0.0484375
0 0.39296875 0.840625 0.04140625 0.04375
0 0.39921875 0.7984375 0.0421875 0.05
0 0.40859375 0.7546875 0.04375 0.046875
0 0.9203125 0.09609375 0.0359375 0.0390625
0 0.91796875 0.13671875 0.0390625 0.0421875
0 0.90390625 0.17265625 0.0421875 0.0453125
0 0.89765625 0.2109375 0.0390625 0.04375
2 0.934375 0.040625 0.10078125 0.08125
3 0.8265625 0.0140625 0.03515625 0.028125