2 0.0625 0.12890625 0.03203125 0.0984375
0 0.134375 0.11953125 0.01796875 0.0703125
2 0.18046875 0.12578125 0.03203125 0.0890625
2 0.15546875 0.128125 0.0265625 0.090625
0 0.23203125 0.10234375 0.01875 0.0765625
2 0.15859375 0.53125 0.02734375 0.0875
2 0.21015625 0.5390625 0.025 0.059375
0 0.2625 0.5453125 0.01875 0.034375
0 0.3046875 0.5421875 0.01484375 0.040625
0 0.32578125 0.540625 0.01640625 0.0375
0 0.52890625 0.3453125 0.01796875 0.075
0 0.54453125 0.4984375 0.021875 0.071875
0 0.54765625 0.5890625 0.021875 0.071875
0 0.55 0.76484375 0.01796875 0.0765625
2 0.50390625 0.70234375 0.02578125 0.1171875
0 0.36015625 0.75234375 0.01875 0.0765625
0 0.515625 0.9890625 0.01640625 0.01875
0 0.84453125 0.5359375 0.0234375 0.071875
0 0.75390625 0.571875 0.015625 0.025
0 0.771875 0.571875 0.015625 0.021875
2 0.9171875 0.25234375 0.075 0.0515625
2 0.91796875 0.30390625 0.0765625 0.0453125
2 0.909375 0.05234375 0.07421875 0.0578125
0 0.7484375 0.0734375 0.015625 0.028125
0 0.7734375 0.07578125 0.01953125 0.0359375
0 0.02109375 0.56171875 0.02109375 0.0359375