2 0.3828125 0.35703125 0.01875 0.0640625
3 0.43671875 0.38125 0.021875 0.08125
0 0.62421875 0.33359375 0.040625 0.0421875
0 0.565625 0.38984375 0.015625 0.0703125
0 0.525 0.18515625 0.0421875 0.0359375
0 0.5234375 0.2296875 0.04296875 0.03125
0 0.51875 0.27578125 0.04609375 0.0390625
0 0.38046875 0.46484375 0.0203125 0.0765625
2 0.403125 0.63828125 0.03203125 0.1140625
0 0.125 0.1234375 0.0421875 0.034375
0 0.0671875 0.140625 0.0203125 0.03125
0 0.5296875 0.090625 0.04140625 0.0375
0 0.73046875 0.50625 0.01875 0.06875
0 0.75078125 0.509375 0.01796875 0.06875
0 0.77421875 0.51640625 0.01953125 0.0734375
0 0.79296875 0.5171875 0.015625 0.0625
0 0.815625 0.521875 0.01875 0.06875
0 0.83828125 0.51953125 0.01875 0.0703125
0 0.8609375 0.5265625 0.01875 0.075
0 0.88125 0.528125 0.01796875 0.065625
0 0.903125 0.528125 0.01953125 0.071875
0 0.92421875 0.53046875 0.01640625 0.0703125
0 0.96796875 0.53671875 0.0203125 0.0640625