2 0.1078125 0.6796875 0.0265625 0.084375
2 0.2015625 0.6796875 0.02578125 0.084375
2 0.22890625 0.675 0.02734375 0.078125
0 0.27890625 0.64375 0.01796875 0.078125
0 0.59140625 0.24609375 0.01640625 0.0734375
3 0.93828125 0.2875 0.040625 0.0375
2 0.96640625 0.58515625 0.065625 0.0453125
2 0.9703125 0.790625 0.05703125 0.05625
2 0.97265625 0.84609375 0.053125 0.0515625
0 0.034375 0.66484375 0.01953125 0.0671875
0 0.18125 0.66796875 0.01796875 0.0609375
0 0.0125 0.884375 0.025 0.040625
0 0.58203125 0.8859375 0.01875 0.075