0 0.60703125 0.0484375 0.015625 0.071875
0 0.5 0.3875 0.0203125 0.078125
0 0.53046875 0.5984375 0.01796875 0.071875
0 0.59609375 0.67578125 0.01875 0.0765625
0 0.61484375 0.82734375 0.01796875 0.0703125
0 0.6171875 0.9296875 0.0203125 0.075
0 0.08828125 0.9171875 0.02265625 0.05
0 0.3296875 0.89140625 0.01796875 0.0546875
0 0.37421875 0.8875 0.01484375 0.059375
0 0.39453125 0.8875 0.015625 0.059375
2 0.278125 0.8890625 0.025 0.08125
2 0.225 0.8796875 0.02578125 0.096875
2 0.12421875 0.4671875 0.025 0.084375
2 0.2203125 0.465625 0.02578125 0.075
2 0.2453125 0.46328125 0.0265625 0.0796875
0 0.2953125 0.43359375 0.01796875 0.0796875
0 0.1984375 0.45703125 0.01640625 0.0609375
0 0.05390625 0.45 0.01484375 0.065625
0 0.0265625 0.66796875 0.034375 0.0359375
0 0.01484375 0.625 0.0296875 0.028125
2 0.56796875 0.94453125 0.02578125 0.1078125
0 0.80703125 0.9140625 0.01796875 0.03125
0 0.82578125 0.90859375 0.01796875 0.0328125
0 0.8453125 0.90859375 0.01796875 0.0328125
0 0.91796875 0.865625 0.02109375 0.071875
0 0.8453125 0.39921875 0.01796875 0.0328125
0 0.815625 0.375 0.021875 0.05625
2 0.97109375 0.3765625 0.05546875 0.059375
2 0.97578125 0.58203125 0.046875 0.0484375
2 0.9765625 0.6296875 0.04609375 0.046875
3 0.94921875 0.0921875 0.040625 0.0375