0 0.17265625 0.08359375 0.0203125 0.0671875
0 0.19375 0.08828125 0.0203125 0.0703125
0 0.2125 0.090625 0.01796875 0.078125
0 0.23515625 0.078125 0.01875 0.065625
0 0.2578125 0.084375 0.01796875 0.06875
0 0.28125 0.07421875 0.01640625 0.0671875
0 0.334375 0.17734375 0.0328125 0.0296875
0 0.32578125 0.325 0.0421875 0.034375
0 0.00390625 0.69296875 0.0078125 0.0796875
0 0.01875 0.69609375 0.021875 0.0671875
0 0.04296875 0.6984375 0.02109375 0.071875
0 0.0671875 0.69609375 0.02109375 0.0671875
0 0.0890625 0.69453125 0.0203125 0.0796875
0 0.1375 0.7 0.01953125 0.065625
0 0.11328125 0.69609375 0.0203125 0.0734375
0 0.20546875 0.7 0.01875 0.071875
0 0.228125 0.70546875 0.01875 0.0765625
0 0.25078125 0.70390625 0.01640625 0.0734375
0 0.2734375 0.7046875 0.01875 0.075
0 0.29453125 0.70703125 0.01796875 0.0734375
0 0.3171875 0.7046875 0.01640625 0.075
0 0.3390625 0.70625 0.01640625 0.075
0 0.36171875 0.7078125 0.01640625 0.06875
0 0.384375 0.71015625 0.01796875 0.0765625
0 0.4078125 0.71015625 0.015625 0.0734375
0 0.43671875 0.7109375 0.01640625 0.071875
0 0.53046875 0.73515625 0.04296875 0.0296875
0 0.56953125 0.7234375 0.01953125 0.08125
0 0.5953125 0.7234375 0.01796875 0.075
0 0.6171875 0.71875 0.01796875 0.075
0 0.640625 0.725 0.01796875 0.08125
0 0.66328125 0.72890625 0.01953125 0.0734375
0 0.74765625 0.728125 0.01640625 0.065625
0 0.79140625 0.73359375 0.01953125 0.0703125
0 0.81328125 0.73359375 0.01796875 0.0734375
0 0.83359375 0.7328125 0.01796875 0.065625
0 0.8546875 0.73359375 0.0203125 0.0734375
0 0.875 0.7390625 0.01953125 0.065625
0 0.896875 0.7359375 0.01953125 0.071875
0 0.91875 0.73671875 0.01953125 0.0609375
0 0.94140625 0.7421875 0.02109375 0.071875
0 0.9609375 0.7453125 0.01875 0.065625
0 0.98125 0.746875 0.01796875 0.06875
0 0.8296875 0.1765625 0.0390625 0.03125