0 0.1453125 0.240625 0.025 0.071875
0 0.1671875 0.2234375 0.02578125 0.075
0 0.271875 0.31015625 0.04296875 0.0453125
0 0.2671875 0.27109375 0.04375 0.0453125
0 0.259375 0.2328125 0.04296875 0.046875
0 0.25234375 0.1984375 0.04140625 0.040625
0 0.2453125 0.15625 0.040625 0.046875
0 0.22421875 0.0140625 0.0421875 0.028125
0 0.2265625 0.04375 0.03984375 0.04375
0 0.2296875 0.0828125 0.03984375 0.034375
0 0.23671875 0.11796875 0.04140625 0.0390625
0 0.2859375 0.1 0.03984375 0.040625
0 0.29453125 0.13515625 0.040625 0.0484375
0 0.30546875 0.17421875 0.04375 0.0359375
0 0.31171875 0.2140625 0.0390625 0.05
0 0.3140625 0.2453125 0.0375 0.046875
0 0.321875 0.284375 0.040625 0.04375
0 0.28203125 0.05859375 0.03984375 0.0421875
0 0.27578125 0.02265625 0.0390625 0.0421875
0 0.3921875 0.0140625 0.0390625 0.028125
0 0.396875 0.04921875 0.04140625 0.0359375
0 0.4078125 0.08203125 0.04140625 0.0296875
0 0.41171875 0.11796875 0.04140625 0.0296875
0 0.421875 0.15703125 0.0375 0.0453125
0 0.4265625 0.18984375 0.0390625 0.0421875
0 0.43203125 0.228125 0.040625 0.04375
0 0.43828125 0.2640625 0.0421875 0.046875
0 0.43515625 0.3046875 0.04453125 0.046875
0 0.8453125 0.24453125 0.0421875 0.0453125
3 0.6546875 0.45390625 0.04921875 0.0484375
0 0.49375 0.1421875 0.04375 0.04375