3 0.11875 0.72890625 0.05078125 0.0515625
0 0.06796875 0.41015625 0.03984375 0.0484375
0 0.18359375 0.4359375 0.046875 0.04375
0 0.184375 0.390625 0.04375 0.040625
0 0.17890625 0.3546875 0.04296875 0.04375
0 0.17421875 0.31640625 0.0390625 0.0484375
0 0.1625 0.24296875 0.04609375 0.0421875
0 0.1703125 0.28359375 0.0421875 0.0453125
0 0.15 0.2125 0.02890625 0.03125
0 0.0203125 0.4390625 0.040625 0.04375
0 0.0625 0.37265625 0.04140625 0.0390625
0 0.05625 0.334375 0.0421875 0.040625
0 0.053125 0.30078125 0.04140625 0.0421875
0 0.04140625 0.2609375 0.04375 0.04375
0 0.034375 0.2265625 0.0390625 0.0375
0 0.01640625 0.034375 0.0328125 0.0375
0 0.01875 0.075 0.0375 0.04375
0 0.0234375 0.1140625 0.04453125 0.04375
0 0.0265625 0.14921875 0.04296875 0.0421875
0 0.03203125 0.18671875 0.03984375 0.0453125
0 0.01875 0.396875 0.03671875 0.053125
0 0.0140625 0.35546875 0.028125 0.0390625
0 0.0109375 0.32109375 0.021875 0.0359375
0 0.00703125 0.2796875 0.0140625 0.034375
0 0.25 0.26484375 0.03046875 0.0421875
0 0.5921875 0.375 0.04453125 0.046875
0 0.8921875 0.85546875 0.04765625 0.0453125
2 0.9234375 0.9390625 0.053125 0.053125
2 0.9328125 0.978125 0.05390625 0.040625
0 0.953125 0.25078125 0.04921875 0.0453125
0 0.240625 0.15234375 0.028125 0.0421875