0 0.0125 0.45234375 0.025 0.0796875
0 0.0375 0.4609375 0.02109375 0.078125
0 0.0625 0.46015625 0.025 0.0796875
0 0.0828125 0.46796875 0.02734375 0.0859375
0 0.1078125 0.47421875 0.0234375 0.0796875
0 0.196875 0.49296875 0.021875 0.0609375
0 0.23984375 0.50625 0.02265625 0.06875
0 0.26171875 0.5125 0.02265625 0.075
0 0.2859375 0.51328125 0.02109375 0.0703125
0 0.30546875 0.51796875 0.021875 0.0765625
0 0.3265625 0.52578125 0.01953125 0.0640625
0 0.35 0.53125 0.02265625 0.075
0 0.3734375 0.5375 0.01875 0.065625
0 0.39296875 0.5390625 0.01953125 0.078125
0 0.4171875 0.5515625 0.0203125 0.071875
0 0.4375 0.55703125 0.02265625 0.0734375
0 0.59921875 0.6984375 0.01953125 0.078125
0 0.6328125 0.91640625 0.03984375 0.0359375
0 0.77109375 0.95390625 0.01953125 0.0546875
0 0.63984375 0.82109375 0.046875 0.0421875
0 0.81171875 0.7109375 0.01875 0.059375
0 0.63515625 0.86953125 0.04921875 0.0453125
0 0.79140625 0.1609375 0.02109375 0.078125