0 0.05 0.18984375 0.04375 0.0453125
0 0.01484375 0.7921875 0.0296875 0.040625
0 0.09609375 0.73203125 0.0390625 0.0421875
0 0.15078125 0.70546875 0.04296875 0.0390625
0 0.2453125 0.6609375 0.04453125 0.04375
0 0.371875 0.3265625 0.046875 0.046875
0 0.421875 0.8421875 0.03984375 0.04375
0 0.58203125 0.38671875 0.02578125 0.0828125
0 0.6359375 0.3640625 0.021875 0.078125
0 0.66015625 0.3515625 0.021875 0.08125
0 0.68671875 0.3421875 0.02109375 0.078125
0 0.38515625 0.16171875 0.02578125 0.0765625
0 0.33515625 0.18671875 0.025 0.0796875
0 0.3609375 0.17578125 0.021875 0.0796875
0 0.73359375 0.23046875 0.040625 0.0359375
0 0.46484375 0.90234375 0.021875 0.0703125
0 0.53359375 0.8828125 0.021875 0.075
0 0.5734375 0.86640625 0.02265625 0.0765625
0 0.6 0.8546875 0.02265625 0.078125
0 0.4890625 0.89765625 0.02578125 0.0828125