2 0.5484375 0.3765625 0.0265625 0.115625
0 0.73984375 0.15078125 0.01953125 0.0796875
0 0.81953125 0.1203125 0.04296875 0.0375
0 0.82109375 0.16640625 0.04375 0.0359375
0 0.8234375 0.20859375 0.04296875 0.0328125
0 0.73515625 0.63671875 0.0234375 0.0765625
0 0.7140625 0.7875 0.01953125 0.08125
0 0.66015625 0.4984375 0.04375 0.034375
0 0.66171875 0.59453125 0.04375 0.0359375
0 0.6625 0.68515625 0.04453125 0.0328125
0 0.6640625 0.63828125 0.04765625 0.0328125
0 0.45859375 0.12890625 0.01640625 0.0703125
0 0.41484375 0.19140625 0.0375 0.0328125
0 0.4109375 0.2328125 0.04296875 0.0375
0 0.4109375 0.31015625 0.0375 0.0359375
0 0.26875 0.59765625 0.02734375 0.0390625
0 0.4140625 0.42578125 0.04375 0.0359375
0 0.4109375 0.38125 0.04140625 0.03125
0 0.88203125 0.88203125 0.01953125 0.0734375
0 0.90390625 0.88046875 0.01953125 0.0671875
0 0.928125 0.8859375 0.01953125 0.071875
0 0.946875 0.88515625 0.01796875 0.0609375
0 0.96875 0.88359375 0.0203125 0.0703125
0 0.990625 0.88046875 0.01796875 0.0703125
3 0.5890625 0.43515625 0.01953125 0.0765625