0 0.58203125 0.04140625 0.01640625 0.0703125
0 0.58359375 0.2109375 0.01875 0.06875
0 0.396875 0.1953125 0.01796875 0.075
2 0.54296875 0.4578125 0.02578125 0.109375
0 0.73671875 0.48359375 0.021875 0.0734375
0 0.81953125 0.45234375 0.04453125 0.0328125
0 0.8203125 0.49765625 0.04453125 0.0296875
0 0.82109375 0.54140625 0.04296875 0.0328125
0 0.74375 0.825 0.02265625 0.075
0 0.66171875 0.8390625 0.04609375 0.0375
3 0.6 0.6453125 0.028125 0.08125
0 0.66328125 0.934375 0.04140625 0.034375
0 0.665625 0.9796875 0.046875 0.034375
0 0.4546875 0.46484375 0.01953125 0.0734375
0 0.4140625 0.53046875 0.0421875 0.0296875
0 0.41171875 0.57109375 0.04609375 0.0328125
0 0.41015625 0.6453125 0.03671875 0.03125
0 0.40859375 0.7203125 0.03984375 0.03125
0 0.409375 0.76796875 0.03984375 0.0296875
0 0.26640625 0.94375 0.0328125 0.0375