0 0.0640625 0.7625 0.04296875 0.04375
0 0.11875 0.7390625 0.040625 0.040625
0 0.215625 0.696875 0.04296875 0.04375
0 0.38671875 0.87734375 0.04140625 0.0484375
0 0.3046875 0.21953125 0.0234375 0.0859375
0 0.3296875 0.2078125 0.02265625 0.084375
0 0.3546875 0.19375 0.02109375 0.078125
0 0.553125 0.42421875 0.02890625 0.0890625
0 0.340625 0.3546875 0.04296875 0.04375
0 0.60390625 0.39609375 0.02265625 0.0765625
0 0.63046875 0.38515625 0.0234375 0.0890625
0 0.65703125 0.378125 0.025 0.084375
0 0.70390625 0.2609375 0.04375 0.0375
0 0.43359375 0.9328125 0.02265625 0.075
0 0.5015625 0.9140625 0.025 0.071875
0 0.54375 0.9015625 0.0234375 0.078125
0 0.56796875 0.88828125 0.025 0.0765625
0 0.4578125 0.93359375 0.021875 0.0765625
0 0.0328125 0.96875 0.040625 0.046875
0 0.0203125 0.221875 0.040625 0.046875