0 0.2765625 0.17421875 0.02578125 0.0703125
0 0.30078125 0.15703125 0.025 0.0765625
0 0.359375 0.01875 0.03984375 0.0375
0 0.3703125 0.0515625 0.040625 0.04375
0 0.3765625 0.0921875 0.0390625 0.04375
0 0.38359375 0.13046875 0.04140625 0.0421875
0 0.38984375 0.16875 0.04453125 0.040625
0 0.39921875 0.2 0.0421875 0.04375
0 0.403125 0.24296875 0.04140625 0.0484375
0 0.41328125 0.0078125 0.040625 0.015625
0 0.4171875 0.03046875 0.0390625 0.0421875
0 0.428125 0.06484375 0.03984375 0.0359375
0 0.4375 0.10546875 0.0421875 0.0421875
0 0.43984375 0.14140625 0.04140625 0.0421875
0 0.44609375 0.17421875 0.03671875 0.0390625
0 0.45390625 0.21640625 0.0390625 0.0421875
0 0.5375 0.01796875 0.046875 0.0359375
0 0.54296875 0.04921875 0.04453125 0.0390625
0 0.55390625 0.0875 0.04140625 0.046875
0 0.55703125 0.12109375 0.04375 0.0453125
0 0.5625 0.1578125 0.040625 0.046875
0 0.56875 0.19375 0.040625 0.046875
0 0.565625 0.2375 0.04453125 0.04375
0 0.97578125 0.16875 0.04140625 0.0375
3 0.98203125 0.2828125 0.034375 0.04375
0 0.62421875 0.06953125 0.040625 0.0484375