0 0.83203125 0.2109375 0.02109375 0.071875
0 0.85625 0.7421875 0.0140625 0.0625
0 0.8171875 0.9171875 0.01953125 0.06875
0 0.64375 0.7296875 0.02265625 0.078125
0 0.68359375 0.85390625 0.04453125 0.0390625
0 0.67890625 0.89921875 0.04375 0.0453125
0 0.6765625 0.94765625 0.04375 0.0390625
0 0.0203125 0.4890625 0.040625 0.0375
0 0.05703125 0.48046875 0.0234375 0.0828125
0 0.0828125 0.484375 0.02265625 0.078125
0 0.1046875 0.48671875 0.02109375 0.0828125
0 0.153125 0.50546875 0.0234375 0.0765625
0 0.1296875 0.49765625 0.021875 0.0828125
0 0.23984375 0.5234375 0.021875 0.06875
0 0.28515625 0.53515625 0.021875 0.0734375
0 0.3296875 0.53984375 0.0203125 0.0703125
0 0.30625 0.53984375 0.01796875 0.0765625
0 0.3484375 0.5453125 0.021875 0.075
0 0.371875 0.55703125 0.01953125 0.0734375
0 0.48125 0.584375 0.01953125 0.06875
0 0.459375 0.58203125 0.02109375 0.0671875
0 0.4359375 0.57109375 0.01953125 0.0765625
0 0.41796875 0.56328125 0.01953125 0.0609375
0 0.39453125 0.5578125 0.01953125 0.071875