0 0.51796875 0.025 0.01875 0.05
0 0.53203125 0.16640625 0.02109375 0.0703125
0 0.53515625 0.2625 0.0203125 0.075
0 0.5375 0.43046875 0.01875 0.0703125
0 0.34921875 0.41484375 0.01953125 0.0765625
2 0.49375 0.5359375 0.025 0.109375
0 0.409375 0.684375 0.01875 0.065625
0 0.36796875 0.7546875 0.0375 0.03125
0 0.36328125 0.796875 0.04375 0.034375
0 0.3625 0.87421875 0.0390625 0.0328125
0 0.3609375 0.9453125 0.04296875 0.034375
3 0.57265625 0.81953125 0.0359375 0.0734375
0 0.70703125 0.93828125 0.01875 0.0765625
0 0.69296875 0.71015625 0.0203125 0.0765625
0 0.7734375 0.67421875 0.04453125 0.0390625
0 0.77421875 0.71953125 0.04609375 0.0328125
0 0.77734375 0.765625 0.04296875 0.034375
0 0.8328125 0.19609375 0.021875 0.0734375
2 0.14921875 0.184375 0.028125 0.075
2 0.20078125 0.1921875 0.0234375 0.05
0 0.51328125 0.98515625 0.01875 0.0265625
0 0.365625 0.98671875 0.04140625 0.0234375
0 0.7421875 0.23125 0.01328125 0.021875
0 0.759375 0.2296875 0.015625 0.01875