0 0.1859375 0.31015625 0.025 0.0765625
0 0.1375 0.3328125 0.0265625 0.078125
0 0.1625 0.32109375 0.025 0.0828125
0 0.17421875 0.4703125 0.040625 0.0375
0 0.3859375 0.53515625 0.02734375 0.0828125
0 0.4390625 0.5125 0.0203125 0.071875
0 0.4625 0.4984375 0.02265625 0.08125
0 0.490625 0.49140625 0.0234375 0.0734375
0 0.53515625 0.38203125 0.04453125 0.0421875
0 0.36640625 0.853125 0.04140625 0.04375
0 0.21796875 0.984375 0.0328125 0.028125
0 0.046875 0.8125 0.04453125 0.053125
0 0.5421875 0.02578125 0.03984375 0.0453125
0 0.5484375 0.0578125 0.0421875 0.040625