3 0.3640625 0.63984375 0.04375 0.0515625
0 0.31328125 0.403125 0.04375 0.04375
0 0.2859375 0.17890625 0.04140625 0.0421875
0 0.2921875 0.21796875 0.046875 0.0421875
0 0.3 0.2515625 0.040625 0.0375
0 0.37265625 0.2375 0.04296875 0.04375
0 0.30390625 0.2875 0.0359375 0.04375
0 0.31015625 0.32265625 0.04140625 0.0421875
0 0.31640625 0.35859375 0.04296875 0.0390625
0 0.0203125 0.3359375 0.0234375 0.075
0 0.0453125 0.31953125 0.02890625 0.0765625
0 0.090625 0.028125 0.040625 0.05
0 0.096875 0.0640625 0.03984375 0.04375
0 0.103125 0.10234375 0.0421875 0.0453125
0 0.10546875 0.1375 0.040625 0.0375
0 0.10703125 0.1796875 0.040625 0.04375
0 0.11484375 0.215625 0.0421875 0.04375
0 0.1234375 0.25234375 0.040625 0.0453125
0 0.12890625 0.29609375 0.0421875 0.0453125
0 0.1359375 0.3328125 0.04296875 0.05
0 0.1453125 0.36484375 0.04375 0.0421875
0 0.1484375 0.40625 0.04375 0.05
0 0.1390625 0.01171875 0.04140625 0.0234375
0 0.1453125 0.0421875 0.03984375 0.04375
0 0.153125 0.08125 0.040625 0.040625
0 0.1546875 0.11875 0.0421875 0.040625
0 0.159375 0.15703125 0.040625 0.0484375
0 0.1625 0.20078125 0.0359375 0.0421875
0 0.171875 0.23203125 0.04296875 0.0421875
0 0.18125 0.27109375 0.04140625 0.0421875
0 0.1859375 0.30703125 0.0421875 0.0453125
0 0.1921875 0.34296875 0.0375 0.0421875
0 0.19921875 0.3828125 0.04140625 0.04375
0 0.253125 0.0296875 0.02265625 0.034375
0 0.265625 0.14609375 0.01796875 0.0390625
0 0.2625 0.1046875 0.01640625 0.0375
0 0.3703125 0.1203125 0.01953125 0.034375