3 0.2765625 0.68203125 0.046875 0.0484375
0 0.00859375 0.33984375 0.01640625 0.0765625
0 0.1046875 0.42265625 0.04375 0.0421875
0 0.1015625 0.378125 0.04296875 0.040625
0 0.09375 0.346875 0.04296875 0.04375
0 0.0859375 0.30859375 0.04375 0.0453125
0 0.071875 0.2328125 0.040625 0.040625
0 0.0640625 0.1953125 0.04140625 0.040625
0 0.0609375 0.15703125 0.0421875 0.0421875
0 0.05859375 0.11875 0.04375 0.04375
0 0.04140625 0.01484375 0.04140625 0.0296875
0 0.04765625 0.0421875 0.04140625 0.04375
0 0.05390625 0.078125 0.03984375 0.04375
0 0.096875 0.02109375 0.0421875 0.0359375
0 0.103125 0.05625 0.0390625 0.0375
0 0.1109375 0.0953125 0.0390625 0.04375
0 0.1140625 0.13671875 0.04140625 0.0390625
0 0.11953125 0.1734375 0.03984375 0.0375
0 0.121875 0.2140625 0.040625 0.046875
0 0.12734375 0.24609375 0.0421875 0.0453125
0 0.2609375 0.303125 0.0421875 0.040625
0 0.13984375 0.28515625 0.0421875 0.0453125
0 0.14375 0.321875 0.0421875 0.04375
0 0.1484375 0.359375 0.0390625 0.04375
0 0.15546875 0.39453125 0.03984375 0.0421875
0 0.2671875 0.340625 0.04140625 0.04375
0 0.2734375 0.375 0.04375 0.04375
0 0.26796875 0.41484375 0.04296875 0.0453125
0 0.2578125 0.27109375 0.040625 0.0421875
0 0.24765625 0.23125 0.04453125 0.040625
0 0.2375 0.196875 0.0296875 0.028125
0 0.3390625 0.246875 0.02578125 0.0375
0 0.68046875 0.3578125 0.04296875 0.040625
0 0.328125 0.1359375 0.02578125 0.0375