0 0.103125 0.27890625 0.0234375 0.0703125
0 0.12734375 0.2640625 0.0265625 0.078125
0 0.17890625 0.015625 0.04453125 0.03125
0 0.184375 0.0453125 0.0421875 0.046875
0 0.18515625 0.08203125 0.03984375 0.0421875
0 0.18828125 0.121875 0.040625 0.040625
0 0.19765625 0.15625 0.040625 0.04375
0 0.20703125 0.19609375 0.040625 0.0453125
0 0.2125 0.234375 0.04296875 0.040625
0 0.21796875 0.275 0.04453125 0.05
0 0.228125 0.30625 0.040625 0.04375
0 0.23203125 0.346875 0.04140625 0.04375
0 0.23359375 0.0265625 0.040625 0.046875
0 0.23828125 0.0640625 0.0390625 0.040625
0 0.2421875 0.09921875 0.0375 0.0453125
0 0.2453125 0.13984375 0.0390625 0.0453125
0 0.25390625 0.175 0.0390625 0.04375
0 0.26484375 0.2125 0.03984375 0.0375
0 0.26875 0.246875 0.0421875 0.0375
0 0.27421875 0.28515625 0.03671875 0.0453125
0 0.28125 0.321875 0.0375 0.04375
0 0.39453125 0.3453125 0.0421875 0.040625
0 0.35234375 0.04453125 0.034375 0.0328125
0 0.35078125 0.0109375 0.01953125 0.021875
0 0.3546875 0.08984375 0.0296875 0.0328125
0 0.39921875 0.303125 0.04140625 0.04375
0 0.3921875 0.265625 0.03984375 0.04375
0 0.3859375 0.22734375 0.0375 0.0453125
0 0.3828125 0.19140625 0.040625 0.0421875
0 0.371875 0.1578125 0.0421875 0.046875
0 0.3671875 0.1234375 0.03984375 0.028125
0 0.45546875 0.1765625 0.0390625 0.0375
3 0.553125 0.528125 0.04765625 0.053125
0 0.8046875 0.28359375 0.0421875 0.0421875
0 0.45078125 0.05859375 0.021875 0.0390625