0 0.2640625 0.91171875 0.0375 0.0421875
0 0.29375 0.965625 0.0390625 0.040625
0 0.46953125 0.96953125 0.02578125 0.0578125
0 0.44375 0.9734375 0.0203125 0.05
0 0.40078125 0.98046875 0.021875 0.0359375
0 0.021875 0.8296875 0.0421875 0.0375
0 0.11953125 0.7859375 0.040625 0.040625
0 0.209375 0.30703125 0.025 0.0796875
0 0.2359375 0.29453125 0.02265625 0.0796875
0 0.25859375 0.28515625 0.02265625 0.0734375
0 0.246875 0.44765625 0.040625 0.0421875
0 0.60859375 0.353125 0.0421875 0.040625
0 0.56015625 0.46484375 0.02734375 0.0765625
0 0.5359375 0.4734375 0.02265625 0.08125
0 0.51171875 0.48515625 0.02265625 0.0734375
0 0.4578125 0.50703125 0.02734375 0.0796875
0 0.62109375 0.03203125 0.03984375 0.0390625
0 0.61796875 0.00703125 0.0375 0.0140625