0 0.4109375 0.021875 0.04453125 0.034375
0 0.10234375 0.5234375 0.0234375 0.084375
0 0.0609375 0.521875 0.04921875 0.046875
0 0.12890625 0.52890625 0.021875 0.0828125
0 0.15234375 0.525 0.0265625 0.08125
0 0.17421875 0.5359375 0.0203125 0.08125
0 0.1984375 0.54296875 0.021875 0.0765625
0 0.284375 0.559375 0.01640625 0.0625
0 0.33125 0.57421875 0.021875 0.0703125
0 0.35234375 0.575 0.01953125 0.08125
0 0.37421875 0.5796875 0.021875 0.06875
0 0.39609375 0.58125 0.02109375 0.078125
0 0.41640625 0.59375 0.0203125 0.06875
0 0.43984375 0.5953125 0.01875 0.06875
0 0.46328125 0.60078125 0.01796875 0.0640625
0 0.48203125 0.6046875 0.01875 0.071875
0 0.50390625 0.615625 0.021875 0.065625
0 0.5265625 0.62265625 0.02109375 0.0671875
0 0.896875 0.78359375 0.01953125 0.0640625
0 0.8671875 0.8953125 0.02265625 0.0625
0 0.6875 0.771875 0.0203125 0.078125
0 0.728125 0.89453125 0.04609375 0.0390625
0 0.721875 0.94296875 0.046875 0.0390625
0 0.71953125 0.98203125 0.04375 0.0328125
0 0.8765625 0.2625 0.0203125 0.071875