0 0.16484375 0.45078125 0.021875 0.0796875
0 0.19375 0.44296875 0.0203125 0.0796875
0 0.23515625 0.4515625 0.02109375 0.078125
0 0.28125 0.45078125 0.0234375 0.0796875
0 0.3046875 0.46484375 0.0203125 0.0734375
0 0.34140625 0.546875 0.04296875 0.034375
0 0.50078125 0.453125 0.04609375 0.040625
2 0.63671875 0.190625 0.03359375 0.04375
2 0.64296875 0.09921875 0.04609375 0.0515625
0 0.62890625 0.2828125 0.01953125 0.03125
0 0.62734375 0.365625 0.01640625 0.034375
0 0.62734375 0.40078125 0.01953125 0.0296875
0 0.8828125 0.2453125 0.04140625 0.0375
0 0.8734375 0.06875 0.0390625 0.034375
2 0.86953125 0.11015625 0.0546875 0.0421875
2 0.871875 0.15625 0.053125 0.04375
0 0.48203125 0.80546875 0.0390625 0.0359375
0 0.584375 0.81015625 0.040625 0.0328125
0 0.63984375 0.81171875 0.03984375 0.0359375
0 0.73203125 0.78671875 0.03984375 0.0359375
0 0.01953125 0.91953125 0.025 0.0890625
0 0.04609375 0.915625 0.02265625 0.0875
0 0.10390625 0.921875 0.025 0.090625
0 0.89609375 0.7296875 0.04609375 0.0375
0 0.06953125 0.18046875 0.02109375 0.0390625