0 0.41328125 0.14453125 0.02109375 0.0796875
0 0.4390625 0.1296875 0.02890625 0.078125
0 0.6796875 0.02109375 0.0390625 0.0421875
0 0.690625 0.05703125 0.040625 0.0421875
0 0.69375 0.090625 0.04140625 0.040625
0 0.6984375 0.1296875 0.040625 0.040625
0 0.7078125 0.16171875 0.03984375 0.0390625
0 0.7046875 0.20546875 0.04609375 0.0421875
0 0.7609375 0.04296875 0.034375 0.0421875
0 0.50625 0.021875 0.04296875 0.040625
0 0.5125 0.0609375 0.04375 0.04375
0 0.521875 0.0984375 0.04140625 0.04375
0 0.52890625 0.1375 0.04296875 0.04375
0 0.5375 0.1734375 0.04296875 0.04375
0 0.540625 0.2140625 0.04375 0.04375
0 0.5546875 0.0125 0.04453125 0.025
0 0.56328125 0.0390625 0.04296875 0.04375
0 0.57421875 0.0734375 0.0421875 0.046875
0 0.578125 0.11015625 0.04140625 0.0484375
0 0.584375 0.14765625 0.0359375 0.0453125
0 0.59140625 0.18828125 0.0390625 0.0515625