0 0.7640625 0.31640625 0.04453125 0.0390625
0 0.45703125 0.58515625 0.04609375 0.0484375
0 0.41171875 0.209375 0.04296875 0.04375
0 0.0609375 0.30859375 0.02265625 0.0703125
0 0.0875 0.29375 0.02578125 0.075
0 0.18984375 0.38125 0.0421875 0.040625
0 0.1875 0.3390625 0.04375 0.040625
0 0.17734375 0.303125 0.04453125 0.040625
0 0.171875 0.2703125 0.04140625 0.0375
0 0.16484375 0.22890625 0.0390625 0.0390625
0 0.14921875 0.15234375 0.04140625 0.0453125
0 0.15703125 0.1890625 0.03984375 0.0375
0 0.13046875 0.01328125 0.0421875 0.0265625
0 0.1375 0.040625 0.03984375 0.040625
0 0.14453125 0.07734375 0.0421875 0.0421875
0 0.1453125 0.115625 0.040625 0.040625
0 0.18828125 0.021875 0.03984375 0.0375
0 0.19453125 0.053125 0.03984375 0.040625
0 0.19765625 0.0953125 0.03984375 0.040625
0 0.2 0.13046875 0.03984375 0.0390625
0 0.2046875 0.171875 0.04296875 0.04375
0 0.2125 0.20546875 0.04296875 0.0359375
0 0.22265625 0.24375 0.04140625 0.04375
0 0.228125 0.27890625 0.0421875 0.0421875
0 0.23359375 0.315625 0.03984375 0.040625
0 0.23984375 0.35546875 0.0390625 0.0390625
0 0.3 0.01171875 0.03359375 0.0234375
0 0.3125 0.078125 0.0390625 0.0375
0 0.31171875 0.12109375 0.0265625 0.0296875
0 0.32421875 0.153125 0.03671875 0.040625
0 0.3296875 0.1921875 0.0421875 0.040625
0 0.33984375 0.22734375 0.04140625 0.0390625
0 0.34453125 0.2625 0.0390625 0.040625
0 0.34921875 0.29765625 0.04296875 0.0421875
0 0.353125 0.378125 0.04296875 0.04375
0 0.35703125 0.33515625 0.040625 0.0421875
0 0.4109375 0.09375 0.021875 0.0375