0 0.42578125 0.30546875 0.0421875 0.0328125
0 0.421875 0.34375 0.04296875 0.028125
0 0.42265625 0.42265625 0.03984375 0.0328125
0 0.42109375 0.4921875 0.0421875 0.028125
0 0.42421875 0.534375 0.04453125 0.03125
0 0.27890625 0.71015625 0.028125 0.0328125
0 0.4671875 0.24140625 0.0203125 0.0671875
0 0.7484375 0.26328125 0.02109375 0.0703125
2 0.5578125 0.39765625 0.0265625 0.1078125
3 0.6 0.49609375 0.025 0.0765625
0 0.671875 0.6140625 0.04609375 0.0375
0 0.72421875 0.903125 0.01640625 0.075
0 0.7453125 0.70390625 0.01796875 0.0796875
0 0.67421875 0.70859375 0.0375 0.0328125
0 0.675 0.75234375 0.04453125 0.0296875
0 0.6734375 0.8015625 0.04375 0.034375
0 0.828125 0.2328125 0.04453125 0.03125
0 0.8296875 0.278125 0.04609375 0.03125
0 0.83359375 0.32109375 0.04296875 0.0328125
0 0.596875 0.01171875 0.015625 0.0234375
0 0.8953125 0.9796875 0.01953125 0.0375
0 0.915625 0.978125 0.01875 0.040625
0 0.93828125 0.97890625 0.01953125 0.0390625
0 0.959375 0.98125 0.01796875 0.034375
0 0.98046875 0.9765625 0.01953125 0.04375