0 0.55703125 0.1375 0.03671875 0.034375
0 0.015625 0.5734375 0.025 0.078125
0 0.03828125 0.57890625 0.021875 0.0671875
0 0.06171875 0.58671875 0.02265625 0.0734375
0 0.084375 0.58671875 0.02109375 0.0734375
0 0.11484375 0.596875 0.025 0.075
0 0.25 0.63515625 0.02265625 0.0765625
0 0.209375 0.63828125 0.0484375 0.0390625
0 0.2765625 0.63828125 0.0203125 0.0703125
0 0.29921875 0.640625 0.025 0.075
0 0.34609375 0.6578125 0.02734375 0.075
0 0.3234375 0.65078125 0.02265625 0.0828125
0 0.4328125 0.6765625 0.01953125 0.0625
0 0.4765625 0.690625 0.01796875 0.071875
0 0.4984375 0.6953125 0.01875 0.075
0 0.51875 0.69765625 0.0203125 0.0640625
0 0.5390625 0.70390625 0.02109375 0.0703125
0 0.5609375 0.71328125 0.01796875 0.0671875
0 0.5828125 0.7140625 0.01796875 0.078125
0 0.60703125 0.7234375 0.01875 0.0625
0 0.62734375 0.728125 0.02109375 0.06875
0 0.64765625 0.740625 0.01484375 0.06875
0 0.66875 0.74375 0.0203125 0.06875
0 0.8296875 0.890625 0.0203125 0.075