0 0.73828125 0.46796875 0.04765625 0.0359375
0 0.5765625 0.5609375 0.03984375 0.034375
0 0.40625 0.46484375 0.01796875 0.0796875
0 0.4328125 0.4640625 0.02109375 0.08125
0 0.47578125 0.4703125 0.01796875 0.075
0 0.51953125 0.471875 0.01875 0.078125
0 0.54140625 0.4828125 0.01640625 0.071875
0 0.31328125 0.2 0.021875 0.040625
0 0.2375 0.92578125 0.02109375 0.0890625
0 0.3484375 0.9328125 0.0234375 0.084375
0 0.29296875 0.92890625 0.0203125 0.0796875
0 0.2671875 0.93046875 0.02109375 0.0828125
0 0.71953125 0.81640625 0.0390625 0.0328125
0 0.8171875 0.82265625 0.04140625 0.0359375
0 0.875 0.82421875 0.040625 0.0328125
0 0.965625 0.80234375 0.04140625 0.0390625
2 0.88359375 0.11640625 0.03515625 0.0390625
2 0.8765625 0.2078125 0.0234375 0.04375