0 0.95546875 0.33203125 0.01953125 0.0671875
0 0.990625 0.58125 0.01796875 0.03125
0 0.9328125 0.34296875 0.02109375 0.0765625
0 0.91171875 0.3359375 0.0203125 0.059375
0 0.89140625 0.3453125 0.0203125 0.078125
0 0.87109375 0.346875 0.0203125 0.078125
0 0.85390625 0.34296875 0.01796875 0.0796875
0 0.621875 0.08828125 0.01796875 0.0765625
3 0.6109375 0.36484375 0.01953125 0.0796875
0 0.60703125 0.48203125 0.02109375 0.0734375
0 0.671875 0.55234375 0.01640625 0.0671875
0 0.48515625 0.91875 0.01953125 0.075
3 0.50078125 0.9859375 0.04453125 0.025
0 0.5078125 0.9171875 0.01640625 0.071875
0 0.53125 0.9203125 0.01796875 0.06875
0 0.553125 0.92109375 0.01484375 0.0765625
0 0.5734375 0.921875 0.01796875 0.078125
0 0.59609375 0.921875 0.01640625 0.084375
0 0.61640625 0.92734375 0.01796875 0.0796875
0 0.6390625 0.928125 0.021875 0.071875
0 0.70234375 0.93046875 0.0234375 0.0796875
0 0.72265625 0.9359375 0.01875 0.065625
0 0.98203125 0.95234375 0.01953125 0.0671875
0 0.9625 0.9546875 0.02109375 0.078125
0 0.9390625 0.94765625 0.0203125 0.0765625
0 0.9171875 0.95 0.01875 0.08125
0 0.8953125 0.94296875 0.02109375 0.0765625
0 0.8328125 0.940625 0.02109375 0.065625
0 0.8078125 0.9359375 0.021875 0.075
0 0.78828125 0.93515625 0.01875 0.0734375
0 0.76875 0.9375 0.01953125 0.06875
0 0.7453125 0.94140625 0.01875 0.0734375