3 0.2109375 0.85 0.04453125 0.0375
0 0.27734375 0.85546875 0.0390625 0.0328125
0 0.3203125 0.74921875 0.0375 0.0296875
0 0.04765625 0.83828125 0.04375 0.0328125
0 0.0125 0.83828125 0.025 0.0359375
0 0.25 0.1296875 0.01953125 0.06875
0 0.3296875 0.15 0.01640625 0.071875
0 0.190625 0.228125 0.0390625 0.0375
0 0.19765625 0.26640625 0.04140625 0.0359375
0 0.19296875 0.30546875 0.034375 0.0296875
0 0.19921875 0.3453125 0.04140625 0.034375
0 0.2 0.38046875 0.0390625 0.0296875
0 0.196875 0.41484375 0.040625 0.0296875
0 0.53984375 0.0171875 0.0421875 0.03125
0 0.5390625 0.05546875 0.03984375 0.0359375
0 0.5359375 0.090625 0.03984375 0.034375
0 0.515625 0.975 0.04140625 0.034375
0 0.5203125 0.81484375 0.04296875 0.0421875
0 0.51875 0.85859375 0.0421875 0.0359375
0 0.51796875 0.8953125 0.04140625 0.034375
0 0.515625 0.934375 0.04609375 0.0375
0 0.52265625 0.7046875 0.040625 0.0375
0 0.525 0.6640625 0.03671875 0.034375
0 0.52734375 0.6265625 0.03984375 0.040625
0 0.5296875 0.46796875 0.03671875 0.0328125
0 0.52578125 0.51015625 0.03984375 0.0359375
0 0.5234375 0.54765625 0.04296875 0.0296875
0 0.52578125 0.58515625 0.0390625 0.0359375
0 0.52890625 0.35703125 0.0375 0.0296875
0 0.5328125 0.31953125 0.040625 0.0296875
0 0.5328125 0.27890625 0.0375 0.0328125
0 0.53359375 0.24140625 0.04140625 0.0265625
0 0.53359375 0.2046875 0.03671875 0.028125
0 0.534375 0.16875 0.0375 0.034375
0 0.5359375 0.13203125 0.04140625 0.0328125