0 0.2296875 0.28828125 0.0265625 0.0765625
0 0.50625 0.0171875 0.040625 0.034375
0 0.51171875 0.04453125 0.03984375 0.0484375
0 0.51953125 0.0796875 0.03515625 0.04375
0 0.52578125 0.1125 0.0375 0.04375
0 0.534375 0.14765625 0.0375 0.0421875
0 0.55 0.22109375 0.03359375 0.0453125
0 0.5796875 0.3625 0.03984375 0.04375
0 0.58828125 0.39921875 0.03984375 0.0484375
0 0.59296875 0.43828125 0.04140625 0.0453125
0 0.60390625 0.47265625 0.03984375 0.0453125
0 0.61328125 0.5140625 0.04296875 0.05
0 0.6359375 0.57265625 0.0265625 0.0734375
0 0.66015625 0.73515625 0.04140625 0.0515625
0 0.6734375 0.7828125 0.0375 0.046875
0 0.68125 0.81875 0.03515625 0.05
0 0.6875 0.85546875 0.0359375 0.0453125
0 0.6953125 0.89765625 0.040625 0.0453125
0 0.70234375 0.93125 0.0390625 0.046875
0 0.7109375 0.96953125 0.0421875 0.0484375