0 0.953125 0.20234375 0.040625 0.0328125
3 0.0546875 0.14453125 0.02578125 0.0828125
0 0.05390625 0.265625 0.02265625 0.075
0 0.1140625 0.33828125 0.01328125 0.0609375
0 0.30546875 0.1171875 0.01796875 0.071875
0 0.325 0.12109375 0.01484375 0.0734375
0 0.3453125 0.1203125 0.01640625 0.078125
0 0.365625 0.109375 0.015625 0.059375
0 0.38828125 0.1140625 0.01875 0.071875
0 0.4109375 0.1046875 0.01875 0.06875
0 0.4671875 0.21328125 0.03359375 0.0328125
0 0.45859375 0.35703125 0.040625 0.0328125
0 0.9953125 0.7671875 0.00703125 0.06875
0 0.875 0.7578125 0.01796875 0.0625
0 0.9203125 0.76328125 0.01796875 0.0703125
0 0.940625 0.76484375 0.01875 0.0703125
0 0.96171875 0.76015625 0.01640625 0.0640625
0 0.98125 0.76171875 0.01953125 0.0734375
0 0.79140625 0.75546875 0.021875 0.0765625
0 0.76796875 0.75234375 0.01875 0.0765625
0 0.74609375 0.7484375 0.01875 0.075
0 0.7 0.7515625 0.021875 0.075
0 0.725 0.7515625 0.01875 0.071875
0 0.659375 0.76328125 0.04375 0.0328125
0 0.0046875 0.70625 0.009375 0.071875
0 0.021875 0.71171875 0.0203125 0.0765625
0 0.04375 0.71484375 0.0203125 0.0703125
0 0.0671875 0.71484375 0.02578125 0.0796875
0 0.13515625 0.71640625 0.0234375 0.0765625
0 0.15859375 0.72265625 0.01953125 0.0671875
0 0.1796875 0.72734375 0.0203125 0.0734375
0 0.20546875 0.72109375 0.01875 0.0703125
0 0.228125 0.7203125 0.0203125 0.08125
0 0.24921875 0.72265625 0.02109375 0.0765625
0 0.2734375 0.72734375 0.01953125 0.0640625
0 0.33984375 0.725 0.01796875 0.071875
0 0.3609375 0.7328125 0.01640625 0.075
0 0.38515625 0.72890625 0.01484375 0.0734375
0 0.40625 0.7328125 0.01953125 0.071875
0 0.42734375 0.73203125 0.01640625 0.0765625
0 0.45078125 0.73046875 0.01875 0.0796875
0 0.471875 0.73203125 0.01484375 0.0765625
0 0.49375 0.7359375 0.01640625 0.065625
0 0.51640625 0.7359375 0.01953125 0.075
0 0.5671875 0.7390625 0.01484375 0.06875
0 0.5390625 0.7375 0.01484375 0.071875
3 0.08359375 0.78984375 0.04765625 0.0359375