0 0.33984375 0.009375 0.0140625 0.01875
0 0.23359375 0.1203125 0.0390625 0.03125
0 0.23203125 0.196875 0.040625 0.034375
0 0.2328125 0.234375 0.04296875 0.028125
0 0.23515625 0.2734375 0.040625 0.034375
0 0.23671875 0.33203125 0.04375 0.0296875
2 0.3015625 0.18671875 0.03046875 0.1671875
3 0.31328125 0.39140625 0.0203125 0.0796875
0 0.33515625 0.19140625 0.0203125 0.0703125
0 0.40390625 0.19296875 0.01875 0.0671875
0 0.38046875 0.19296875 0.01796875 0.0703125
0 0.359375 0.1875 0.01875 0.06875
0 0.07734375 0.5375 0.0421875 0.03125
0 0.13359375 0.5328125 0.03984375 0.03125
0 0.1875 0.5375 0.0421875 0.034375
0 0.62734375 0.3921875 0.02265625 0.071875
0 0.8953125 0.1046875 0.02265625 0.071875
0 0.790625 0.925 0.04296875 0.028125
0 0.85078125 0.834375 0.02265625 0.084375
0 0.878125 0.8359375 0.02109375 0.084375
0 0.95625 0.83203125 0.02578125 0.0859375
0 0.903125 0.83046875 0.0203125 0.0734375