0 0.4671875 0.7421875 0.025 0.071875
0 0.3859375 0.78671875 0.02265625 0.0640625
0 0.35234375 0.92265625 0.040625 0.0515625
0 0.36796875 0.95625 0.03984375 0.046875
0 0.3734375 0.98515625 0.03359375 0.0265625
0 0.59609375 0.2578125 0.02734375 0.078125
0 0.54296875 0.05078125 0.04296875 0.0453125
0 0.5484375 0.08828125 0.04140625 0.0484375
0 0.55546875 0.12578125 0.03671875 0.0390625
0 0.56484375 0.159375 0.03984375 0.04375
0 0.575 0.1984375 0.04140625 0.05
0 0.61953125 0.41796875 0.03984375 0.0453125
0 0.63125 0.46640625 0.03515625 0.0453125
0 0.6375 0.5046875 0.0421875 0.05
0 0.64609375 0.5375 0.03671875 0.0375
0 0.653125 0.5765625 0.040625 0.046875
0 0.66015625 0.6125 0.04140625 0.046875
0 0.66953125 0.646875 0.0421875 0.04375
0 0.67890625 0.68359375 0.040625 0.0453125
0 0.684375 0.72109375 0.03984375 0.0484375
0 0.69375 0.75859375 0.040625 0.0484375
0 0.70078125 0.7921875 0.03671875 0.046875
0 0.7265625 0.90078125 0.034375 0.0390625
0 0.73359375 0.9421875 0.0390625 0.05
0 0.7390625 0.97578125 0.04375 0.0453125