0 0.36015625 0.5265625 0.046875 0.034375
0 0.415625 0.52265625 0.040625 0.0265625
0 0.46875 0.52265625 0.0390625 0.0328125
0 0.51484375 0.10859375 0.04140625 0.0390625
0 0.5125 0.18515625 0.040625 0.0359375
0 0.51328125 0.2234375 0.04140625 0.03125
0 0.51484375 0.26015625 0.0375 0.0328125
0 0.515625 0.31953125 0.04140625 0.0296875
3 0.5953125 0.38203125 0.0203125 0.0796875
2 0.58984375 0.175 0.0234375 0.171875
0 0.615625 0.17265625 0.015625 0.0671875
0 0.6390625 0.17421875 0.01640625 0.0640625
0 0.66328125 0.18046875 0.015625 0.0703125
0 0.6859375 0.178125 0.01640625 0.071875
0 0.903125 0.37890625 0.02109375 0.0734375
0 0.196875 0.759375 0.040625 0.034375
2 0.33984375 0.97109375 0.02265625 0.0546875