0 0.71328125 0.028125 0.01953125 0.05625
3 0.70625 0.31328125 0.02109375 0.0828125
0 0.70703125 0.4296875 0.01640625 0.071875
0 0.76484375 0.49765625 0.01875 0.0734375
0 0.95 0.2828125 0.02109375 0.06875
0 0.96875 0.2875 0.01640625 0.071875
0 0.98984375 0.2890625 0.01875 0.075
0 0.5828125 0.8609375 0.01953125 0.075
3 0.57890625 0.96484375 0.040625 0.0671875
0 0.60625 0.8609375 0.02109375 0.08125
0 0.6296875 0.8609375 0.01953125 0.075
0 0.65078125 0.859375 0.01796875 0.071875
0 0.671875 0.8578125 0.01953125 0.078125
0 0.69453125 0.86328125 0.021875 0.0828125
0 0.7140625 0.86640625 0.01875 0.0703125
0 0.73828125 0.8671875 0.021875 0.078125
0 0.93125 0.884375 0.015625 0.06875
0 0.90859375 0.878125 0.02109375 0.078125
0 0.8890625 0.87578125 0.01640625 0.0765625
0 0.86640625 0.878125 0.01484375 0.071875
0 0.84453125 0.88046875 0.0203125 0.0734375
0 0.82265625 0.875 0.01953125 0.06875
0 0.80078125 0.871875 0.01875 0.075
0 0.99296875 0.8859375 0.0125 0.06875