3 0.15859375 0.88671875 0.04765625 0.0359375
0 0.015625 0.81015625 0.0203125 0.0734375
0 0.03984375 0.81015625 0.0203125 0.0796875
0 0.0625 0.8109375 0.01875 0.078125
0 0.0859375 0.80859375 0.01796875 0.0734375
0 0.109375 0.80859375 0.02109375 0.0734375
0 0.13203125 0.81171875 0.01953125 0.0765625
0 0.1515625 0.815625 0.01875 0.071875
0 0.17734375 0.81484375 0.0203125 0.0734375
0 0.24296875 0.81875 0.01875 0.075
0 0.265625 0.821875 0.01796875 0.065625
0 0.2875 0.825 0.01640625 0.071875
0 0.3125 0.8203125 0.01796875 0.0625
0 0.37890625 0.8265625 0.01796875 0.06875
0 0.3546875 0.82421875 0.0203125 0.0734375
0 0.3328125 0.81875 0.015625 0.078125
0 0.44453125 0.8234375 0.01640625 0.075
0 0.46640625 0.8296875 0.01796875 0.075
0 0.490625 0.83046875 0.01640625 0.0734375
0 0.51015625 0.83359375 0.015625 0.0734375
0 0.53203125 0.83046875 0.01484375 0.0703125
0 0.5515625 0.83046875 0.01484375 0.0734375
0 0.575 0.83359375 0.01953125 0.0734375
0 0.596875 0.8359375 0.0140625 0.065625
0 0.61953125 0.8375 0.01875 0.071875
0 0.64375 0.83984375 0.01484375 0.0765625
0 0.66953125 0.8390625 0.01640625 0.075
0 0.7625 0.86171875 0.04375 0.0328125
0 0.80234375 0.853125 0.01875 0.075
0 0.8265625 0.85078125 0.01796875 0.0765625
0 0.8484375 0.8484375 0.01796875 0.071875
0 0.8921875 0.85546875 0.01875 0.0703125
0 0.87109375 0.85078125 0.01796875 0.0796875
0 0.978125 0.85546875 0.01875 0.0640625
0 0.221875 0.43828125 0.0125 0.0578125
0 0.4078125 0.21796875 0.01796875 0.0734375
0 0.428125 0.2234375 0.01484375 0.06875
0 0.44921875 0.22265625 0.01640625 0.0765625
0 0.46875 0.209375 0.01796875 0.059375
0 0.5140625 0.2078125 0.01875 0.06875
0 0.49140625 0.21875 0.015625 0.075
0 0.56796875 0.3109375 0.03359375 0.03125
0 0.55859375 0.4578125 0.0421875 0.03125
3 0.16171875 0.2453125 0.021875 0.078125
0 0.16171875 0.36171875 0.021875 0.0734375