0 0.0125 0.140625 0.025 0.065625
0 0.0921875 0.03671875 0.0296875 0.0671875
0 0.05859375 0.14140625 0.03203125 0.0703125
0 0.04765625 0.19296875 0.0296875 0.0609375
0 0.15078125 0.26875 0.0265625 0.06875
2 0.19375 0.23828125 0.04375 0.0734375
2 0.07109375 0.28046875 0.06171875 0.1046875
2 0.04765625 0.61484375 0.0546875 0.0796875
2 0.07109375 0.7015625 0.046875 0.06875
0 0.13359375 0.540625 0.0296875 0.075
0 0.2390625 0.3390625 0.0375 0.053125
0 0.3015625 0.47734375 0.04140625 0.0640625
2 0.2453125 0.3828125 0.046875 0.06875
2 0.26015625 0.41953125 0.04609375 0.0640625
0 0.09140625 0.7859375 0.0421875 0.05625
0 0.11796875 0.85234375 0.0375 0.0546875
0 0.128125 0.8875 0.0375 0.05625
0 0.6609375 0.75390625 0.04140625 0.0546875