0 0.109375 0.0546875 0.01875 0.065625
0 0.0703125 0.21953125 0.04609375 0.0453125
0 0.07109375 0.2625 0.040625 0.03125
0 0.07109375 0.3 0.03984375 0.034375
0 0.47109375 0.55078125 0.04375 0.0421875
0 0.52734375 0.546875 0.04296875 0.0375
0 0.57890625 0.5484375 0.04375 0.0375
2 0.70390625 0.2015625 0.02734375 0.171875
0 0.63046875 0.1359375 0.03046875 0.028125
0 0.62734375 0.21171875 0.03203125 0.0265625
0 0.63046875 0.25234375 0.0328125 0.0296875
0 0.63125 0.290625 0.028125 0.03125
0 0.63359375 0.3453125 0.03203125 0.03125
3 0.70546875 0.4078125 0.02265625 0.08125
0 0.73203125 0.0171875 0.01796875 0.034375
0 0.72734375 0.20078125 0.01953125 0.0734375
0 0.75078125 0.19375 0.01640625 0.078125
0 0.75390625 0.01171875 0.01484375 0.0234375
0 0.79765625 0.20546875 0.01796875 0.0734375
0 0.7734375 0.21015625 0.01953125 0.0765625
0 0.3125 0.78515625 0.03984375 0.0359375
0 0.1078125 0.13515625 0.02109375 0.0828125
2 0.45390625 0.98203125 0.021875 0.0328125