0 0.265625 0.28203125 0.01953125 0.0671875
0 0.3125 0.28515625 0.02109375 0.0734375
0 0.71875 0.55625 0.04140625 0.028125
0 0.75390625 0.67890625 0.0359375 0.0265625
0 0.1578125 0.7984375 0.04140625 0.0375
2 0.09296875 0.8015625 0.04375 0.075
0 0.02578125 0.90703125 0.02578125 0.0734375
0 0.01796875 0.08984375 0.01640625 0.0703125
0 0.91328125 0.5359375 0.015625 0.065625
0 0.95625 0.53515625 0.01640625 0.0734375
0 0.98046875 0.53046875 0.01640625 0.0546875
2 0.8953125 0.5328125 0.015625 0.065625