0 0.43828125 0.26640625 0.04140625 0.0453125
0 0.44609375 0.3 0.03671875 0.04375
0 0.45234375 0.33828125 0.03671875 0.0453125
0 0.45859375 0.37109375 0.03203125 0.0453125
0 0.46640625 0.41015625 0.03671875 0.0453125
0 0.47578125 0.4453125 0.0390625 0.04375
0 0.4796875 0.484375 0.04140625 0.046875
0 0.48671875 0.515625 0.0375 0.040625
0 0.4953125 0.54921875 0.03984375 0.0390625
0 0.503125 0.58359375 0.03515625 0.0421875
0 0.51953125 0.6609375 0.0328125 0.04375
0 0.55078125 0.803125 0.03984375 0.05
0 0.55703125 0.84375 0.04296875 0.053125
0 0.56171875 0.88203125 0.040625 0.0484375
0 0.57421875 0.91796875 0.040625 0.0515625
0 0.58515625 0.96171875 0.03984375 0.0484375
0 0.18984375 0.73125 0.0265625 0.06875