0 0.22421875 0.121875 0.021875 0.071875
0 0.22265625 0.0421875 0.0203125 0.06875
0 0.18125 0.203125 0.04375 0.0375
0 0.1828125 0.2421875 0.04375 0.03125
0 0.18359375 0.2828125 0.03984375 0.034375
0 0.01171875 0.55625 0.02265625 0.034375
0 0.07734375 0.815625 0.02578125 0.08125
0 0.11796875 0.815625 0.01875 0.084375
0 0.42109375 0.765625 0.04140625 0.028125
0 0.57890625 0.5359375 0.04375 0.03125
0 0.634375 0.53125 0.04375 0.0375
0 0.6875 0.52890625 0.03984375 0.0359375
2 0.56640625 0.97265625 0.01953125 0.0515625
0 0.9046875 0.1875 0.015625 0.078125
0 0.8796875 0.19453125 0.01875 0.0734375
0 0.8578125 0.18203125 0.015625 0.0703125
0 0.83515625 0.1859375 0.0203125 0.065625
2 0.8109375 0.1875 0.03203125 0.16875
3 0.81484375 0.3921875 0.0203125 0.078125
0 0.7453125 0.27109375 0.01640625 0.0328125
0 0.7421875 0.196875 0.01796875 0.028125
0 0.7453125 0.23671875 0.015625 0.0296875
0 0.74609375 0.1203125 0.015625 0.03125
0 0.83828125 0.0109375 0.015625 0.021875