0 0.134375 0.8015625 0.0203125 0.078125
0 0.17421875 0.79375 0.01875 0.08125
0 0.05703125 0.5390625 0.04140625 0.03125
0 0.05 0.7171875 0.04296875 0.034375
0 0.125 0.675 0.04765625 0.040625
0 0.23671875 0.1875 0.04296875 0.0375
0 0.2390625 0.228125 0.040625 0.03125
0 0.2390625 0.271875 0.0375 0.03125
0 0.27421875 0.03125 0.025 0.0625
0 0.27734375 0.10859375 0.0234375 0.0765625
0 0.47421875 0.74375 0.03984375 0.028125
0 0.63125 0.51484375 0.04140625 0.0296875
0 0.6875 0.5125 0.04296875 0.03125
0 0.73984375 0.5125 0.03984375 0.03125
2 0.8640625 0.16875 0.034375 0.175
3 0.865625 0.3703125 0.01875 0.075
0 0.8 0.25 0.01171875 0.03125
0 0.79921875 0.2125 0.0109375 0.025
0 0.93203125 0.171875 0.01796875 0.06875
0 0.95703125 0.16796875 0.01796875 0.0703125
0 0.9078125 0.159375 0.02109375 0.071875
2 0.61953125 0.965625 0.01796875 0.065625
0 0.7984375 0.175 0.009375 0.01875
0 0.8015625 0.103125 0.009375 0.028125
0 0.8875 0.1671875 0.01328125 0.075