0 0.65 0.08046875 0.028125 0.0734375
0 0.5125 0.25 0.040625 0.04375
0 0.55234375 0.1359375 0.0265625 0.078125
0 0.578125 0.125 0.025 0.075
0 0.59921875 0.109375 0.025 0.06875
0 0.51875 0.5671875 0.0359375 0.040625
0 0.525 0.60078125 0.0359375 0.0453125
0 0.53203125 0.6390625 0.040625 0.04375
0 0.53671875 0.6734375 0.034375 0.04375
0 0.5453125 0.7125 0.03671875 0.04375
0 0.5546875 0.75234375 0.0390625 0.0484375
0 0.56015625 0.790625 0.0421875 0.046875
0 0.5671875 0.828125 0.03671875 0.04375
0 0.57578125 0.85859375 0.0421875 0.0453125
0 0.58515625 0.89765625 0.03671875 0.0484375
0 0.59921875 0.97421875 0.03515625 0.0484375
0 0.85234375 0.10703125 0.03984375 0.0453125
0 0.896875 0.23125 0.02734375 0.08125
0 0.8734375 0.24609375 0.02578125 0.0734375
0 0.85234375 0.2625 0.02734375 0.075