0 0.44140625 0.03984375 0.01640625 0.0703125
0 0.44140625 0.11640625 0.01875 0.0671875
3 0.434375 0.40078125 0.01953125 0.0828125
0 0.49140625 0.58359375 0.015625 0.0734375
0 0.43046875 0.5171875 0.0203125 0.078125
0 0.67578125 0.3734375 0.01796875 0.071875
0 0.69453125 0.3796875 0.01640625 0.06875
0 0.71484375 0.3828125 0.01953125 0.075
0 0.73515625 0.36953125 0.01875 0.0609375
0 0.75703125 0.3734375 0.01953125 0.071875
0 0.778125 0.36484375 0.0203125 0.0609375
0 0.83359375 0.46796875 0.0390625 0.0328125
0 0.82578125 0.61328125 0.040625 0.0328125
0 0.51953125 0.96484375 0.02109375 0.0671875
0 0.53984375 0.96875 0.01796875 0.059375
0 0.5625 0.9703125 0.0203125 0.05625
0 0.58671875 0.9703125 0.01875 0.05625
0 0.65234375 0.9734375 0.01640625 0.05
0 0.6078125 0.9671875 0.01640625 0.0625
0 0.628125 0.96953125 0.01640625 0.0578125
0 0.715625 0.97109375 0.01875 0.0546875
0 0.73671875 0.9734375 0.01796875 0.05
0 0.76015625 0.97265625 0.01640625 0.0515625
0 0.93828125 0.98046875 0.02109375 0.0359375
0 0.8 0.9734375 0.01875 0.05
0 0.82109375 0.9734375 0.01796875 0.05
0 0.84453125 0.978125 0.01640625 0.040625
0 0.86484375 0.98203125 0.01640625 0.0328125
0 0.88671875 0.97890625 0.01796875 0.0390625
0 0.90859375 0.98125 0.01796875 0.034375
0 0.29765625 0.96015625 0.021875 0.0765625
0 0.3203125 0.95859375 0.0203125 0.0734375
0 0.34296875 0.95859375 0.01953125 0.0796875
0 0.3875 0.9609375 0.01875 0.075
0 0.41015625 0.9609375 0.015625 0.075
0 0.43046875 0.965625 0.01796875 0.065625
0 0.45625 0.96328125 0.021875 0.0703125
0 0.36796875 0.96015625 0.01796875 0.0765625