0 0.0265625 0.734375 0.0421875 0.0375
0 0.1953125 0.5 0.04609375 0.028125
0 0.25 0.4953125 0.04296875 0.028125
0 0.3015625 0.5 0.0421875 0.034375
0 0.34765625 0.0828125 0.040625 0.0375
0 0.346875 0.1546875 0.0359375 0.0375
0 0.34765625 0.19921875 0.040625 0.0390625
0 0.34765625 0.23515625 0.0421875 0.0328125
0 0.35078125 0.29296875 0.04453125 0.0359375
0 0.44921875 0.14609375 0.015625 0.0734375
0 0.4734375 0.14375 0.015625 0.06875
0 0.49609375 0.153125 0.015625 0.075
0 0.5203125 0.14765625 0.01484375 0.0796875
3 0.43046875 0.35546875 0.02109375 0.0828125
2 0.41953125 0.14921875 0.02265625 0.1703125
0 0.740625 0.35625 0.01875 0.071875
2 0.16640625 0.95859375 0.0203125 0.0703125
0 0.96640625 0.796875 0.0234375 0.08125
0 0.990625 0.79765625 0.01640625 0.0828125
0 0.9046875 0.88671875 0.0421875 0.0296875