0 0.4015625 0.925 0.04140625 0.03125
0 0.4640625 0.83203125 0.0203125 0.0859375
0 0.48984375 0.8328125 0.01953125 0.084375
0 0.515625 0.83125 0.0203125 0.071875
0 0.56953125 0.83046875 0.02109375 0.0859375
0 0.51328125 0.0953125 0.0203125 0.075
0 0.6109375 0.36796875 0.01875 0.0703125
0 0.63671875 0.36640625 0.01953125 0.0765625
0 0.6765625 0.37109375 0.01875 0.0671875
0 0.72265625 0.3671875 0.01796875 0.08125
0 0.74609375 0.378125 0.01875 0.071875
0 0.78359375 0.4546875 0.03515625 0.028125
0 0.93984375 0.34765625 0.0484375 0.0359375
2 0.8015625 0.64453125 0.0953125 0.1140625
0 0.92890625 0.69375 0.0421875 0.03125
0 0.77265625 0.975 0.04140625 0.03125
0 0.240625 0.06640625 0.0234375 0.0734375