0 0.4578125 0.09453125 0.0234375 0.0609375
0 0.55625 0.3578125 0.0203125 0.08125
0 0.58046875 0.3578125 0.02109375 0.075
0 0.621875 0.3609375 0.01953125 0.075
0 0.66484375 0.359375 0.01796875 0.078125
0 0.6890625 0.365625 0.01875 0.06875
0 0.7265625 0.44375 0.0359375 0.03125
2 0.7640625 0.6109375 0.0984375 0.1
0 0.87109375 0.68125 0.0421875 0.0375
0 0.9703125 0.6796875 0.040625 0.03125
0 0.88359375 0.33671875 0.04609375 0.0359375
0 0.34453125 0.9171875 0.0421875 0.03125
0 0.4046875 0.821875 0.02109375 0.084375
0 0.43203125 0.821875 0.01796875 0.0875
0 0.459375 0.821875 0.01953125 0.078125
0 0.5125 0.82109375 0.02109375 0.0828125
0 0.71640625 0.965625 0.04453125 0.03125