0 0.05234375 0.034375 0.01875 0.06875
0 0.04921875 0.24375 0.01953125 0.0625
0 0.07109375 0.2375 0.01953125 0.06875
0 0.09453125 0.24609375 0.01875 0.0703125
0 0.1171875 0.234375 0.0140625 0.0625
3 0.02578125 0.44140625 0.02109375 0.0734375
2 0.1328125 0.05859375 0.03515625 0.0328125
2 0.015625 0.240625 0.03125 0.171875
0 0.621875 0.153125 0.021875 0.078125
0 0.721875 0.4296875 0.01953125 0.078125
0 0.7453125 0.42109375 0.015625 0.0765625
0 0.7875 0.4265625 0.01953125 0.071875
0 0.8296875 0.425 0.01875 0.078125
0 0.85234375 0.43359375 0.01953125 0.0703125
2 0.884375 0.7515625 0.08515625 0.13125
0 0.5125 0.98125 0.04296875 0.034375
0 0.57265625 0.88984375 0.02109375 0.0890625
0 0.60078125 0.89140625 0.01953125 0.0890625
0 0.62421875 0.890625 0.02109375 0.084375
0 0.6796875 0.88828125 0.02265625 0.0859375
0 0.890625 0.50859375 0.0375 0.0359375
0 0.3515625 0.31796875 0.02265625 0.0828125