0 0.675 0.0125 0.01640625 0.025
2 0.6453125 0.1921875 0.02734375 0.171875
3 0.65078125 0.39453125 0.02265625 0.0859375
0 0.56953125 0.1265625 0.04296875 0.034375
0 0.56796875 0.2 0.0359375 0.034375
0 0.5703125 0.23984375 0.0359375 0.0296875
0 0.5703125 0.27734375 0.0375 0.0296875
0 0.6703125 0.190625 0.01484375 0.071875
0 0.69375 0.1875 0.01953125 0.06875
0 0.71796875 0.19609375 0.01640625 0.0734375
0 0.73984375 0.19375 0.01875 0.075
0 0.57265625 0.3359375 0.0359375 0.03125
0 0.4171875 0.54140625 0.04375 0.0328125
0 0.471875 0.53671875 0.04453125 0.0390625
0 0.5234375 0.53984375 0.0390625 0.0359375
0 0.25234375 0.775 0.040625 0.03125
0 0.015625 0.2109375 0.03125 0.034375
0 0.015625 0.24921875 0.03046875 0.0328125
0 0.015625 0.2875 0.03046875 0.028125
0 0.0484375 0.04609375 0.01796875 0.0703125
0 0.05 0.12578125 0.015625 0.0671875
0 0.0390625 0.784375 0.03203125 0.03125
2 0.39609375 0.97734375 0.01875 0.0421875