0 0.34453125 0.68984375 0.025 0.0671875
0 0.42421875 0.64765625 0.0265625 0.0734375
0 0.3109375 0.82578125 0.0375 0.0453125
0 0.3234375 0.85859375 0.040625 0.0453125
0 0.33125 0.9 0.0359375 0.04375
0 0.34453125 0.93046875 0.0421875 0.0546875
0 0.35234375 0.9640625 0.04140625 0.046875
0 0.35703125 0.984375 0.040625 0.028125
0 0.5078125 0.01015625 0.0484375 0.0203125
0 0.5125 0.0328125 0.0421875 0.040625
0 0.5234375 0.06953125 0.0375 0.0484375
0 0.53203125 0.10546875 0.040625 0.0453125
0 0.55390625 0.1671875 0.02578125 0.078125
0 0.578125 0.32421875 0.0375 0.0421875
0 0.58984375 0.371875 0.0359375 0.040625
0 0.59453125 0.409375 0.040625 0.046875
0 0.60078125 0.4453125 0.03984375 0.04375
0 0.61015625 0.48203125 0.040625 0.0453125
0 0.6171875 0.51875 0.03671875 0.04375
0 0.625 0.5546875 0.0375 0.04375
0 0.63203125 0.58828125 0.04140625 0.0484375
0 0.64140625 0.621875 0.03984375 0.046875
0 0.6515625 0.65859375 0.04296875 0.0421875
0 0.6578125 0.69609375 0.03984375 0.0421875
0 0.6828125 0.80234375 0.0359375 0.0421875
0 0.68984375 0.84453125 0.03984375 0.0453125
0 0.696875 0.88125 0.04140625 0.05
0 0.70703125 0.915625 0.0375 0.04375
0 0.71796875 0.953125 0.0375 0.05
0 0.72109375 0.98203125 0.04140625 0.0328125