0 0.0625 0.83125 0.0203125 0.08125
0 0.0203125 0.8390625 0.0203125 0.075
0 0.1671875 0.06328125 0.015625 0.0703125
0 0.12734375 0.2234375 0.04609375 0.0375
0 0.1296875 0.26171875 0.03984375 0.0359375
0 0.1296875 0.303125 0.03984375 0.03125
0 0.36640625 0.78671875 0.040625 0.0296875
0 0.52578125 0.553125 0.040625 0.03125
0 0.58046875 0.54609375 0.0421875 0.0390625
0 0.63359375 0.54921875 0.03984375 0.0296875
0 0.690625 0.1421875 0.02265625 0.03125
0 0.68671875 0.2140625 0.021875 0.025
0 0.6890625 0.253125 0.0234375 0.028125
0 0.6890625 0.28984375 0.02578125 0.0328125
0 0.69140625 0.34609375 0.0234375 0.0265625
0 0.80546875 0.20234375 0.01875 0.0734375
0 0.82734375 0.209375 0.01640625 0.065625
0 0.85078125 0.20625 0.01640625 0.071875
0 0.78046875 0.20390625 0.01875 0.0703125
3 0.76328125 0.41015625 0.0203125 0.0796875
2 0.75625 0.20703125 0.02890625 0.1703125
2 0.87265625 0.02578125 0.03046875 0.0265625
0 0.784375 0.0171875 0.01796875 0.034375
0 0.80703125 0.01328125 0.015625 0.0265625
2 0.51171875 0.9828125 0.02109375 0.03125
0 0.16640625 0.13515625 0.01875 0.0734375