0 0.20859375 0.39609375 0.02734375 0.0703125
0 0.4625 0.015625 0.03984375 0.03125
0 0.47109375 0.04453125 0.0359375 0.0453125
0 0.4765625 0.08046875 0.03671875 0.0421875
0 0.4875 0.1171875 0.0390625 0.046875
0 0.49296875 0.14921875 0.04140625 0.0453125
0 0.50078125 0.184375 0.03671875 0.040625
0 0.509375 0.2203125 0.0390625 0.05
0 0.51484375 0.2546875 0.0359375 0.046875
0 0.5296875 0.32578125 0.0328125 0.0421875
0 0.56171875 0.4671875 0.040625 0.040625
0 0.56796875 0.50625 0.04140625 0.05
0 0.5734375 0.54765625 0.0390625 0.0484375
0 0.5828125 0.57890625 0.040625 0.0484375
0 0.59609375 0.61875 0.04296875 0.05
0 0.6171875 0.68125 0.02578125 0.078125
0 0.640625 0.8453125 0.0390625 0.046875
0 0.65234375 0.89140625 0.03671875 0.0421875
0 0.66015625 0.92890625 0.03671875 0.0484375
0 0.66796875 0.965625 0.0375 0.046875