0 0.46015625 0.0921875 0.03984375 0.04375
0 0.45859375 0.16796875 0.0390625 0.0328125
0 0.46015625 0.2078125 0.03984375 0.03125
0 0.459375 0.24296875 0.040625 0.0328125
0 0.46171875 0.3 0.040625 0.03125
2 0.5328125 0.1546875 0.02265625 0.178125
0 0.56171875 0.15390625 0.01953125 0.0734375
0 0.584375 0.15546875 0.01640625 0.0671875
0 0.60546875 0.159375 0.01796875 0.078125
0 0.6296875 0.15859375 0.01953125 0.0828125
3 0.540625 0.36015625 0.021875 0.0859375
0 0.4140625 0.5046875 0.0390625 0.034375
0 0.36171875 0.50625 0.04140625 0.03125
0 0.30546875 0.5078125 0.03984375 0.03125
2 0.28203125 0.96171875 0.02578125 0.0734375
0 0.14140625 0.7421875 0.0421875 0.034375
0 0.84921875 0.3625 0.01875 0.078125