0 0.73125 0.1734375 0.01953125 0.078125
0 0.8296875 0.44609375 0.0203125 0.0765625
0 0.85390625 0.440625 0.0203125 0.075
0 0.89375 0.44453125 0.0203125 0.0796875
0 0.93515625 0.44296875 0.02265625 0.0796875
0 0.96015625 0.45390625 0.0203125 0.0765625
0 0.6859375 0.9078125 0.021875 0.0875
0 0.71015625 0.9078125 0.01875 0.08125
0 0.7359375 0.9015625 0.021875 0.078125
0 0.790625 0.9046875 0.0234375 0.08125
2 0.9671875 0.7984375 0.0640625 0.146875
0 0.46328125 0.434375 0.01875 0.071875
0 0.16875 0.0484375 0.01796875 0.078125
0 0.1875 0.03828125 0.0140625 0.0546875
0 0.06171875 0.18984375 0.040625 0.0328125
0 0.05859375 0.265625 0.04140625 0.03125
0 0.0609375 0.30703125 0.04375 0.0296875
0 0.06171875 0.3421875 0.04609375 0.034375
0 0.0625 0.39921875 0.04765625 0.0328125
0 0.16171875 0.25703125 0.01796875 0.0734375
0 0.1859375 0.25078125 0.01640625 0.0671875
0 0.2109375 0.25859375 0.01875 0.0671875
0 0.2328125 0.25625 0.01796875 0.06875
2 0.12890625 0.259375 0.03359375 0.16875
3 0.14375 0.4609375 0.0203125 0.0875
2 0.25078125 0.0765625 0.03515625 0.028125
0 0.01875 0.609375 0.0375 0.034375