3 0.70234375 0.24375 0.02265625 0.08125
0 0.77109375 0.41875 0.01953125 0.071875
0 0.70625 0.359375 0.01796875 0.075
3 0.59296875 0.95859375 0.02578125 0.0796875
0 0.603125 0.8046875 0.01875 0.075
0 0.625 0.80234375 0.0203125 0.0828125
0 0.6484375 0.79921875 0.02109375 0.0734375
0 0.671875 0.79765625 0.01875 0.0734375
0 0.69140625 0.79609375 0.02109375 0.0796875
0 0.7140625 0.79453125 0.01796875 0.0765625
0 0.734375 0.7953125 0.01796875 0.071875
0 0.75859375 0.79296875 0.021875 0.0734375
0 0.95234375 0.78125 0.0203125 0.065625
0 0.82109375 0.78828125 0.021875 0.0765625
0 0.8421875 0.78984375 0.01796875 0.0671875
0 0.88828125 0.7859375 0.01796875 0.06875
0 0.8640625 0.79140625 0.02109375 0.0734375
0 0.90859375 0.77890625 0.01875 0.0796875
0 0.9296875 0.78125 0.01953125 0.071875
0 0.946875 0.18046875 0.02109375 0.0703125
0 0.96640625 0.18515625 0.01796875 0.0734375
0 0.9875 0.18046875 0.0203125 0.0796875