0 0.796875 0.34375 0.01796875 0.08125
0 0.575 0.15 0.01875 0.071875
0 0.50390625 0.14453125 0.01640625 0.0765625
0 0.52890625 0.13984375 0.01796875 0.0703125
0 0.55078125 0.1515625 0.015625 0.06875
3 0.48515625 0.35234375 0.02265625 0.0796875
2 0.4765625 0.1453125 0.028125 0.178125
0 0.40390625 0.08203125 0.04140625 0.0453125
0 0.40546875 0.2921875 0.0421875 0.025
0 0.40625 0.2296875 0.04140625 0.034375
0 0.403125 0.15859375 0.03671875 0.0328125
0 0.4046875 0.196875 0.0421875 0.034375
0 0.359375 0.49375 0.04140625 0.034375
0 0.24765625 0.49765625 0.04296875 0.0265625
0 0.30546875 0.49453125 0.040625 0.0359375
0 0.08359375 0.72890625 0.0421875 0.0328125
2 0.2265625 0.959375 0.02578125 0.078125
0 0.9609375 0.8859375 0.04375 0.03125