0 0.18125 0.61796875 0.02734375 0.0734375
0 0.42890625 0.159375 0.0390625 0.040625
0 0.4359375 0.190625 0.0359375 0.040625
0 0.44140625 0.22890625 0.0375 0.0421875
0 0.446875 0.26484375 0.0328125 0.0390625
0 0.45546875 0.30234375 0.0375 0.0421875
0 0.465625 0.33828125 0.0375 0.0453125
0 0.4703125 0.37421875 0.040625 0.0453125
0 0.47734375 0.4078125 0.03515625 0.040625
0 0.4859375 0.44296875 0.03984375 0.0484375
0 0.49453125 0.47578125 0.03671875 0.0421875
0 0.5078125 0.54921875 0.03359375 0.0421875
0 0.59296875 0.91171875 0.0234375 0.0765625
0 0.5390625 0.69296875 0.0421875 0.0453125
0 0.546875 0.7296875 0.04140625 0.046875
0 0.55078125 0.77109375 0.04140625 0.0484375
0 0.5625 0.809375 0.04140625 0.05
0 0.571875 0.84921875 0.04296875 0.0578125