0 0.00703125 0.0609375 0.0140625 0.075
0 0.1390625 0.365625 0.0375 0.0375
0 0.0953125 0.3546875 0.0375 0.0375
0 0.0484375 0.33203125 0.0375 0.0453125
0 0.403125 0.35078125 0.04140625 0.0390625
0 0.35546875 0.44375 0.040625 0.0375
3 0.2921875 0.42265625 0.04296875 0.0421875
0 0.64765625 0.01640625 0.04140625 0.0328125
0 0.63515625 0.12578125 0.0390625 0.0328125
0 0.62890625 0.1640625 0.04140625 0.04375
0 0.62421875 0.20234375 0.04296875 0.0328125
0 0.62265625 0.23828125 0.03515625 0.0359375
0 0.62109375 0.28203125 0.04140625 0.0390625
0 0.6140625 0.31640625 0.0390625 0.0390625
0 0.61015625 0.35546875 0.03984375 0.0421875
0 0.59453125 0.46328125 0.0421875 0.0421875
0 0.5921875 0.50703125 0.0375 0.0359375
0 0.58828125 0.540625 0.03984375 0.034375
0 0.58125 0.57890625 0.040625 0.0359375
0 0.57890625 0.6140625 0.0421875 0.0375
0 0.578125 0.653125 0.0421875 0.040625
0 0.57265625 0.69296875 0.040625 0.0390625
0 0.56953125 0.73046875 0.0375 0.0359375
3 0.68125 0.7765625 0.04375 0.059375
3 0.9125 0.8421875 0.0484375 0.040625