0 0.265625 0.17578125 0.040625 0.0359375
0 0.2671875 0.25390625 0.0375 0.0234375
0 0.2671875 0.21484375 0.0375 0.0296875
0 0.30390625 0.02578125 0.01875 0.0515625
0 0.30546875 0.09453125 0.01875 0.0734375
0 0.0890625 0.5265625 0.0390625 0.03125
0 0.25234375 0.65234375 0.04453125 0.0328125
0 0.20859375 0.7015625 0.04296875 0.03125
0 0.16484375 0.78203125 0.01953125 0.0765625
0 0.20703125 0.77890625 0.021875 0.0796875
0 0.01875 0.79765625 0.025 0.0765625
0 0.5015625 0.73046875 0.040625 0.0328125
0 0.65859375 0.496875 0.0421875 0.034375
0 0.7140625 0.4953125 0.04296875 0.034375
0 0.76640625 0.49609375 0.040625 0.0296875
2 0.6484375 0.95546875 0.021875 0.0734375
3 0.89375 0.35234375 0.02265625 0.0828125
2 0.890625 0.1515625 0.034375 0.16875
0 0.9359375 0.14453125 0.0203125 0.0734375
0 0.96015625 0.15390625 0.02109375 0.0734375
0 0.984375 0.14921875 0.01875 0.0671875
0 0.9171875 0.1484375 0.0140625 0.078125