0 0.359375 0.1578125 0.01875 0.06875
0 0.4203125 0.15234375 0.01640625 0.0609375
0 0.44296875 0.159375 0.015625 0.075
0 0.4640625 0.14765625 0.01953125 0.0703125
0 0.39921875 0.16171875 0.01640625 0.0765625
0 0.378125 0.1640625 0.01640625 0.06875
0 0.5203125 0.25234375 0.03203125 0.0328125
0 0.51171875 0.39609375 0.040625 0.0296875
3 0.1125 0.190625 0.0203125 0.08125
0 0.1125 0.30625 0.01875 0.075
0 0.171875 0.38359375 0.0140625 0.0578125
0 0.01328125 0.7515625 0.02109375 0.075
0 0.0359375 0.75 0.02109375 0.075
0 0.0578125 0.753125 0.021875 0.078125
0 0.08125 0.75234375 0.0203125 0.0765625
0 0.125 0.7578125 0.02109375 0.071875
0 0.1015625 0.75625 0.01640625 0.071875
0 0.19296875 0.76015625 0.01953125 0.0765625
0 0.215625 0.76484375 0.01875 0.0640625
0 0.23828125 0.76875 0.01875 0.071875
0 0.2625 0.76484375 0.01875 0.0671875
0 0.28359375 0.759375 0.01484375 0.071875
0 0.30625 0.76640625 0.01796875 0.0703125
0 0.328125 0.76796875 0.01875 0.0640625
0 0.39609375 0.7671875 0.01796875 0.071875
0 0.4171875 0.7734375 0.01484375 0.075
0 0.44140625 0.771875 0.01796875 0.071875
0 0.4609375 0.77265625 0.01640625 0.0734375
0 0.48359375 0.7734375 0.015625 0.06875
0 0.5046875 0.77421875 0.01484375 0.0703125
0 0.52734375 0.77734375 0.01875 0.0703125
0 0.55 0.77890625 0.01796875 0.0703125
0 0.571875 0.7796875 0.015625 0.071875
0 0.59296875 0.78203125 0.01640625 0.0703125
0 0.62265625 0.78125 0.01796875 0.078125
0 0.7140625 0.8015625 0.04375 0.03125
0 0.75390625 0.79375 0.01640625 0.078125
0 0.778125 0.7921875 0.01796875 0.071875
0 0.80078125 0.7890625 0.01640625 0.075
0 0.8234375 0.79296875 0.015625 0.0703125
0 0.84453125 0.796875 0.01796875 0.075
0 0.928125 0.7921875 0.01640625 0.071875
0 0.97265625 0.803125 0.021875 0.065625
0 0.9921875 0.80546875 0.01328125 0.0671875
3 0.1234375 0.83203125 0.0484375 0.0453125