3 0.56875 0.1390625 0.02890625 0.08125
0 0.59609375 0.2390625 0.0234375 0.06875
0 0.6671875 0.2515625 0.0265625 0.06875
3 0.6453125 0.90078125 0.0390625 0.0640625
0 0.603125 0.72578125 0.02734375 0.0703125
0 0.621875 0.70390625 0.02734375 0.0703125
0 0.6421875 0.6828125 0.02734375 0.06875
0 0.74140625 0.5984375 0.028125 0.075
0 0.7203125 0.61796875 0.0265625 0.0671875
0 0.70078125 0.63203125 0.02890625 0.0734375
0 0.68125 0.65 0.03046875 0.071875
0 0.6609375 0.66484375 0.02734375 0.0703125
0 0.79765625 0.54921875 0.02578125 0.0734375
0 0.81796875 0.53671875 0.025 0.0671875
0 0.83671875 0.5203125 0.02734375 0.06875
0 0.8578125 0.49765625 0.0265625 0.0609375
0 0.875 0.475 0.02734375 0.071875
0 0.89609375 0.46171875 0.02578125 0.0703125
0 0.915625 0.44609375 0.02734375 0.0609375
0 0.97421875 0.38984375 0.02734375 0.0671875
0 0.98984375 0.3796875 0.01875 0.071875