0 0.26640625 0.75 0.0390625 0.04375
0 0.2796875 0.78359375 0.040625 0.0484375
0 0.2859375 0.8234375 0.0359375 0.046875
0 0.3 0.853125 0.04609375 0.05
0 0.30859375 0.88671875 0.0421875 0.0484375
0 0.3125 0.9203125 0.0375 0.046875
0 0.29921875 0.61328125 0.025 0.0640625
0 0.38046875 0.571875 0.02734375 0.075
0 0.4796875 0.01015625 0.03984375 0.0203125
0 0.4890625 0.03515625 0.0421875 0.0546875
0 0.51015625 0.096875 0.028125 0.075
0 0.534375 0.2515625 0.03984375 0.046875
0 0.54453125 0.29765625 0.0359375 0.0421875
0 0.55078125 0.33515625 0.0375 0.0453125
0 0.5578125 0.3703125 0.034375 0.04375
0 0.56640625 0.40859375 0.0390625 0.0453125
0 0.57265625 0.44296875 0.0375 0.0390625
0 0.58125 0.48125 0.0390625 0.040625
0 0.58828125 0.5140625 0.03984375 0.046875
0 0.596875 0.546875 0.03671875 0.040625
0 0.60546875 0.584375 0.0390625 0.04375
0 0.6125 0.6203125 0.0375 0.04375
0 0.6375 0.73046875 0.0375 0.0390625
0 0.64375 0.76953125 0.0421875 0.0453125
0 0.65078125 0.80625 0.03984375 0.04375
0 0.66015625 0.83671875 0.034375 0.0421875
0 0.671875 0.87734375 0.0390625 0.0484375
0 0.67734375 0.9140625 0.034375 0.05
0 0.68515625 0.9515625 0.040625 0.05
0 0.15 0.9375 0.0359375 0.046875