3 0.86640625 0.63671875 0.0890625 0.0484375
0 0.721875 0.55703125 0.04140625 0.0265625
2 0.30859375 0.71796875 0.04375 0.0359375
0 0.15859375 0.8015625 0.0421875 0.040625
0 0.0265625 0.91328125 0.0234375 0.0796875
0 0.26796875 0.28125 0.01640625 0.06875
0 0.31484375 0.284375 0.01796875 0.071875
0 0.01953125 0.09296875 0.02109375 0.0734375
0 0.89921875 0.5328125 0.01640625 0.06875
0 0.91640625 0.534375 0.015625 0.06875
0 0.959375 0.534375 0.01875 0.065625
0 0.98359375 0.52890625 0.01875 0.0546875