0 0.328125 0.02265625 0.01953125 0.0453125
0 0.328125 0.0875 0.01640625 0.071875
3 0.31953125 0.3703125 0.021875 0.075
0 0.31640625 0.48828125 0.0203125 0.0734375
0 0.378125 0.55546875 0.01796875 0.0734375
0 0.178125 0.93203125 0.01875 0.0734375
0 0.20078125 0.93203125 0.01953125 0.0796875
0 0.22578125 0.93203125 0.01640625 0.0734375
0 0.24921875 0.9328125 0.01796875 0.071875
0 0.26953125 0.934375 0.01875 0.075
0 0.3125 0.93828125 0.01640625 0.0703125
0 0.3375 0.9390625 0.01953125 0.078125
0 0.2921875 0.93515625 0.0203125 0.0765625
0 0.403125 0.9421875 0.01796875 0.075
0 0.42421875 0.94765625 0.01796875 0.0609375
0 0.46875 0.9484375 0.01796875 0.0625
0 0.4453125 0.9515625 0.015625 0.071875
0 0.490625 0.94453125 0.01484375 0.0734375
0 0.5125 0.9484375 0.01875 0.071875
0 0.534375 0.95390625 0.01640625 0.0640625
0 0.60078125 0.953125 0.01796875 0.071875
0 0.6234375 0.9578125 0.01640625 0.078125
0 0.6453125 0.9578125 0.01640625 0.065625
0 0.66640625 0.959375 0.01953125 0.075
0 0.6875 0.9578125 0.01796875 0.071875
0 0.709375 0.9578125 0.01640625 0.071875
0 0.75234375 0.9625 0.01640625 0.06875
0 0.73046875 0.96015625 0.0203125 0.0671875
0 0.7734375 0.9625 0.01953125 0.071875
0 0.79453125 0.9625 0.0203125 0.071875
0 0.82421875 0.9640625 0.01796875 0.06875
0 0.91484375 0.98515625 0.04921875 0.0265625
0 0.95546875 0.96640625 0.01953125 0.0640625
0 0.9796875 0.96796875 0.0203125 0.0609375
0 0.56171875 0.3453125 0.0203125 0.071875
0 0.58125 0.35078125 0.01796875 0.0734375
0 0.6015625 0.3484375 0.015625 0.075
0 0.62109375 0.33828125 0.01796875 0.0609375
0 0.64375 0.3453125 0.021875 0.075
0 0.66640625 0.3328125 0.01953125 0.065625
0 0.7234375 0.4359375 0.034375 0.03125
0 0.7125 0.5828125 0.04140625 0.034375
0 0.61640625 0.08828125 0.01796875 0.0671875