0 0.52109375 0.040625 0.02578125 0.08125
0 0.54765625 0.03203125 0.0265625 0.0640625
0 0.571875 0.02265625 0.021875 0.0453125
0 0.62109375 0.01015625 0.025 0.0203125
0 0.48359375 0.153125 0.03984375 0.046875
0 0.82109375 0.16171875 0.02734375 0.0734375
0 0.81953125 0.0171875 0.0390625 0.034375
0 0.865625 0.1296875 0.02890625 0.071875
0 0.84375 0.14453125 0.0265625 0.0671875
0 0.4875 0.4671875 0.040625 0.040625
0 0.4953125 0.503125 0.0390625 0.04375
0 0.5 0.53984375 0.03984375 0.0484375
0 0.5078125 0.575 0.03359375 0.0375
0 0.51328125 0.61328125 0.0390625 0.0453125
0 0.52421875 0.6484375 0.0390625 0.04375
0 0.52890625 0.68359375 0.04453125 0.0453125
0 0.5390625 0.72265625 0.0359375 0.0421875
0 0.54453125 0.7546875 0.040625 0.04375
0 0.5515625 0.79296875 0.03984375 0.0421875
0 0.56640625 0.86796875 0.03515625 0.0421875
0 0.2359375 0.94140625 0.0234375 0.0734375