3 0.58515625 0.959375 0.0390625 0.078125
0 0.6 0.83828125 0.02109375 0.0765625
0 0.75234375 0.846875 0.021875 0.075
0 0.73203125 0.84375 0.01953125 0.075
0 0.709375 0.84140625 0.0203125 0.0765625
0 0.6859375 0.83671875 0.02109375 0.0765625
0 0.665625 0.8390625 0.01796875 0.071875
0 0.64453125 0.8359375 0.01953125 0.078125
0 0.6203125 0.83671875 0.0203125 0.0734375
3 0.72109375 0.28984375 0.0203125 0.0828125
0 0.7203125 0.40390625 0.01796875 0.0796875
0 0.78046875 0.4734375 0.01796875 0.075
0 0.96640625 0.259375 0.01796875 0.071875
0 0.98671875 0.2640625 0.01640625 0.075
0 0.8171875 0.85 0.01796875 0.078125
0 0.94921875 0.86015625 0.01796875 0.0703125
0 0.925 0.8546875 0.02109375 0.071875
0 0.90390625 0.8515625 0.01640625 0.071875
0 0.8828125 0.853125 0.015625 0.065625
0 0.86015625 0.85546875 0.01796875 0.0734375
0 0.83984375 0.85390625 0.0203125 0.0640625
0 0.7296875 0.01484375 0.01640625 0.0296875