0 0.384375 0.03203125 0.01796875 0.0640625
0 0.38515625 0.10625 0.0203125 0.071875
3 0.37578125 0.390625 0.0203125 0.075
0 0.37265625 0.5078125 0.02109375 0.08125
0 0.43203125 0.57890625 0.01875 0.0734375
0 0.61796875 0.3671875 0.01796875 0.075
0 0.6375 0.3703125 0.015625 0.071875
0 0.6578125 0.37109375 0.01640625 0.0765625
0 0.67734375 0.35859375 0.015625 0.0609375
0 0.7015625 0.36328125 0.015625 0.0765625
0 0.72265625 0.35390625 0.01796875 0.0671875
0 0.6703125 0.11171875 0.01875 0.0703125
0 0.778125 0.4578125 0.0359375 0.0375
0 0.76875 0.60703125 0.0421875 0.0328125
0 0.2375 0.953125 0.01953125 0.071875
0 0.259375 0.95078125 0.01875 0.0734375
0 0.2828125 0.95078125 0.01796875 0.0765625
0 0.30625 0.95078125 0.01953125 0.0734375
0 0.328125 0.95078125 0.01875 0.0765625
0 0.35078125 0.9546875 0.0203125 0.075
0 0.3703125 0.95703125 0.01796875 0.0671875
0 0.39609375 0.95625 0.01953125 0.078125
0 0.46015625 0.96171875 0.01875 0.0734375
0 0.48125 0.965625 0.01875 0.065625
0 0.50234375 0.96640625 0.01953125 0.0640625
0 0.5265625 0.9671875 0.01796875 0.0625
0 0.5484375 0.9609375 0.01640625 0.06875
0 0.56953125 0.96484375 0.01953125 0.0640625
0 0.59140625 0.96796875 0.0203125 0.0609375
0 0.65703125 0.96640625 0.01796875 0.0640625
0 0.68046875 0.96796875 0.01796875 0.0609375
0 0.70234375 0.96875 0.01875 0.059375
0 0.88359375 0.975 0.0140625 0.046875
0 0.74453125 0.9703125 0.01640625 0.05625
0 0.765625 0.96875 0.01484375 0.059375
0 0.7875 0.97109375 0.01640625 0.0546875
0 0.80859375 0.97109375 0.01875 0.0546875
0 0.8296875 0.96953125 0.01875 0.0578125
0 0.85390625 0.97421875 0.01796875 0.0484375