0 0.26875 0.28203125 0.01953125 0.0734375
0 0.315625 0.2859375 0.01875 0.075
2 0.2625 0.715625 0.04453125 0.034375
0 0.159375 0.8015625 0.04296875 0.040625
0 0.025 0.909375 0.015625 0.071875
0 0.0203125 0.08984375 0.0203125 0.0703125
0 0.7203125 0.5546875 0.0421875 0.028125
3 0.95703125 0.63828125 0.08359375 0.0453125
0 0.89921875 0.53203125 0.01328125 0.0609375
0 0.915625 0.5359375 0.015625 0.065625
0 0.93828125 0.5359375 0.01953125 0.06875
0 0.959375 0.534375 0.02109375 0.06875
0 0.98125 0.52890625 0.0203125 0.0578125