0 0.43125 0.04921875 0.0390625 0.0421875
0 0.43828125 0.084375 0.0375 0.04375
0 0.44375 0.11953125 0.0375 0.0421875
0 0.45 0.15546875 0.0359375 0.0390625
0 0.4578125 0.19296875 0.03984375 0.0421875
0 0.46796875 0.23046875 0.0390625 0.0453125
0 0.4734375 0.26640625 0.0375 0.0421875
0 0.4796875 0.3 0.0359375 0.040625
0 0.48828125 0.334375 0.0390625 0.040625
0 0.49609375 0.365625 0.03515625 0.04375
0 0.5109375 0.4421875 0.034375 0.04375
0 0.54296875 0.5828125 0.040625 0.046875
0 0.5484375 0.61953125 0.040625 0.0484375
0 0.5546875 0.6609375 0.04140625 0.05
0 0.56484375 0.69296875 0.0375 0.0453125
0 0.575 0.7359375 0.0421875 0.05
0 0.59609375 0.79765625 0.0265625 0.0796875
0 0.6234375 0.96171875 0.03984375 0.0546875
0 0.1875 0.509375 0.025 0.071875