0 0.89140625 0.184375 0.03984375 0.028125
0 0.23984375 0.0921875 0.01640625 0.071875
0 0.26015625 0.1015625 0.01640625 0.075
0 0.32421875 0.09140625 0.01640625 0.0734375
0 0.34609375 0.0828125 0.01875 0.06875
0 0.30234375 0.0875 0.01796875 0.059375
0 0.28125 0.09765625 0.01640625 0.0765625
0 0.4015625 0.1859375 0.03359375 0.03125
0 0.39375 0.3328125 0.0421875 0.03125
0 0.00625 0.6921875 0.0125 0.075
0 0.06640625 0.69375 0.021875 0.078125
0 0.08984375 0.703125 0.01953125 0.065625
0 0.11328125 0.70390625 0.0203125 0.0765625
0 0.1375 0.70078125 0.01875 0.0671875
0 0.159375 0.6984375 0.015625 0.078125
0 0.18203125 0.7015625 0.02109375 0.075
0 0.20703125 0.7078125 0.01953125 0.06875
0 0.2734375 0.70625 0.01953125 0.06875
0 0.29453125 0.7109375 0.01640625 0.075
0 0.31953125 0.71015625 0.015625 0.0734375
0 0.340625 0.7140625 0.01953125 0.078125
0 0.36171875 0.709375 0.01640625 0.075
0 0.38515625 0.7109375 0.01796875 0.075
0 0.40703125 0.71171875 0.01796875 0.0671875
0 0.43046875 0.71796875 0.015625 0.0671875
0 0.453125 0.7171875 0.015625 0.075
0 0.47421875 0.71640625 0.015625 0.0734375
0 0.50390625 0.71796875 0.01640625 0.0734375
0 0.59609375 0.73828125 0.04375 0.0296875
0 0.63671875 0.7296875 0.01796875 0.078125
0 0.66171875 0.72890625 0.01640625 0.0734375
0 0.68359375 0.72734375 0.015625 0.0796875
0 0.70546875 0.7296875 0.01640625 0.078125
0 0.7265625 0.73515625 0.01953125 0.0765625
0 0.81171875 0.73125 0.0203125 0.065625
0 0.85546875 0.73828125 0.01875 0.0703125
0 0.87734375 0.74140625 0.01640625 0.0703125
0 0.89765625 0.740625 0.01953125 0.071875
0 0.91875 0.740625 0.01875 0.071875
0 0.9390625 0.7453125 0.0203125 0.071875
0 0.96015625 0.7421875 0.0203125 0.071875
0 0.98203125 0.74375 0.01953125 0.0625
3 0.03046875 0.76796875 0.05078125 0.0390625