0 0.34375 0.69609375 0.0203125 0.0734375
0 0.32890625 0.85546875 0.028125 0.0765625
0 0.29453125 0.84609375 0.025 0.0859375
0 0.36171875 0.79609375 0.0203125 0.0671875
0 0.2890625 0.14375 0.04609375 0.05625
0 0.3515625 0.08671875 0.0203125 0.0796875
0 0.325 0.0171875 0.0203125 0.034375
2 0.71484375 0.36640625 0.0953125 0.0640625
3 0.5125 0.32265625 0.05625 0.0515625
2 0.8171875 0.55625 0.09609375 0.059375
0 0.92734375 0.63671875 0.046875 0.0390625
0 0.3078125 0.9796875 0.02265625 0.0375
2 0.134375 0.35859375 0.06484375 0.0546875