2 0.06640625 0.33984375 0.06953125 0.0578125
2 0.62109375 0.50390625 0.10078125 0.0671875
3 0.51484375 0.32578125 0.05390625 0.0453125
0 0.3578125 0.02265625 0.0203125 0.0453125
0 0.32578125 0.01484375 0.01875 0.0296875
0 0.28828125 0.14453125 0.0390625 0.0578125
0 0.340625 0.74140625 0.0203125 0.0765625
0 0.3046875 0.6421875 0.0296875 0.090625
0 0.32578125 0.88125 0.025 0.075
0 0.36171875 0.796875 0.0203125 0.065625
0 0.31015625 0.9796875 0.02109375 0.0375
0 0.75390625 0.58828125 0.04140625 0.0390625