2 0.1015625 0.346875 0.07109375 0.05
0 0.3546875 0.04375 0.01875 0.08125
0 0.2890625 0.13984375 0.04296875 0.0609375
0 0.3265625 0.015625 0.0203125 0.03125
0 0.83984375 0.615625 0.03984375 0.0375
0 0.30546875 0.73515625 0.0234375 0.0890625
0 0.3421875 0.7265625 0.025 0.078125
0 0.32734375 0.8671875 0.02734375 0.078125
0 0.309375 0.978125 0.021875 0.040625
3 0.5140625 0.321875 0.0515625 0.04375
2 0.76328125 0.37890625 0.0984375 0.0671875
2 0.71796875 0.528125 0.096875 0.065625
0 0.3625 0.79375 0.02109375 0.071875