3 0.1171875 0.5796875 0.06015625 0.053125
3 0.3 0.4625 0.090625 0.046875
3 0.26328125 0.5203125 0.046875 0.046875
3 0.4171875 0.60078125 0.053125 0.0421875
3 0.27109375 0.03828125 0.021875 0.0765625
0 0.27578125 0.16796875 0.01953125 0.0859375
0 0.25078125 0.32890625 0.03984375 0.0671875
0 0.2703125 0.71328125 0.03515625 0.0640625
0 0.36953125 0.9640625 0.01328125 0.06875
0 0.05546875 0.19921875 0.040625 0.0296875
2 0.19453125 0.63828125 0.0609375 0.0484375
5 0.42421875 0.50859375 0.0765625 0.0515625