3 0.13515625 0.10859375 0.0546875 0.0671875
0 0.15078125 0.13984375 0.05078125 0.0578125
0 0.19296875 0.278125 0.03515625 0.046875
2 0.2046875 0.35 0.05390625 0.0625
0 0.2171875 0.3859375 0.04921875 0.065625
0 0.228125 0.41875 0.04375 0.053125
0 0.23515625 0.45390625 0.03359375 0.0453125
0 0.25234375 0.48203125 0.0421875 0.0546875
0 0.2546875 0.52265625 0.04296875 0.0515625
6 0.2671875 0.55546875 0.06171875 0.0765625
6 0.29140625 0.62578125 0.05546875 0.0765625
0 0.36015625 0.2265625 0.0375 0.053125
0 0.31953125 0.26875 0.03515625 0.053125
0 0.3296875 0.3078125 0.0375 0.05
0 0.346875 0.328125 0.0390625 0.05
0 0.3484375 0.371875 0.0328125 0.046875
0 0.36484375 0.40078125 0.0375 0.0546875
0 0.371875 0.4359375 0.03671875 0.053125
0 0.39296875 0.32578125 0.0390625 0.0515625
0 0.40546875 0.35546875 0.03671875 0.0484375
0 0.41015625 0.39453125 0.03984375 0.0546875
0 0.38359375 0.2890625 0.03671875 0.053125
0 0.3015625 0.02890625 0.034375 0.0484375
0 0.259375 0.06640625 0.03515625 0.0515625
0 0.27109375 0.1 0.0359375 0.053125
3 0.278125 0.13203125 0.04453125 0.0546875
0 0.28828125 0.1671875 0.03984375 0.053125
0 0.2984375 0.20078125 0.0375 0.0484375
0 0.30859375 0.2328125 0.0421875 0.053125
0 0.31875 0.08984375 0.03359375 0.0484375
0 0.39921875 0.01796875 0.0359375 0.0359375
0 0.42265625 0.07421875 0.0390625 0.0515625
0 0.43203125 0.10859375 0.040625 0.0546875
0 0.44140625 0.14609375 0.040625 0.0578125
0 0.475 0.2375 0.03671875 0.046875
0 0.48046875 0.27421875 0.04375 0.0578125
0 0.50390625 0.3390625 0.040625 0.053125
0 0.521875 0.40703125 0.0375 0.0546875
0 0.5671875 0.36171875 0.03515625 0.0484375
0 0.54296875 0.29375 0.040625 0.053125
0 0.53359375 0.2609375 0.03984375 0.059375
0 0.515625 0.19140625 0.0375 0.0546875
0 0.50546875 0.159375 0.03671875 0.053125
0 0.49609375 0.12890625 0.0328125 0.0484375
0 0.48671875 0.09921875 0.04296875 0.0609375
0 0.47421875 0.0578125 0.0359375 0.05
0 0.5671875 0.02109375 0.0359375 0.0421875
0 0.57734375 0.04453125 0.0328125 0.0484375
0 0.58828125 0.08125 0.03984375 0.05625
0 0.59609375 0.115625 0.03671875 0.05
0 0.609375 0.146875 0.040625 0.05625
0 0.61875 0.178125 0.0375 0.05625
0 0.63046875 0.21328125 0.03984375 0.0546875
0 0.63984375 0.2484375 0.0375 0.05625
0 0.65 0.27890625 0.0390625 0.0546875
0 0.65859375 0.08046875 0.02734375 0.0640625
0 0.75078125 0.23203125 0.0375 0.0578125
0 0.76171875 0.26328125 0.04140625 0.0515625
0 0.7703125 0.296875 0.03671875 0.046875
0 0.7828125 0.34296875 0.03671875 0.0453125
0 0.67578125 0.346875 0.03046875 0.046875
0 0.6859375 0.3859375 0.03515625 0.05
0 0.69921875 0.41484375 0.0421875 0.0515625
0 0.7203125 0.4859375 0.03671875 0.05
0 0.728125 0.5171875 0.03984375 0.05
0 0.73828125 0.55390625 0.04296875 0.0484375
0 0.66953125 0.66015625 0.03671875 0.0484375
0 0.67890625 0.69765625 0.03984375 0.0546875
0 0.7 0.765625 0.04296875 0.05
0 0.659375 0.81015625 0.03515625 0.0484375
0 0.6125 0.67421875 0.04140625 0.0546875
0 0.49140625 0.6203125 0.03984375 0.05
0 0.50625 0.64765625 0.034375 0.0484375
0 0.5125 0.6875 0.0375 0.05
0 0.5234375 0.71875 0.0359375 0.04375
0 0.5359375 0.7578125 0.03359375 0.05625
2 0.4078125 0.8421875 0.04453125 0.05625
2 0.41796875 0.875 0.0359375 0.0625
0 0.4296875 0.903125 0.0359375 0.05
0 0.4359375 0.93828125 0.03671875 0.0578125
0 0.48125 0.89765625 0.0359375 0.0484375
0 0.4625 0.82265625 0.0359375 0.0578125
0 0.44140625 0.75390625 0.0375 0.0578125
0 0.58984375 0.9234375 0.03984375 0.053125
0 0.71484375 0.96875 0.034375 0.0375
0 0.74375 0.89921875 0.03359375 0.0515625
0 0.725 0.83125 0.03671875 0.053125
0 0.73359375 0.86484375 0.03984375 0.0640625
0 0.98046875 0.196875 0.03515625 0.071875
0 0.990625 0.3515625 0.01640625 0.06875
0 0.871875 0.2484375 0.03359375 0.04375
0 0.8828125 0.353125 0.03984375 0.03125
0 0.87734375 0.2953125 0.03984375 0.05625
0 0.8171875 0.58671875 0.0328125 0.0671875
0 0.75703125 0.6234375 0.0390625 0.053125
0 0.775 0.65234375 0.03671875 0.0546875
0 0.78515625 0.68203125 0.034375 0.0515625
0 0.803125 0.74921875 0.03984375 0.0578125
0 0.84140625 0.84296875 0.03671875 0.0578125
0 0.921875 0.95703125 0.034375 0.0734375
0 0.9046875 0.9734375 0.03203125 0.05
0 0.8828125 0.98359375 0.02265625 0.0296875
0 0.9078125 0.8453125 0.03359375 0.075
0 0.87265625 0.734375 0.03046875 0.075
0 0.8421875 0.6453125 0.02578125 0.065625